"hscode_id","query_name","base_nomenclature","classification","reporter","reporter_code","year","subid","tl","tls","tldesc","product","product_description","hs4","hs4desc","hs6","hs6desc","level","tl_level_flag","record_status","group_nm","d_in","i_ts","u_ts","d_ts","import_duties","export_duties","local_duties","export_policies","import_policies","local_policies"
"1","","HS 2007","Harmonized System 2007","Gabon","266'","2019","1","01011000'","  "," - Reproducteurs de race pure","01'","Live animals","0101'","Live horses, asses, mules and hinnies.","010110'"," - Pure-bred breeding animals","8","1","R","0","0","","","","0","0","0","0","0","0"
"2","","HS 2007","Harmonized System 2007","Gabon","266'","2019","1","01019000'","  "," - Autres","01'","Live animals","0101'","Live horses, asses, mules and hinnies.","010190'"," - Other","8","1","R","0","0","","","","0","0","0","0","0","0"
"3","","HS 2007","Harmonized System 2007","Gabon","266'","2019","1","01021010'","  "," Taureaux reproducteurs de race pure","01'","Live animals","0102'","Live bovine animals.","010210'"," - Pure-bred breeding animals","8","1","R","0","0","","","","0","0","0","0","0","0"
"4","","HS 2007","Harmonized System 2007","Gabon","266'","2019","1","01021020'","  "," Vaches reproductrices de race pure","01'","Live animals","0102'","Live bovine animals.","010210'"," - Pure-bred breeding animals","8","1","R","0","0","","","","0","0","0","0","0","0"
"5","","HS 2007","Harmonized System 2007","Gabon","266'","2019","1","01021090'","  "," Bovins reproducteurs de race pure autres que taureaux","01'","Live animals","0102'","Live bovine animals.","010210'"," - Pure-bred breeding animals","8","1","R","0","0","","","","0","0","0","0","0","0"
"6","","HS 2007","Harmonized System 2007","Gabon","266'","2019","1","01029010'","  "," taureaux non reproducteurs de race pure .","01'","Live animals","0102'","Live bovine animals.","010290'"," - Other","8","1","R","0","0","","","","0","0","0","0","0","0"
"7","","HS 2007","Harmonized System 2007","Gabon","266'","2019","1","01029090'","  "," bovins, autres que taureaux, non reproducteurs de race pure .","01'","Live animals","0102'","Live bovine animals.","010290'"," - Other","8","1","R","0","0","","","","0","0","0","0","0","0"
"8","","HS 2007","Harmonized System 2007","Gabon","266'","2019","1","01031000'","  "," - Reproducteurs de race pure","01'","Live animals","0103'","Live swine.","010310'"," - Pure-bred breeding animals","8","1","R","0","0","","","","0","0","0","0","0","0"
"9","","HS 2007","Harmonized System 2007","Gabon","266'","2019","1","01039100'","  "," -- D'un poids inf?rieur ? 50 kg","01'","Live animals","0103'","Live swine.","010391'"," -- Weighing less than 50 kg","8","1","R","0","0","","","","0","0","0","0","0","0"
"10","","HS 2007","Harmonized System 2007","Gabon","266'","2019","1","01039200'","  "," -- D'un poids ?gal ou sup?rieur ? 50 kg","01'","Live animals","0103'","Live swine.","010392'"," -- Weighing 50 kg or more","8","1","R","0","0","","","","0","0","0","0","0","0"
"11","","HS 2007","Harmonized System 2007","Gabon","266'","2019","1","01041010'","  "," Espces ovines vivantes, reproductrices de race pure","01'","Live animals","0104'","Live sheep and goats.","010410'"," - Sheep","8","1","R","0","0","","","","0","0","0","0","0","0"
"12","","HS 2007","Harmonized System 2007","Gabon","266'","2019","1","01041090'","  "," Espces ovines vivantes, non reproductrices de race pure","01'","Live animals","0104'","Live sheep and goats.","010410'"," - Sheep","8","1","R","0","0","","","","0","0","0","0","0","0"
"13","","HS 2007","Harmonized System 2007","Gabon","266'","2019","1","01042000'","  "," - De l'esp?ce caprine","01'","Live animals","0104'","Live sheep and goats.","010420'"," - Goats","8","1","R","0","0","","","","0","0","0","0","0","0"
"14","","HS 2007","Harmonized System 2007","Gabon","266'","2019","1","01051100'","  "," -- Coqs et poules","01'","Live animals","0105'","Live poultry, that is to say, fowls of the species Gallus domesticus, ducks, geese, turkeys and guin","010511'"," -- Fowls of the species Gallus domesticus","8","1","R","0","0","","","","0","0","0","0","0","0"
"15","","HS 2007","Harmonized System 2007","Gabon","266'","2019","1","01051200'","  "," -- Dindes et dindons","01'","Live animals","0105'","Live poultry, that is to say, fowls of the species Gallus domesticus, ducks, geese, turkeys and guin","010512'"," -- Turkeys","8","1","R","0","0","","","","0","0","0","0","0","0"
"16","","HS 2007","Harmonized System 2007","Gabon","266'","2019","1","01051900'","  "," -- Autres","01'","Live animals","0105'","Live poultry, that is to say, fowls of the species Gallus domesticus, ducks, geese, turkeys and guin","010519'"," -- Other","8","1","R","0","0","","","","0","0","0","0","0","0"
"17","","HS 2007","Harmonized System 2007","Gabon","266'","2019","1","01059400'","  "," -- Coqs et poules","01'","Live animals","0105'","Live poultry, that is to say, fowls of the species Gallus domesticus, ducks, geese, turkeys and guin","010594'"," -- Fowls of the species Gallus domesticus","8","1","R","0","0","","","","0","0","0","0","0","0"
"18","","HS 2007","Harmonized System 2007","Gabon","266'","2019","1","01059900'","  "," -- Autres","01'","Live animals","0105'","Live poultry, that is to say, fowls of the species Gallus domesticus, ducks, geese, turkeys and guin","010599'"," -- Other","8","1","R","0","0","","","","0","0","0","0","0","0"
"19","","HS 2007","Harmonized System 2007","Gabon","266'","2019","1","01061100'","  "," -- Primates","01'","Live animals","0106'","Other live animals.","010611'"," -- Primates","8","1","R","0","0","","","","0","0","0","0","0","0"
"20","","HS 2007","Harmonized System 2007","Gabon","266'","2019","1","01061200'","  "," -- Baleines, dauphins et marsouins (mammif?res de l?ordre des c?tac?s); lamantins et dugongs (mammif?res de l?ordre des sir?niens)","01'","Live animals","0106'","Other live animals.","010612'"," -- Whales, dolphins and porpoises (mammals of the order Cetacea); manatees and dugongs (mammals of t","8","1","R","0","0","","","","0","0","0","0","0","0"
"21","","HS 2007","Harmonized System 2007","Gabon","266'","2019","1","01061900'","  "," -- Autres","01'","Live animals","0106'","Other live animals.","010619'"," -- Other","8","1","R","0","0","","","","0","0","0","0","0","0"
"22","","HS 2007","Harmonized System 2007","Gabon","266'","2019","1","01062000'","  "," - Reptiles (y compris les serpents et les tortues de mer)","01'","Live animals","0106'","Other live animals.","010620'"," - Reptiles (including snakes and turtles)","8","1","R","0","0","","","","0","0","0","0","0","0"
"23","","HS 2007","Harmonized System 2007","Gabon","266'","2019","1","01063100'","  "," -- Oiseaux de proie","01'","Live animals","0106'","Other live animals.","010631'"," -- Birds of prey","8","1","R","0","0","","","","0","0","0","0","0","0"
"24","","HS 2007","Harmonized System 2007","Gabon","266'","2019","1","01063200'","  "," -- Psittaciformes (y compris les perroquets, perruches, aras et cacato?s)","01'","Live animals","0106'","Other live animals.","010632'"," -- Psittaciformes (including parrots, parakeets, macaws and cockatoos)","8","1","R","0","0","","","","0","0","0","0","0","0"
"25","","HS 2007","Harmonized System 2007","Gabon","266'","2019","1","01063900'","  "," -- Autres","01'","Live animals","0106'","Other live animals.","010639'"," -- Other","8","1","R","0","0","","","","0","0","0","0","0","0"
"26","","HS 2007","Harmonized System 2007","Gabon","266'","2019","1","01069010'","  "," Chameaux","01'","Live animals","0106'","Other live animals.","010690'"," - Other","8","1","R","0","0","","","","0","0","0","0","0","0"
"27","","HS 2007","Harmonized System 2007","Gabon","266'","2019","1","01069020'","  "," Chamelles","01'","Live animals","0106'","Other live animals.","010690'"," - Other","8","1","R","0","0","","","","0","0","0","0","0","0"
"28","","HS 2007","Harmonized System 2007","Gabon","266'","2019","1","01069030'","  "," Chamelons","01'","Live animals","0106'","Other live animals.","010690'"," - Other","8","1","R","0","0","","","","0","0","0","0","0","0"
"29","","HS 2007","Harmonized System 2007","Gabon","266'","2019","1","01069090'","  "," Autres","01'","Live animals","0106'","Other live animals.","010690'"," - Other","8","1","R","0","0","","","","0","0","0","0","0","0"
"30","","HS 2007","Harmonized System 2007","Gabon","266'","2019","1","02011000'","  "," - En carcasses ou demi-carcasses","02'","Meat and edible meat offal","0201'","Meat of bovine animals, fresh or chilled.","020110'"," - Carcasses and half-carcasses","8","1","R","0","0","","","","0","0","0","0","0","0"
"31","","HS 2007","Harmonized System 2007","Gabon","266'","2019","1","02012000'","  "," - Autres morceaux non d?soss?s","02'","Meat and edible meat offal","0201'","Meat of bovine animals, fresh or chilled.","020120'"," - Other cuts with bone in","8","1","R","0","0","","","","0","0","0","0","0","0"
"32","","HS 2007","Harmonized System 2007","Gabon","266'","2019","1","02013000'","  "," - D?soss?es","02'","Meat and edible meat offal","0201'","Meat of bovine animals, fresh or chilled.","020130'"," - Boneless","8","1","R","0","0","","","","0","0","0","0","0","0"
"33","","HS 2007","Harmonized System 2007","Gabon","266'","2019","1","02021000'","  "," - En carcasses ou demi-carcasses","02'","Meat and edible meat offal","0202'","Meat of bovine animals, frozen.","020210'"," - Carcasses and half-carcasses","8","1","R","0","0","","","","0","0","0","0","0","0"
"34","","HS 2007","Harmonized System 2007","Gabon","266'","2019","1","02022000'","  "," - Autres morceaux non d?soss?s","02'","Meat and edible meat offal","0202'","Meat of bovine animals, frozen.","020220'"," - Other cuts with bone in","8","1","R","0","0","","","","0","0","0","0","0","0"
"35","","HS 2007","Harmonized System 2007","Gabon","266'","2019","1","02023000'","  "," - D?soss?es","02'","Meat and edible meat offal","0202'","Meat of bovine animals, frozen.","020230'"," - Boneless","8","1","R","0","0","","","","0","0","0","0","0","0"
"36","","HS 2007","Harmonized System 2007","Gabon","266'","2019","1","02031100'","  "," -- En carcasses ou demi-carcasses","02'","Meat and edible meat offal","0203'","Meat of swine, fresh, chilled or frozen.","020311'"," -- Carcasses and half-carcasses","8","1","R","0","0","","","","0","0","0","0","0","0"
"37","","HS 2007","Harmonized System 2007","Gabon","266'","2019","1","02031200'","  "," -- Jambons, ?paules et leurs morceaux, non d?soss?s","02'","Meat and edible meat offal","0203'","Meat of swine, fresh, chilled or frozen.","020312'"," -- Hams, shoulders and cuts thereof, with bone in","8","1","R","0","0","","","","0","0","0","0","0","0"
"38","","HS 2007","Harmonized System 2007","Gabon","266'","2019","1","02031900'","  "," -- Autres","02'","Meat and edible meat offal","0203'","Meat of swine, fresh, chilled or frozen.","020319'"," -- Other","8","1","R","0","0","","","","0","0","0","0","0","0"
"39","","HS 2007","Harmonized System 2007","Gabon","266'","2019","1","02032100'","  "," -- En carcasses ou demi-carcasses","02'","Meat and edible meat offal","0203'","Meat of swine, fresh, chilled or frozen.","020321'"," -- Carcasses and half-carcasses","8","1","R","0","0","","","","0","0","0","0","0","0"
"40","","HS 2007","Harmonized System 2007","Gabon","266'","2019","1","02032200'","  "," -- Jambons, ?paules et leurs morceaux, non d?soss?s","02'","Meat and edible meat offal","0203'","Meat of swine, fresh, chilled or frozen.","020322'"," -- Hams, shoulders and cuts thereof, with bone in","8","1","R","0","0","","","","0","0","0","0","0","0"
"41","","HS 2007","Harmonized System 2007","Gabon","266'","2019","1","02032900'","  "," -- Autres","02'","Meat and edible meat offal","0203'","Meat of swine, fresh, chilled or frozen.","020329'"," -- Other","8","1","R","0","0","","","","0","0","0","0","0","0"
"42","","HS 2007","Harmonized System 2007","Gabon","266'","2019","1","02041000'","  "," - Carcasses et demi-carcasses d'agneau, fra?ches ou r?frig?r?es","02'","Meat and edible meat offal","0204'","Meat of sheep or goats, fresh, chilled or frozen.","020410'"," - Carcasses and half-carcasses of lamb, fresh or chilled","8","1","R","0","0","","","","0","0","0","0","0","0"
"43","","HS 2007","Harmonized System 2007","Gabon","266'","2019","1","02042100'","  "," -- En carcasses ou demi-carcasses","02'","Meat and edible meat offal","0204'","Meat of sheep or goats, fresh, chilled or frozen.","020421'"," -- Carcasses and half-carcasses","8","1","R","0","0","","","","0","0","0","0","0","0"
"44","","HS 2007","Harmonized System 2007","Gabon","266'","2019","1","02042200'","  "," -- En autres morceaux non d?soss?s","02'","Meat and edible meat offal","0204'","Meat of sheep or goats, fresh, chilled or frozen.","020422'"," -- Other cuts with bone in","8","1","R","0","0","","","","0","0","0","0","0","0"
"45","","HS 2007","Harmonized System 2007","Gabon","266'","2019","1","02042300'","  "," -- D?soss?es","02'","Meat and edible meat offal","0204'","Meat of sheep or goats, fresh, chilled or frozen.","020423'"," -- Boneless","8","1","R","0","0","","","","0","0","0","0","0","0"
"46","","HS 2007","Harmonized System 2007","Gabon","266'","2019","1","02043000'","  "," - Carcasses et demi-carcasses d'agneau, congel?es","02'","Meat and edible meat offal","0204'","Meat of sheep or goats, fresh, chilled or frozen.","020430'"," - Carcasses and half-carcasses of lamb, frozen","8","1","R","0","0","","","","0","0","0","0","0","0"
"47","","HS 2007","Harmonized System 2007","Gabon","266'","2019","1","02044100'","  "," -- En carcasses ou demi-carcasses","02'","Meat and edible meat offal","0204'","Meat of sheep or goats, fresh, chilled or frozen.","020441'"," -- Carcasses and half-carcasses","8","1","R","0","0","","","","0","0","0","0","0","0"
"48","","HS 2007","Harmonized System 2007","Gabon","266'","2019","1","02044200'","  "," -- En autres morceaux non d?soss?s","02'","Meat and edible meat offal","0204'","Meat of sheep or goats, fresh, chilled or frozen.","020442'"," -- Other cuts with bone in","8","1","R","0","0","","","","0","0","0","0","0","0"
"49","","HS 2007","Harmonized System 2007","Gabon","266'","2019","1","02044300'","  "," -- D?soss?es","02'","Meat and edible meat offal","0204'","Meat of sheep or goats, fresh, chilled or frozen.","020443'"," -- Boneless","8","1","R","0","0","","","","0","0","0","0","0","0"
"50","","HS 2007","Harmonized System 2007","Gabon","266'","2019","1","02045000'","  "," - Viandes des animaux de l'esp?ce caprine","02'","Meat and edible meat offal","0204'","Meat of sheep or goats, fresh, chilled or frozen.","020450'"," - Meat of goats","8","1","R","0","0","","","","0","0","0","0","0","0"
"51","","HS 2007","Harmonized System 2007","Gabon","266'","2019","1","02050000'","  "," Viandes des animaux des esp?ces chevaline, asine ou mulassi?re, fra?ches, r?frig?r?es ou congel?es.","02'","Meat and edible meat offal","0205'","Meat of horses, asses, mules or hinnies, fresh, chilled or frozen.","020500'"," Meat of horses, asses, mules or hinnies, fresh, chilled or frozen.","8","1","R","0","0","","","","0","0","0","0","0","0"
"52","","HS 2007","Harmonized System 2007","Gabon","266'","2019","1","02061000'","  "," - De l'esp?ce bovine, frais ou r?frig?r?s","02'","Meat and edible meat offal","0206'","Edible offal of bovine animals, swine, sheep, goats, horses, asses, mules or hinnies, fresh, chilled","020610'"," - Of bovine animals, fresh or chilled","8","1","R","0","0","","","","0","0","0","0","0","0"
"53","","HS 2007","Harmonized System 2007","Gabon","266'","2019","1","02062100'","  "," -- Langues","02'","Meat and edible meat offal","0206'","Edible offal of bovine animals, swine, sheep, goats, horses, asses, mules or hinnies, fresh, chilled","020621'"," -- Tongues","8","1","R","0","0","","","","0","0","0","0","0","0"
"54","","HS 2007","Harmonized System 2007","Gabon","266'","2019","1","02062200'","  "," -- Foies","02'","Meat and edible meat offal","0206'","Edible offal of bovine animals, swine, sheep, goats, horses, asses, mules or hinnies, fresh, chilled","020622'"," -- Livers","8","1","R","0","0","","","","0","0","0","0","0","0"
"55","","HS 2007","Harmonized System 2007","Gabon","266'","2019","1","02062910'","  "," Queues de l'esp?ce bovine, congel?es.","02'","Meat and edible meat offal","0206'","Edible offal of bovine animals, swine, sheep, goats, horses, asses, mules or hinnies, fresh, chilled","020629'"," -- Other","8","1","R","0","0","","","","0","0","0","0","0","0"
"56","","HS 2007","Harmonized System 2007","Gabon","266'","2019","1","02062990'","  "," Abats comestibles de l'esp?ce bovine congel?s non d?nomm?s ni compris ailleurs.","02'","Meat and edible meat offal","0206'","Edible offal of bovine animals, swine, sheep, goats, horses, asses, mules or hinnies, fresh, chilled","020629'"," -- Other","8","1","R","0","0","","","","0","0","0","0","0","0"
"57","","HS 2007","Harmonized System 2007","Gabon","266'","2019","1","02063000'","  "," - De l'esp?ce porcine, frais ou r?frig?r?s","02'","Meat and edible meat offal","0206'","Edible offal of bovine animals, swine, sheep, goats, horses, asses, mules or hinnies, fresh, chilled","020630'"," - Of swine, fresh or chilled","8","1","R","0","0","","","","0","0","0","0","0","0"
"58","","HS 2007","Harmonized System 2007","Gabon","266'","2019","1","02064100'","  "," -- Foies","02'","Meat and edible meat offal","0206'","Edible offal of bovine animals, swine, sheep, goats, horses, asses, mules or hinnies, fresh, chilled","020641'"," -- Livers","8","1","R","0","0","","","","0","0","0","0","0","0"
"59","","HS 2007","Harmonized System 2007","Gabon","266'","2019","1","02064910'","  "," Pieds et queues comestibles des animaux de l'esp?ce porcine congel?s","02'","Meat and edible meat offal","0206'","Edible offal of bovine animals, swine, sheep, goats, horses, asses, mules or hinnies, fresh, chilled","020649'"," -- Other","8","1","R","0","0","","","","0","0","0","0","0","0"
"60","","HS 2007","Harmonized System 2007","Gabon","266'","2019","1","02064990'","  "," Abats comestibles de l'esp?ce porcine congel?s non d?nomm? ni compris ailleurs.","02'","Meat and edible meat offal","0206'","Edible offal of bovine animals, swine, sheep, goats, horses, asses, mules or hinnies, fresh, chilled","020649'"," -- Other","8","1","R","0","0","","","","0","0","0","0","0","0"
"61","","HS 2007","Harmonized System 2007","Gabon","266'","2019","1","02068000'","  "," - Autres, frais ou r?frig?r?s","02'","Meat and edible meat offal","0206'","Edible offal of bovine animals, swine, sheep, goats, horses, asses, mules or hinnies, fresh, chilled","020680'"," - Other, fresh or chilled","8","1","R","0","0","","","","0","0","0","0","0","0"
"62","","HS 2007","Harmonized System 2007","Gabon","266'","2019","1","02069000'","  "," - Autres, congel?s","02'","Meat and edible meat offal","0206'","Edible offal of bovine animals, swine, sheep, goats, horses, asses, mules or hinnies, fresh, chilled","020690'"," - Other, frozen","8","1","R","0","0","","","","0","0","0","0","0","0"
"63","","HS 2007","Harmonized System 2007","Gabon","266'","2019","1","02071100'","  "," -- Non d?coup?s en morceaux, frais ou r?frig?r?s","02'","Meat and edible meat offal","0207'","Meat and edible offal, of the poultry of heading?01.05, fresh, chilled or frozen.","020711'"," -- Not cut in pieces, fresh or chilled","8","1","R","0","0","","","","0","0","0","0","0","0"
"64","","HS 2007","Harmonized System 2007","Gabon","266'","2019","1","02071200'","  "," -- Non d?coup?s en morceaux, congel?s","02'","Meat and edible meat offal","0207'","Meat and edible offal, of the poultry of heading?01.05, fresh, chilled or frozen.","020712'"," -- Not cut in pieces, frozen","8","1","R","0","0","","","","0","0","0","0","0","0"
"65","","HS 2007","Harmonized System 2007","Gabon","266'","2019","1","02071300'","  "," -- Morceaux et abats, frais ou r?frig?r?s","02'","Meat and edible meat offal","0207'","Meat and edible offal, of the poultry of heading?01.05, fresh, chilled or frozen.","020713'"," -- Cuts and offal, fresh or chilled","8","1","R","0","0","","","","0","0","0","0","0","0"
"66","","HS 2007","Harmonized System 2007","Gabon","266'","2019","1","02071400'","  "," -- Morceaux et abats, congel?s","02'","Meat and edible meat offal","0207'","Meat and edible offal, of the poultry of heading?01.05, fresh, chilled or frozen.","020714'"," -- Cuts and offal, frozen","8","1","R","0","0","","","","0","0","0","0","0","0"
"67","","HS 2007","Harmonized System 2007","Gabon","266'","2019","1","02072400'","  "," -- Non d?coup?s en morceaux, frais ou r?frig?r?s","02'","Meat and edible meat offal","0207'","Meat and edible offal, of the poultry of heading?01.05, fresh, chilled or frozen.","020724'"," -- Not cut in pieces, fresh or chilled","8","1","R","0","0","","","","0","0","0","0","0","0"
"68","","HS 2007","Harmonized System 2007","Gabon","266'","2019","1","02072500'","  "," -- Non d?coup?s en morceaux, congel?s","02'","Meat and edible meat offal","0207'","Meat and edible offal, of the poultry of heading?01.05, fresh, chilled or frozen.","020725'"," -- Not cut in pieces, frozen","8","1","R","0","0","","","","0","0","0","0","0","0"
"69","","HS 2007","Harmonized System 2007","Gabon","266'","2019","1","02072600'","  "," -- Morceaux et abats, frais ou r?frig?r?s","02'","Meat and edible meat offal","0207'","Meat and edible offal, of the poultry of heading?01.05, fresh, chilled or frozen.","020726'"," -- Cuts and offal, fresh or chilled","8","1","R","0","0","","","","0","0","0","0","0","0"
"70","","HS 2007","Harmonized System 2007","Gabon","266'","2019","1","02072700'","  "," -- Morceaux et abats, congel?s","02'","Meat and edible meat offal","0207'","Meat and edible offal, of the poultry of heading?01.05, fresh, chilled or frozen.","020727'"," -- Cuts and offal, frozen","8","1","R","0","0","","","","0","0","0","0","0","0"
"71","","HS 2007","Harmonized System 2007","Gabon","266'","2019","1","02073200'","  "," -- Non d?coup?s en morceaux, frais ou r?frig?r?s","02'","Meat and edible meat offal","0207'","Meat and edible offal, of the poultry of heading?01.05, fresh, chilled or frozen.","020732'"," -- Not cut in pieces, fresh or chilled","8","1","R","0","0","","","","0","0","0","0","0","0"
"72","","HS 2007","Harmonized System 2007","Gabon","266'","2019","1","02073300'","  "," -- Non d?coup?s en morceaux, congel?s","02'","Meat and edible meat offal","0207'","Meat and edible offal, of the poultry of heading?01.05, fresh, chilled or frozen.","020733'"," -- Not cut in pieces, frozen","8","1","R","0","0","","","","0","0","0","0","0","0"
"73","","HS 2007","Harmonized System 2007","Gabon","266'","2019","1","02073400'","  "," -- Foies gras, frais ou r?frig?r?s","02'","Meat and edible meat offal","0207'","Meat and edible offal, of the poultry of heading?01.05, fresh, chilled or frozen.","020734'"," -- Fatty livers, fresh or chilled","8","1","R","0","0","","","","0","0","0","0","0","0"
"74","","HS 2007","Harmonized System 2007","Gabon","266'","2019","1","02073500'","  "," -- Autres, frais ou r?frig?r?s","02'","Meat and edible meat offal","0207'","Meat and edible offal, of the poultry of heading?01.05, fresh, chilled or frozen.","020735'"," -- Other, fresh or chilled","8","1","R","0","0","","","","0","0","0","0","0","0"
"75","","HS 2007","Harmonized System 2007","Gabon","266'","2019","1","02073600'","  "," -- Autres, congel?s","02'","Meat and edible meat offal","0207'","Meat and edible offal, of the poultry of heading?01.05, fresh, chilled or frozen.","020736'"," -- Other, frozen","8","1","R","0","0","","","","0","0","0","0","0","0"
"76","","HS 2007","Harmonized System 2007","Gabon","266'","2019","1","02081000'","  "," - De lapins ou de li?vres","02'","Meat and edible meat offal","0208'","Other meat and edible meat offal, fresh, chilled or frozen.","020810'"," - Of rabbits or hares","8","1","R","0","0","","","","0","0","0","0","0","0"
"77","","HS 2007","Harmonized System 2007","Gabon","266'","2019","1","02083000'","  "," - De primates","02'","Meat and edible meat offal","0208'","Other meat and edible meat offal, fresh, chilled or frozen.","020830'"," - Of primates","8","1","R","0","0","","","","0","0","0","0","0","0"
"78","","HS 2007","Harmonized System 2007","Gabon","266'","2019","1","02084000'","  "," - De baleines, dauphins et marsouins (mammif?res de l?ordre des c?tac?s); de lamantins et dugongs (mammif?res de l?ordre des sir?niens)","02'","Meat and edible meat offal","0208'","Other meat and edible meat offal, fresh, chilled or frozen.","020840'"," - Of whales, dolphins and porpoises (mammals of the order Cetacea); of manatees and dugongs (mammals","8","1","R","0","0","","","","0","0","0","0","0","0"
"79","","HS 2007","Harmonized System 2007","Gabon","266'","2019","1","02085000'","  "," - De reptiles (y compris les serpents et les tortues de mer)","02'","Meat and edible meat offal","0208'","Other meat and edible meat offal, fresh, chilled or frozen.","020850'"," - Of reptiles (including snakes and turtles)","8","1","R","0","0","","","","0","0","0","0","0","0"
"80","","HS 2007","Harmonized System 2007","Gabon","266'","2019","1","02089000'","  "," - Autres","02'","Meat and edible meat offal","0208'","Other meat and edible meat offal, fresh, chilled or frozen.","020890'"," - Other","8","1","R","0","0","","","","0","0","0","0","0","0"
"81","","HS 2007","Harmonized System 2007","Gabon","266'","2019","1","02090000'","  "," Lard sans parties maigres, graisse de porc et graisse de volailles non fondues ni autrement extraites, frais, r?frig?r?s, congel?s, sal?s ou en saumure, s?ch?s ou fum?s.","02'","Meat and edible meat offal","0209'","Pig fat, free of lean meat, and poultry fat, not rendered or otherwise extracted, fresh, chilled, fr","020900'"," Pig fat, free of lean meat, and poultry fat, not rendered or otherwise extracted, fresh, chilled, fr","8","1","R","0","0","","","","0","0","0","0","0","0"
"82","","HS 2007","Harmonized System 2007","Gabon","266'","2019","1","02101100'","  "," -- Jambons, ?paules et leurs morceaux, non d?soss?s","02'","Meat and edible meat offal","0210'","Meat and edible meat offal, salted, in brine, dried or smoked; edible flours and meals of meat or me","021011'"," -- Hams, shoulders and cuts thereof, with bone in","8","1","R","0","0","","","","0","0","0","0","0","0"
"83","","HS 2007","Harmonized System 2007","Gabon","266'","2019","1","02101200'","  "," -- Poitrines (entrelard?es) et leurs morceaux","02'","Meat and edible meat offal","0210'","Meat and edible meat offal, salted, in brine, dried or smoked; edible flours and meals of meat or me","021012'"," -- Bellies (streaky) and cuts thereof","8","1","R","0","0","","","","0","0","0","0","0","0"
"84","","HS 2007","Harmonized System 2007","Gabon","266'","2019","1","02101900'","  "," -- Autres","02'","Meat and edible meat offal","0210'","Meat and edible meat offal, salted, in brine, dried or smoked; edible flours and meals of meat or me","021019'"," -- Other","8","1","R","0","0","","","","0","0","0","0","0","0"
"85","","HS 2007","Harmonized System 2007","Gabon","266'","2019","1","02102000'","  "," - Viandes de l'esp?ce bovine","02'","Meat and edible meat offal","0210'","Meat and edible meat offal, salted, in brine, dried or smoked; edible flours and meals of meat or me","021020'"," - Meat of bovine animals","8","1","R","0","0","","","","0","0","0","0","0","0"
"86","","HS 2007","Harmonized System 2007","Gabon","266'","2019","1","02109100'","  "," -- De primates","02'","Meat and edible meat offal","0210'","Meat and edible meat offal, salted, in brine, dried or smoked; edible flours and meals of meat or me","021091'"," -- Of primates","8","1","R","0","0","","","","0","0","0","0","0","0"
"87","","HS 2007","Harmonized System 2007","Gabon","266'","2019","1","02109200'","  "," -- De baleines, dauphins et marsouins (mammif?res de l?ordre des c?tac?s); de lamantins et dugongs (mammif?res de l?ordre des sir?niens)","02'","Meat and edible meat offal","0210'","Meat and edible meat offal, salted, in brine, dried or smoked; edible flours and meals of meat or me","021092'"," -- Of whales, dolphins and porpoises (mammals of the order Cetacea); of manatees and dugongs (mammal","8","1","R","0","0","","","","0","0","0","0","0","0"
"88","","HS 2007","Harmonized System 2007","Gabon","266'","2019","1","02109300'","  "," -- De reptiles (y compris les serpents et les tortues de mer)","02'","Meat and edible meat offal","0210'","Meat and edible meat offal, salted, in brine, dried or smoked; edible flours and meals of meat or me","021093'"," -- Of reptiles (including snakes and turtles)","8","1","R","0","0","","","","0","0","0","0","0","0"
"89","","HS 2007","Harmonized System 2007","Gabon","266'","2019","1","02109900'","  "," -- Autres","02'","Meat and edible meat offal","0210'","Meat and edible meat offal, salted, in brine, dried or smoked; edible flours and meals of meat or me","021099'"," -- Other","8","1","R","0","0","","","","0","0","0","0","0","0"
"90","","HS 2007","Harmonized System 2007","Gabon","266'","2019","1","03011000'","  "," - Poissons d'ornement","03'","Fish and crustaceans, molluscs and other aquatic invertebrates","0301'","Live fish.","030110'"," - Ornamental fish","8","1","R","0","0","","","","0","0","0","0","0","0"
"91","","HS 2007","Harmonized System 2007","Gabon","266'","2019","1","03019100'","  "," -- Truites (Salmo trutta, Oncorhynchus mykiss, Oncorhynchus clarki, Oncorhynchus aguabonita, Oncorhynchus gilae, Oncorhynchus apache et Oncorhynchus chrysogaster)","03'","Fish and crustaceans, molluscs and other aquatic invertebrates","0301'","Live fish.","030191'"," -- Trout (Salmo trutta, Oncorhynchus mykiss, Oncorhynchus clarki, Oncorhynchus aguabonita, Oncorhync","8","1","R","0","0","","","","0","0","0","0","0","0"
"92","","HS 2007","Harmonized System 2007","Gabon","266'","2019","1","03019200'","  "," -- Anguilles (Anguilla spp.)","03'","Fish and crustaceans, molluscs and other aquatic invertebrates","0301'","Live fish.","030192'"," -- Eels (Anguilla spp.)","8","1","R","0","0","","","","0","0","0","0","0","0"
"93","","HS 2007","Harmonized System 2007","Gabon","266'","2019","1","03019300'","  "," -- Carpes","03'","Fish and crustaceans, molluscs and other aquatic invertebrates","0301'","Live fish.","030193'"," -- Carp","8","1","R","0","0","","","","0","0","0","0","0","0"
"94","","HS 2007","Harmonized System 2007","Gabon","266'","2019","1","03019400'","  "," -- Thons rouges (Thunnus thynnus)","03'","Fish and crustaceans, molluscs and other aquatic invertebrates","0301'","Live fish.","030194'"," -- Bluefin tunas (Thunnus thynnus)","8","1","R","0","0","","","","0","0","0","0","0","0"
"95","","HS 2007","Harmonized System 2007","Gabon","266'","2019","1","03019500'","  "," -- Thons rouges du sud (Thunnusmaccoyii)","03'","Fish and crustaceans, molluscs and other aquatic invertebrates","0301'","Live fish.","030195'"," -- Southern bluefin tunas (Thunnus maccoyii)","8","1","R","0","0","","","","0","0","0","0","0","0"
"96","","HS 2007","Harmonized System 2007","Gabon","266'","2019","1","03019910'","  "," Alevins.","03'","Fish and crustaceans, molluscs and other aquatic invertebrates","0301'","Live fish.","030199'"," -- Other","8","1","R","0","0","","","","0","0","0","0","0","0"
"97","","HS 2007","Harmonized System 2007","Gabon","266'","2019","1","03019990'","  "," Poissons vivants autres que ceux des numeros 03019100 ? 03019300","03'","Fish and crustaceans, molluscs and other aquatic invertebrates","0301'","Live fish.","030199'"," -- Other","8","1","R","0","0","","","","0","0","0","0","0","0"
"98","","HS 2007","Harmonized System 2007","Gabon","266'","2019","1","03021100'","  "," -- Truites (Salmo trutta, Oncorhynchus mykiss, Oncorhynchus clarki, Oncorhynchus aguabonita, Oncorhynchus gilae, Oncorhynchus apache et Oncorhynchus chrysogaster)","03'","Fish and crustaceans, molluscs and other aquatic invertebrates","0302'","Fish, fresh or chilled, excluding fish fillets and other fish meat of heading 03.04.","030211'"," -- Trout (Salmo trutta, Oncorhynchus mykiss, Oncorhynchus clarki, Oncorhynchus aguabonita, Oncorhync","8","1","R","0","0","","","","0","0","0","0","0","0"
"99","","HS 2007","Harmonized System 2007","Gabon","266'","2019","1","03021200'","  "," -- Saumons du Pacifique (Oncorhynchus nerka, Oncorhynchus gorbuscha, Oncorhynchus keta, Oncorhynchus tschawytscha, Oncorhynchus kisutch, Oncorhynchus masou et Oncorhynchus rhodurus), saumons de l'Atlantique (Salmo salar) et saumons du Danube (Hu","03'","Fish and crustaceans, molluscs and other aquatic invertebrates","0302'","Fish, fresh or chilled, excluding fish fillets and other fish meat of heading 03.04.","030212'"," -- Pacific salmon (Oncorhynchus nerka, Oncorhynchus gorbuscha, Oncorhynchus keta, Oncorhynchus tscha","8","1","R","0","0","","","","0","0","0","0","0","0"
"100","","HS 2007","Harmonized System 2007","Gabon","266'","2019","1","03021900'","  "," -- Autres","03'","Fish and crustaceans, molluscs and other aquatic invertebrates","0302'","Fish, fresh or chilled, excluding fish fillets and other fish meat of heading 03.04.","030219'"," -- Other","8","1","R","0","0","","","","0","0","0","0","0","0"
"101","","HS 2007","Harmonized System 2007","Gabon","266'","2019","1","03022100'","  "," -- Fl?tans (Reinhardtius hippoglossoides, Hippoglossus hippoglossus, Hippoglossus stenolepis)","03'","Fish and crustaceans, molluscs and other aquatic invertebrates","0302'","Fish, fresh or chilled, excluding fish fillets and other fish meat of heading 03.04.","030221'"," -- Halibut (Reinhardtius hippoglossoides, Hippoglossus hippoglossus, Hippoglossus stenolepis)","8","1","R","0","0","","","","0","0","0","0","0","0"
"102","","HS 2007","Harmonized System 2007","Gabon","266'","2019","1","03022200'","  "," -- Plies ou carrelets (Pleuronectes platessa)","03'","Fish and crustaceans, molluscs and other aquatic invertebrates","0302'","Fish, fresh or chilled, excluding fish fillets and other fish meat of heading 03.04.","030222'"," -- Plaice (Pleuronectes platessa)","8","1","R","0","0","","","","0","0","0","0","0","0"
"103","","HS 2007","Harmonized System 2007","Gabon","266'","2019","1","03022300'","  "," -- Soles (Solea spp.)","03'","Fish and crustaceans, molluscs and other aquatic invertebrates","0302'","Fish, fresh or chilled, excluding fish fillets and other fish meat of heading 03.04.","030223'"," -- Sole (Solea spp.)","8","1","R","0","0","","","","0","0","0","0","0","0"
"104","","HS 2007","Harmonized System 2007","Gabon","266'","2019","1","03022900'","  "," -- Autres","03'","Fish and crustaceans, molluscs and other aquatic invertebrates","0302'","Fish, fresh or chilled, excluding fish fillets and other fish meat of heading 03.04.","030229'"," -- Other","8","1","R","0","0","","","","0","0","0","0","0","0"
"105","","HS 2007","Harmonized System 2007","Gabon","266'","2019","1","03023100'","  "," -- Thons blancs ou germons (Thunnus alalunga)","03'","Fish and crustaceans, molluscs and other aquatic invertebrates","0302'","Fish, fresh or chilled, excluding fish fillets and other fish meat of heading 03.04.","030231'"," -- Albacore or longfinned tunas (Thunnus alalunga)","8","1","R","0","0","","","","0","0","0","0","0","0"
"106","","HS 2007","Harmonized System 2007","Gabon","266'","2019","1","03023200'","  "," -- Thons ? nageoires jaunes (Thunnus albacares)","03'","Fish and crustaceans, molluscs and other aquatic invertebrates","0302'","Fish, fresh or chilled, excluding fish fillets and other fish meat of heading 03.04.","030232'"," -- Yellowfin tunas (Thunnus albacares)","8","1","R","0","0","","","","0","0","0","0","0","0"
"107","","HS 2007","Harmonized System 2007","Gabon","266'","2019","1","03023300'","  "," -- Listaos ou bonites ? ventre ray?","03'","Fish and crustaceans, molluscs and other aquatic invertebrates","0302'","Fish, fresh or chilled, excluding fish fillets and other fish meat of heading 03.04.","030233'"," -- Skipjack or stripe-bellied bonito","8","1","R","0","0","","","","0","0","0","0","0","0"
"108","","HS 2007","Harmonized System 2007","Gabon","266'","2019","1","03023400'","  "," -- Thons ob?ses (Thunnus obesus)","03'","Fish and crustaceans, molluscs and other aquatic invertebrates","0302'","Fish, fresh or chilled, excluding fish fillets and other fish meat of heading 03.04.","030234'"," -- Bigeye tunas (Thunnus obesus)","8","1","R","0","0","","","","0","0","0","0","0","0"
"109","","HS 2007","Harmonized System 2007","Gabon","266'","2019","1","03023500'","  "," -- Thons rouges (Thunnus thynnus)","03'","Fish and crustaceans, molluscs and other aquatic invertebrates","0302'","Fish, fresh or chilled, excluding fish fillets and other fish meat of heading 03.04.","030235'"," -- Bluefin tunas (Thunnus thynnus)","8","1","R","0","0","","","","0","0","0","0","0","0"
"110","","HS 2007","Harmonized System 2007","Gabon","266'","2019","1","03023600'","  "," -- Thons rouges du sud (Thunnus maccoyii)","03'","Fish and crustaceans, molluscs and other aquatic invertebrates","0302'","Fish, fresh or chilled, excluding fish fillets and other fish meat of heading 03.04.","030236'"," -- Southern bluefin tunas (Thunnus maccoyii)","8","1","R","0","0","","","","0","0","0","0","0","0"
"111","","HS 2007","Harmonized System 2007","Gabon","266'","2019","1","03023900'","  "," -- Autres","03'","Fish and crustaceans, molluscs and other aquatic invertebrates","0302'","Fish, fresh or chilled, excluding fish fillets and other fish meat of heading 03.04.","030239'"," -- Other","8","1","R","0","0","","","","0","0","0","0","0","0"
"112","","HS 2007","Harmonized System 2007","Gabon","266'","2019","1","03024000'","  "," - Harengs (Clupea harengus, Clupea pallasii), ? l'exclusion des foies, oeufs et laitances","03'","Fish and crustaceans, molluscs and other aquatic invertebrates","0302'","Fish, fresh or chilled, excluding fish fillets and other fish meat of heading 03.04.","030240'"," - Herrings (Clupea harengus, Clupea pallasii), excluding livers and roes","8","1","R","0","0","","","","0","0","0","0","0","0"
"113","","HS 2007","Harmonized System 2007","Gabon","266'","2019","1","03025000'","  "," - Morues (Gadus morhua, Gadus ogac, Gadus macrocephalus), ? l'exclusion des foies, oeufs et laitances","03'","Fish and crustaceans, molluscs and other aquatic invertebrates","0302'","Fish, fresh or chilled, excluding fish fillets and other fish meat of heading 03.04.","030250'"," - Cod (Gadus morhua, Gadus ogac, Gadus macrocephalus), excluding livers and roes","8","1","R","0","0","","","","0","0","0","0","0","0"
"114","","HS 2007","Harmonized System 2007","Gabon","266'","2019","1","03026100'","  "," -- Sardines (Sardina pilchardus, Sardinops spp.), sardinelles (Sardinella spp.), sprats ou esprots (Sprattus sprattus)","03'","Fish and crustaceans, molluscs and other aquatic invertebrates","0302'","Fish, fresh or chilled, excluding fish fillets and other fish meat of heading 03.04.","030261'"," -- Sardines (Sardina pilchardus, Sardinops spp.), sardinella (Sardinella spp.), brisling or sprats (","8","1","R","0","0","","","","0","0","0","0","0","0"
"115","","HS 2007","Harmonized System 2007","Gabon","266'","2019","1","03026200'","  "," -- Eglefins (Melanogrammus aeglefinus)","03'","Fish and crustaceans, molluscs and other aquatic invertebrates","0302'","Fish, fresh or chilled, excluding fish fillets and other fish meat of heading 03.04.","030262'"," -- Haddock (Melanogrammus aeglefinus)","8","1","R","0","0","","","","0","0","0","0","0","0"
"116","","HS 2007","Harmonized System 2007","Gabon","266'","2019","1","03026300'","  "," -- Lieus noirs (Pollachius virens)","03'","Fish and crustaceans, molluscs and other aquatic invertebrates","0302'","Fish, fresh or chilled, excluding fish fillets and other fish meat of heading 03.04.","030263'"," -- Coalfish (Pollachius virens)","8","1","R","0","0","","","","0","0","0","0","0","0"
"117","","HS 2007","Harmonized System 2007","Gabon","266'","2019","1","03026400'","  "," -- Maquereaux (Scomber scombrus, Scomber australasicus, Scomber japonicus)","03'","Fish and crustaceans, molluscs and other aquatic invertebrates","0302'","Fish, fresh or chilled, excluding fish fillets and other fish meat of heading 03.04.","030264'"," -- Mackerel (Scomber scombrus, Scomber australasicus, Scomber japonicus)","8","1","R","0","0","","","","0","0","0","0","0","0"
"118","","HS 2007","Harmonized System 2007","Gabon","266'","2019","1","03026500'","  "," -- Squales","03'","Fish and crustaceans, molluscs and other aquatic invertebrates","0302'","Fish, fresh or chilled, excluding fish fillets and other fish meat of heading 03.04.","030265'"," -- Dogfish and other sharks","8","1","R","0","0","","","","0","0","0","0","0","0"
"119","","HS 2007","Harmonized System 2007","Gabon","266'","2019","1","03026600'","  "," -- Anguilles (Anguilla spp.)","03'","Fish and crustaceans, molluscs and other aquatic invertebrates","0302'","Fish, fresh or chilled, excluding fish fillets and other fish meat of heading 03.04.","030266'"," -- Eels (Anguilla spp.)","8","1","R","0","0","","","","0","0","0","0","0","0"
"120","","HS 2007","Harmonized System 2007","Gabon","266'","2019","1","03026700'","  "," -- Espadons (Xiphias gladius)","03'","Fish and crustaceans, molluscs and other aquatic invertebrates","0302'","Fish, fresh or chilled, excluding fish fillets and other fish meat of heading 03.04.","030267'"," -- Swordfish (Xiphias gladius)","8","1","R","0","0","","","","0","0","0","0","0","0"
"121","","HS 2007","Harmonized System 2007","Gabon","266'","2019","1","03026800'","  "," -- L?gines (Dissostichus spp.)","03'","Fish and crustaceans, molluscs and other aquatic invertebrates","0302'","Fish, fresh or chilled, excluding fish fillets and other fish meat of heading 03.04.","030268'"," -- Toothfish (Dissostichus spp.)","8","1","R","0","0","","","","0","0","0","0","0","0"
"122","","HS 2007","Harmonized System 2007","Gabon","266'","2019","1","03026910'","  "," Bars (loups)","03'","Fish and crustaceans, molluscs and other aquatic invertebrates","0302'","Fish, fresh or chilled, excluding fish fillets and other fish meat of heading 03.04.","030269'"," -- Other","8","1","R","0","0","","","","0","0","0","0","0","0"
"123","","HS 2007","Harmonized System 2007","Gabon","266'","2019","1","03026990'","  "," Poissons, ? l'exclusion des foies, oeufs et laitances autres que ceux du n? 03026910","03'","Fish and crustaceans, molluscs and other aquatic invertebrates","0302'","Fish, fresh or chilled, excluding fish fillets and other fish meat of heading 03.04.","030269'"," -- Other","8","1","R","0","0","","","","0","0","0","0","0","0"
"124","","HS 2007","Harmonized System 2007","Gabon","266'","2019","1","03027000'","  "," - Foies, oeufs et laitances","03'","Fish and crustaceans, molluscs and other aquatic invertebrates","0302'","Fish, fresh or chilled, excluding fish fillets and other fish meat of heading 03.04.","030270'"," - Livers and roes","8","1","R","0","0","","","","0","0","0","0","0","0"
"125","","HS 2007","Harmonized System 2007","Gabon","266'","2019","1","03031100'","  "," -- Saumons rouges (Oncorhynchus nerka)","03'","Fish and crustaceans, molluscs and other aquatic invertebrates","0303'","Fish, frozen, excluding fish fillets and other fish meat of heading 03.04.","030311'"," -- Sockeye salmon (red salmon) (Oncorhynchus nerka)","8","1","R","0","0","","","","0","0","0","0","0","0"
"126","","HS 2007","Harmonized System 2007","Gabon","266'","2019","1","03031900'","  "," -- Autres","03'","Fish and crustaceans, molluscs and other aquatic invertebrates","0303'","Fish, frozen, excluding fish fillets and other fish meat of heading 03.04.","030319'"," -- Other","8","1","R","0","0","","","","0","0","0","0","0","0"
"127","","HS 2007","Harmonized System 2007","Gabon","266'","2019","1","03032100'","  "," -- Truites (Salmo trutta, Oncorhynchus mykiss, Oncorhynchus clarki, Oncorhynchus aguabonita, Oncorhynchus gilae, Oncorhynchus apache et Oncorhynchus chrysogaster)","03'","Fish and crustaceans, molluscs and other aquatic invertebrates","0303'","Fish, frozen, excluding fish fillets and other fish meat of heading 03.04.","030321'"," -- Trout (Salmo trutta, Oncorhynchus mykiss, Oncorhynchus clarki, Oncorhynchus aguabonita, Oncorhync","8","1","R","0","0","","","","0","0","0","0","0","0"
"128","","HS 2007","Harmonized System 2007","Gabon","266'","2019","1","03032200'","  "," -- Saumons de l'Atlantique (Salmo salar) et saumons du Danube (Hucho hucho)","03'","Fish and crustaceans, molluscs and other aquatic invertebrates","0303'","Fish, frozen, excluding fish fillets and other fish meat of heading 03.04.","030322'"," -- Atlantic salmon (Salmo salar) and Danube salmon (Hucho hucho)","8","1","R","0","0","","","","0","0","0","0","0","0"
"129","","HS 2007","Harmonized System 2007","Gabon","266'","2019","1","03032900'","  "," -- Autres","03'","Fish and crustaceans, molluscs and other aquatic invertebrates","0303'","Fish, frozen, excluding fish fillets and other fish meat of heading 03.04.","030329'"," -- Other","8","1","R","0","0","","","","0","0","0","0","0","0"
"130","","HS 2007","Harmonized System 2007","Gabon","266'","2019","1","03033100'","  "," -- Fl?tans (Reinhardtius hippoglossoides, Hippoglossus hippoglossus, Hippoglossus stenolepis)","03'","Fish and crustaceans, molluscs and other aquatic invertebrates","0303'","Fish, frozen, excluding fish fillets and other fish meat of heading 03.04.","030331'"," -- Halibut (Reinhardtius hippoglossoides, Hippoglossus hippoglossus, Hippoglossus stenolepis)","8","1","R","0","0","","","","0","0","0","0","0","0"
"131","","HS 2007","Harmonized System 2007","Gabon","266'","2019","1","03033200'","  "," -- Plies ou carrelets (Pleuronectes platessa)","03'","Fish and crustaceans, molluscs and other aquatic invertebrates","0303'","Fish, frozen, excluding fish fillets and other fish meat of heading 03.04.","030332'"," -- Plaice (Pleuronectes platessa)","8","1","R","0","0","","","","0","0","0","0","0","0"
"132","","HS 2007","Harmonized System 2007","Gabon","266'","2019","1","03033300'","  "," -- Soles (Solea spp.)","03'","Fish and crustaceans, molluscs and other aquatic invertebrates","0303'","Fish, frozen, excluding fish fillets and other fish meat of heading 03.04.","030333'"," -- Sole (Solea spp.)","8","1","R","0","0","","","","0","0","0","0","0","0"
"133","","HS 2007","Harmonized System 2007","Gabon","266'","2019","1","03033900'","  "," -- Autres","03'","Fish and crustaceans, molluscs and other aquatic invertebrates","0303'","Fish, frozen, excluding fish fillets and other fish meat of heading 03.04.","030339'"," -- Other","8","1","R","0","0","","","","0","0","0","0","0","0"
"134","","HS 2007","Harmonized System 2007","Gabon","266'","2019","1","03034100'","  "," -- Thons blancs ou germons (Thunnus alalunga)","03'","Fish and crustaceans, molluscs and other aquatic invertebrates","0303'","Fish, frozen, excluding fish fillets and other fish meat of heading 03.04.","030341'"," -- Albacore or longfinned tunas (Thunnus alalunga)","8","1","R","0","0","","","","0","0","0","0","0","0"
"135","","HS 2007","Harmonized System 2007","Gabon","266'","2019","1","03034200'","  "," -- Thons ? nageoires jaunes (Thunnus albacares)","03'","Fish and crustaceans, molluscs and other aquatic invertebrates","0303'","Fish, frozen, excluding fish fillets and other fish meat of heading 03.04.","030342'"," -- Yellowfin tunas (Thunnus albacares)","8","1","R","0","0","","","","0","0","0","0","0","0"
"136","","HS 2007","Harmonized System 2007","Gabon","266'","2019","1","03034300'","  "," -- Listaos ou bonites ? ventre ray?","03'","Fish and crustaceans, molluscs and other aquatic invertebrates","0303'","Fish, frozen, excluding fish fillets and other fish meat of heading 03.04.","030343'"," -- Skipjack or strip-bellied bonito","8","1","R","0","0","","","","0","0","0","0","0","0"
"137","","HS 2007","Harmonized System 2007","Gabon","266'","2019","1","03034400'","  "," -- Thons ob?ses (Thunnus obesus)","03'","Fish and crustaceans, molluscs and other aquatic invertebrates","0303'","Fish, frozen, excluding fish fillets and other fish meat of heading 03.04.","030344'"," -- Bigeye tunas (Thunnus obesus)","8","1","R","0","0","","","","0","0","0","0","0","0"
"138","","HS 2007","Harmonized System 2007","Gabon","266'","2019","1","03034500'","  "," -- Thons rouges (Thunnus thynnus)","03'","Fish and crustaceans, molluscs and other aquatic invertebrates","0303'","Fish, frozen, excluding fish fillets and other fish meat of heading 03.04.","030345'"," -- Bluefin tunas (Thunnus thynnus)","8","1","R","0","0","","","","0","0","0","0","0","0"
"139","","HS 2007","Harmonized System 2007","Gabon","266'","2019","1","03034600'","  "," -- Thons rouges du sud (Thunnus maccoyii)","03'","Fish and crustaceans, molluscs and other aquatic invertebrates","0303'","Fish, frozen, excluding fish fillets and other fish meat of heading 03.04.","030346'"," -- Southern bluefin tunas (Thunnus maccoyii)","8","1","R","0","0","","","","0","0","0","0","0","0"
"140","","HS 2007","Harmonized System 2007","Gabon","266'","2019","1","03034900'","  "," -- Autres","03'","Fish and crustaceans, molluscs and other aquatic invertebrates","0303'","Fish, frozen, excluding fish fillets and other fish meat of heading 03.04.","030349'"," -- Other","8","1","R","0","0","","","","0","0","0","0","0","0"
"141","","HS 2007","Harmonized System 2007","Gabon","266'","2019","1","03035100'","  "," -- Harengs (Clupea harengus, Clupea pallasii)","03'","Fish and crustaceans, molluscs and other aquatic invertebrates","0303'","Fish, frozen, excluding fish fillets and other fish meat of heading 03.04.","030351'"," -- Herrings (Clupea harengus, Clupea pallasii)","8","1","R","0","0","","","","0","0","0","0","0","0"
"142","","HS 2007","Harmonized System 2007","Gabon","266'","2019","1","03035200'","  "," -- Morues (Gadus morhua, Gadus ogac,Gadus macrocephalus)","03'","Fish and crustaceans, molluscs and other aquatic invertebrates","0303'","Fish, frozen, excluding fish fillets and other fish meat of heading 03.04.","030352'"," -- Cod (Gadus morhua, Gadus ogac, Gadus macrocephalus)","8","1","R","0","0","","","","0","0","0","0","0","0"
"143","","HS 2007","Harmonized System 2007","Gabon","266'","2019","1","03036100'","  "," -- Espadons (Xiphias gladius)","03'","Fish and crustaceans, molluscs and other aquatic invertebrates","0303'","Fish, frozen, excluding fish fillets and other fish meat of heading 03.04.","030361'"," -- Swordfish (Xiphias gladius)","8","1","R","0","0","","","","0","0","0","0","0","0"
"144","","HS 2007","Harmonized System 2007","Gabon","266'","2019","1","03036200'","  "," -- L?gines (Dissostichus spp.)","03'","Fish and crustaceans, molluscs and other aquatic invertebrates","0303'","Fish, frozen, excluding fish fillets and other fish meat of heading 03.04.","030362'"," -- Toothfish (Dissostichus spp.)","8","1","R","0","0","","","","0","0","0","0","0","0"
"145","","HS 2007","Harmonized System 2007","Gabon","266'","2019","1","03037100'","  "," -- Sardines (Sardina pilchardus, Sardinops spp.), sardinelles (Sardinella spp.), sprats ou esprots (Sprattus sprattus)","03'","Fish and crustaceans, molluscs and other aquatic invertebrates","0303'","Fish, frozen, excluding fish fillets and other fish meat of heading 03.04.","030371'"," -- Sardines (Sardina pilchardus, Sardinops spp.), sardinella (Sardinella spp.), brisling or sprats (","8","1","R","0","0","","","","0","0","0","0","0","0"
"146","","HS 2007","Harmonized System 2007","Gabon","266'","2019","1","03037200'","  "," -- Eglefins (Melanogrammus aeglefinus)","03'","Fish and crustaceans, molluscs and other aquatic invertebrates","0303'","Fish, frozen, excluding fish fillets and other fish meat of heading 03.04.","030372'"," -- Haddock (Melanogrammus aeglefinus)","8","1","R","0","0","","","","0","0","0","0","0","0"
"147","","HS 2007","Harmonized System 2007","Gabon","266'","2019","1","03037300'","  "," -- Lieus noirs (Pollachius virens)","03'","Fish and crustaceans, molluscs and other aquatic invertebrates","0303'","Fish, frozen, excluding fish fillets and other fish meat of heading 03.04.","030373'"," -- Coalfish (Pollachius virens)","8","1","R","0","0","","","","0","0","0","0","0","0"
"148","","HS 2007","Harmonized System 2007","Gabon","266'","2019","1","03037400'","  "," -- Maquereaux (Scomber scombrus, Scomber australasicus, Scomber japonicus)","03'","Fish and crustaceans, molluscs and other aquatic invertebrates","0303'","Fish, frozen, excluding fish fillets and other fish meat of heading 03.04.","030374'"," -- Mackerel (Scomber scombrus, Scomber australasicus, Scomber japonicus)","8","1","R","0","0","","","","0","0","0","0","0","0"
"149","","HS 2007","Harmonized System 2007","Gabon","266'","2019","1","03037500'","  "," -- Squales","03'","Fish and crustaceans, molluscs and other aquatic invertebrates","0303'","Fish, frozen, excluding fish fillets and other fish meat of heading 03.04.","030375'"," -- Dogfish and other sharks","8","1","R","0","0","","","","0","0","0","0","0","0"
"150","","HS 2007","Harmonized System 2007","Gabon","266'","2019","1","03037600'","  "," -- Anguilles (Anguilla spp.)","03'","Fish and crustaceans, molluscs and other aquatic invertebrates","0303'","Fish, frozen, excluding fish fillets and other fish meat of heading 03.04.","030376'"," -- Eels (Anguilla spp.)","8","1","R","0","0","","","","0","0","0","0","0","0"
"151","","HS 2007","Harmonized System 2007","Gabon","266'","2019","1","03037700'","  "," -- Bars (loups) (Dicentrarchus labrax, Dicentrarchus punctatus)","03'","Fish and crustaceans, molluscs and other aquatic invertebrates","0303'","Fish, frozen, excluding fish fillets and other fish meat of heading 03.04.","030377'"," -- Sea bass (Dicentrarchus labrax, Dicentrarchus punctatus)","8","1","R","0","0","","","","0","0","0","0","0","0"
"152","","HS 2007","Harmonized System 2007","Gabon","266'","2019","1","03037800'","  "," -- Merlus (Merluccius spp., Urophycis spp.)","03'","Fish and crustaceans, molluscs and other aquatic invertebrates","0303'","Fish, frozen, excluding fish fillets and other fish meat of heading 03.04.","030378'"," -- Hake (Merluccius spp., Urophycis spp.)","8","1","R","0","0","","","","0","0","0","0","0","0"
"153","","HS 2007","Harmonized System 2007","Gabon","266'","2019","1","03037900'","  "," -- Autres","03'","Fish and crustaceans, molluscs and other aquatic invertebrates","0303'","Fish, frozen, excluding fish fillets and other fish meat of heading 03.04.","030379'"," -- Other","8","1","R","0","0","","","","0","0","0","0","0","0"
"154","","HS 2007","Harmonized System 2007","Gabon","266'","2019","1","03038000'","  "," - Foies, oeufs et laitances","03'","Fish and crustaceans, molluscs and other aquatic invertebrates","0303'","Fish, frozen, excluding fish fillets and other fish meat of heading 03.04.","030380'"," - Livers and roes","8","1","R","0","0","","","","0","0","0","0","0","0"
"155","","HS 2007","Harmonized System 2007","Gabon","266'","2019","1","03041100'","  "," -- Espadons (Xiphias gladius)","03'","Fish and crustaceans, molluscs and other aquatic invertebrates","0304'","Fish fillets and other fish meat (whether or not minced), fresh, chilled or frozen.","030411'"," -- Swordfish (Xiphias gladius)","8","1","R","0","0","","","","0","0","0","0","0","0"
"156","","HS 2007","Harmonized System 2007","Gabon","266'","2019","1","03041200'","  "," -- L?gines (Dissostichus spp.)","03'","Fish and crustaceans, molluscs and other aquatic invertebrates","0304'","Fish fillets and other fish meat (whether or not minced), fresh, chilled or frozen.","030412'"," -- Toothfish (Dissostichus spp.)","8","1","R","0","0","","","","0","0","0","0","0","0"
"157","","HS 2007","Harmonized System 2007","Gabon","266'","2019","1","03041900'","  "," -- Autres","03'","Fish and crustaceans, molluscs and other aquatic invertebrates","0304'","Fish fillets and other fish meat (whether or not minced), fresh, chilled or frozen.","030419'"," -- Other","8","1","R","0","0","","","","0","0","0","0","0","0"
"158","","HS 2007","Harmonized System 2007","Gabon","266'","2019","1","03042100'","  "," -- Espadons (Xiphias gladius)","03'","Fish and crustaceans, molluscs and other aquatic invertebrates","0304'","Fish fillets and other fish meat (whether or not minced), fresh, chilled or frozen.","030421'"," -- Swordfish (Xiphias gladius)","8","1","R","0","0","","","","0","0","0","0","0","0"
"159","","HS 2007","Harmonized System 2007","Gabon","266'","2019","1","03042200'","  "," -- L?gines (Dissostichus spp.)","03'","Fish and crustaceans, molluscs and other aquatic invertebrates","0304'","Fish fillets and other fish meat (whether or not minced), fresh, chilled or frozen.","030422'"," -- Toothfish (Dissostichus spp.)","8","1","R","0","0","","","","0","0","0","0","0","0"
"160","","HS 2007","Harmonized System 2007","Gabon","266'","2019","1","03042900'","  "," -- Autres","03'","Fish and crustaceans, molluscs and other aquatic invertebrates","0304'","Fish fillets and other fish meat (whether or not minced), fresh, chilled or frozen.","030429'"," -- Other","8","1","R","0","0","","","","0","0","0","0","0","0"
"161","","HS 2007","Harmonized System 2007","Gabon","266'","2019","1","03049100'","  "," -- Espadons (Xiphias gladius)","03'","Fish and crustaceans, molluscs and other aquatic invertebrates","0304'","Fish fillets and other fish meat (whether or not minced), fresh, chilled or frozen.","030491'"," -- Swordfish (Xiphias gladius)","8","1","R","0","0","","","","0","0","0","0","0","0"
"162","","HS 2007","Harmonized System 2007","Gabon","266'","2019","1","03049200'","  "," -- L?gines (Dissostichus spp.)","03'","Fish and crustaceans, molluscs and other aquatic invertebrates","0304'","Fish fillets and other fish meat (whether or not minced), fresh, chilled or frozen.","030492'"," -- Toothfish (Dissostichus spp.)","8","1","R","0","0","","","","0","0","0","0","0","0"
"163","","HS 2007","Harmonized System 2007","Gabon","266'","2019","1","03049900'","  "," -- Autres","03'","Fish and crustaceans, molluscs and other aquatic invertebrates","0304'","Fish fillets and other fish meat (whether or not minced), fresh, chilled or frozen.","030499'"," -- Other","8","1","R","0","0","","","","0","0","0","0","0","0"
"164","","HS 2007","Harmonized System 2007","Gabon","266'","2019","1","03051000'","  "," - Farines, poudres et agglom?r?s sous forme de pellets de poisson, propres ? l'alimentation humaine","03'","Fish and crustaceans, molluscs and other aquatic invertebrates","0305'","Fish, dried, salted or in brine; smoked fish, whether or not cooked before or during the smoking pro","030510'"," - Flours, meals and pellets of fish, fit for human consumption","8","1","R","0","0","","","","0","0","0","0","0","0"
"165","","HS 2007","Harmonized System 2007","Gabon","266'","2019","1","03052000'","  "," - Foies, oeufs et laitances de poissons, s?ch?s, fum?s, sal?s ou en saumure","03'","Fish and crustaceans, molluscs and other aquatic invertebrates","0305'","Fish, dried, salted or in brine; smoked fish, whether or not cooked before or during the smoking pro","030520'"," - Livers and roes of fish, dried, smoked, salted or in brine","8","1","R","0","0","","","","0","0","0","0","0","0"
"166","","HS 2007","Harmonized System 2007","Gabon","266'","2019","1","03053010'","  "," Filets de hareng s?ch?s,sal?s ou en saumuremais non fum?s.","03'","Fish and crustaceans, molluscs and other aquatic invertebrates","0305'","Fish, dried, salted or in brine; smoked fish, whether or not cooked before or during the smoking pro","030530'"," - Fish fillets, dried, salted or in brine, but not smoked","8","1","R","0","0","","","","0","0","0","0","0","0"
"167","","HS 2007","Harmonized System 2007","Gabon","266'","2019","1","03053020'","  "," Filets de morue & de fl?tans s?ch?s,sal?s ou en saumure mais non fum?s.","03'","Fish and crustaceans, molluscs and other aquatic invertebrates","0305'","Fish, dried, salted or in brine; smoked fish, whether or not cooked before or during the smoking pro","030530'"," - Fish fillets, dried, salted or in brine, but not smoked","8","1","R","0","0","","","","0","0","0","0","0","0"
"168","","HS 2007","Harmonized System 2007","Gabon","266'","2019","1","03053030'","  "," Filets de sardine s?ch?s,sal?s ou en saumure mais non fum?s.","03'","Fish and crustaceans, molluscs and other aquatic invertebrates","0305'","Fish, dried, salted or in brine; smoked fish, whether or not cooked before or during the smoking pro","030530'"," - Fish fillets, dried, salted or in brine, but not smoked","8","1","R","0","0","","","","0","0","0","0","0","0"
"169","","HS 2007","Harmonized System 2007","Gabon","266'","2019","1","03053091'","  "," Filets de poissons,autres du 03053010 ? 30s?ch?s,sal?s,saumure en caisses ou bo?tes","03'","Fish and crustaceans, molluscs and other aquatic invertebrates","0305'","Fish, dried, salted or in brine; smoked fish, whether or not cooked before or during the smoking pro","030530'"," - Fish fillets, dried, salted or in brine, but not smoked","8","1","R","0","0","","","","0","0","0","0","0","0"
"170","","HS 2007","Harmonized System 2007","Gabon","266'","2019","1","03053099'","  "," Filets de poissons autres que 03053010 ? 30s?ch,sal,saum pr?sent?s autrmt que03053091","03'","Fish and crustaceans, molluscs and other aquatic invertebrates","0305'","Fish, dried, salted or in brine; smoked fish, whether or not cooked before or during the smoking pro","030530'"," - Fish fillets, dried, salted or in brine, but not smoked","8","1","R","0","0","","","","0","0","0","0","0","0"
"171","","HS 2007","Harmonized System 2007","Gabon","266'","2019","1","03054100'","  "," -- Saumons du Pacifique (Oncorhynchus nerka, Oncorhynchus gorbuscha, Oncorhynchus keta, Oncorhynchus tschawytscha, Oncorhynchus kisutch, Oncorhynchus masou et Oncorhynchus rhodurus), saumons de l'Atlantique (Salmo salar) et saumons du Danube (Hu","03'","Fish and crustaceans, molluscs and other aquatic invertebrates","0305'","Fish, dried, salted or in brine; smoked fish, whether or not cooked before or during the smoking pro","030541'"," -- Pacific salmon (Oncorhynchus nerka, Oncorhynchus gorbuscha, Oncorhynchus keta, Oncorhynchus tscha","8","1","R","0","0","","","","0","0","0","0","0","0"
"172","","HS 2007","Harmonized System 2007","Gabon","266'","2019","1","03054200'","  "," -- Harengs (Clupea harengus, Clupea pallasii)","03'","Fish and crustaceans, molluscs and other aquatic invertebrates","0305'","Fish, dried, salted or in brine; smoked fish, whether or not cooked before or during the smoking pro","030542'"," -- Herrings (Clupea harengus, Clupea pallasii)","8","1","R","0","0","","","","0","0","0","0","0","0"
"173","","HS 2007","Harmonized System 2007","Gabon","266'","2019","1","03054910'","  "," Morues et fl?tans.","03'","Fish and crustaceans, molluscs and other aquatic invertebrates","0305'","Fish, dried, salted or in brine; smoked fish, whether or not cooked before or during the smoking pro","030549'"," -- Other","8","1","R","0","0","","","","0","0","0","0","0","0"
"174","","HS 2007","Harmonized System 2007","Gabon","266'","2019","1","03054920'","  "," Sardines fum?es.","03'","Fish and crustaceans, molluscs and other aquatic invertebrates","0305'","Fish, dried, salted or in brine; smoked fish, whether or not cooked before or during the smoking pro","030549'"," -- Other","8","1","R","0","0","","","","0","0","0","0","0","0"
"175","","HS 2007","Harmonized System 2007","Gabon","266'","2019","1","03054991'","  "," Poissons autres que 030541 ? 03054919,fum?s pr?sent?s en caisses ou en bo?tes","03'","Fish and crustaceans, molluscs and other aquatic invertebrates","0305'","Fish, dried, salted or in brine; smoked fish, whether or not cooked before or during the smoking pro","030549'"," -- Other","8","1","R","0","0","","","","0","0","0","0","0","0"
"176","","HS 2007","Harmonized System 2007","Gabon","266'","2019","1","03054999'","  "," Poissons fum?s autres que 030541 ? 030591 pr?sent?s autre qu'en caisses ou en bo?tes","03'","Fish and crustaceans, molluscs and other aquatic invertebrates","0305'","Fish, dried, salted or in brine; smoked fish, whether or not cooked before or during the smoking pro","030549'"," -- Other","8","1","R","0","0","","","","0","0","0","0","0","0"
"177","","HS 2007","Harmonized System 2007","Gabon","266'","2019","1","03055110'","  "," Stockfish s?ch?s,m?me sal?s mais non fum?s","03'","Fish and crustaceans, molluscs and other aquatic invertebrates","0305'","Fish, dried, salted or in brine; smoked fish, whether or not cooked before or during the smoking pro","030551'"," -- Cod (Gadus morhua, Gadus ogac, Gadus macrocephalus)","8","1","R","0","0","","","","0","0","0","0","0","0"
"178","","HS 2007","Harmonized System 2007","Gabon","266'","2019","1","03055120'","  "," klippfish s?ch?s, m?me sal?s mais non fum?s","03'","Fish and crustaceans, molluscs and other aquatic invertebrates","0305'","Fish, dried, salted or in brine; smoked fish, whether or not cooked before or during the smoking pro","030551'"," -- Cod (Gadus morhua, Gadus ogac, Gadus macrocephalus)","8","1","R","0","0","","","","0","0","0","0","0","0"
"179","","HS 2007","Harmonized System 2007","Gabon","266'","2019","1","03055190'","  "," Morues,autres que stock & clipfish s?ch?es m?me sal?es mais non fum?es","03'","Fish and crustaceans, molluscs and other aquatic invertebrates","0305'","Fish, dried, salted or in brine; smoked fish, whether or not cooked before or during the smoking pro","030551'"," -- Cod (Gadus morhua, Gadus ogac, Gadus macrocephalus)","8","1","R","0","0","","","","0","0","0","0","0","0"
"180","","HS 2007","Harmonized System 2007","Gabon","266'","2019","1","03055910'","  "," Fl?tans s?ch?s,m?me sal?s mais non fum?s","03'","Fish and crustaceans, molluscs and other aquatic invertebrates","0305'","Fish, dried, salted or in brine; smoked fish, whether or not cooked before or during the smoking pro","030559'"," -- Other","8","1","R","0","0","","","","0","0","0","0","0","0"
"181","","HS 2007","Harmonized System 2007","Gabon","266'","2019","1","03055920'","  "," Sardines s?ch?es,m?me sal?es mais non fum?es","03'","Fish and crustaceans, molluscs and other aquatic invertebrates","0305'","Fish, dried, salted or in brine; smoked fish, whether or not cooked before or during the smoking pro","030559'"," -- Other","8","1","R","0","0","","","","0","0","0","0","0","0"
"182","","HS 2007","Harmonized System 2007","Gabon","266'","2019","1","03055991'","  "," Poissons s?ch?s,m?me sal?s mais non fum?s pr?sent?s en caisses ou bo?tes","03'","Fish and crustaceans, molluscs and other aquatic invertebrates","0305'","Fish, dried, salted or in brine; smoked fish, whether or not cooked before or during the smoking pro","030559'"," -- Other","8","1","R","0","0","","","","0","0","0","0","0","0"
"183","","HS 2007","Harmonized System 2007","Gabon","266'","2019","1","03055999'","  "," poissons s?ch?s,sal?s maisonfum?s,pr?sent?s autrement qu'en boites ou en caisses","03'","Fish and crustaceans, molluscs and other aquatic invertebrates","0305'","Fish, dried, salted or in brine; smoked fish, whether or not cooked before or during the smoking pro","030559'"," -- Other","8","1","R","0","0","","","","0","0","0","0","0","0"
"184","","HS 2007","Harmonized System 2007","Gabon","266'","2019","1","03056100'","  "," -- Harengs (Clupea harengus, Clupea pallasii)","03'","Fish and crustaceans, molluscs and other aquatic invertebrates","0305'","Fish, dried, salted or in brine; smoked fish, whether or not cooked before or during the smoking pro","030561'"," -- Herrings (Clupea harengus, Clupea pallasii)","8","1","R","0","0","","","","0","0","0","0","0","0"
"185","","HS 2007","Harmonized System 2007","Gabon","266'","2019","1","03056210'","  "," stockfish sal?s mais non s?ch?s ni fum?s","03'","Fish and crustaceans, molluscs and other aquatic invertebrates","0305'","Fish, dried, salted or in brine; smoked fish, whether or not cooked before or during the smoking pro","030562'"," -- Cod (Gadus morhua, Gadus ogac, Gadus macrocephalus)","8","1","R","0","0","","","","0","0","0","0","0","0"
"186","","HS 2007","Harmonized System 2007","Gabon","266'","2019","1","03056220'","  "," klippfish sal?s mais non s?ch?s ni fum?s","03'","Fish and crustaceans, molluscs and other aquatic invertebrates","0305'","Fish, dried, salted or in brine; smoked fish, whether or not cooked before or during the smoking pro","030562'"," -- Cod (Gadus morhua, Gadus ogac, Gadus macrocephalus)","8","1","R","0","0","","","","0","0","0","0","0","0"
"187","","HS 2007","Harmonized System 2007","Gabon","266'","2019","1","03056290'","  "," Morues ,autres que stok et klippfish,sal?es ou en saumure mais non s?ch?es ni fum?es","03'","Fish and crustaceans, molluscs and other aquatic invertebrates","0305'","Fish, dried, salted or in brine; smoked fish, whether or not cooked before or during the smoking pro","030562'"," -- Cod (Gadus morhua, Gadus ogac, Gadus macrocephalus)","8","1","R","0","0","","","","0","0","0","0","0","0"
"188","","HS 2007","Harmonized System 2007","Gabon","266'","2019","1","03056310'","  "," anchois sal?s, mais non s?ch?s, pr?sent?s en caisse en bo?te","03'","Fish and crustaceans, molluscs and other aquatic invertebrates","0305'","Fish, dried, salted or in brine; smoked fish, whether or not cooked before or during the smoking pro","030563'"," -- Anchovies (Engraulis spp.)","8","1","R","0","0","","","","0","0","0","0","0","0"
"189","","HS 2007","Harmonized System 2007","Gabon","266'","2019","1","03056390'","  "," anchois sal?s mais non s?ch?s pr?sent?s autrement qu'en caisse en bo?te","03'","Fish and crustaceans, molluscs and other aquatic invertebrates","0305'","Fish, dried, salted or in brine; smoked fish, whether or not cooked before or during the smoking pro","030563'"," -- Anchovies (Engraulis spp.)","8","1","R","0","0","","","","0","0","0","0","0","0"
"190","","HS 2007","Harmonized System 2007","Gabon","266'","2019","1","03056910'","  "," fl?tans sal?s mais non s?ch?s","03'","Fish and crustaceans, molluscs and other aquatic invertebrates","0305'","Fish, dried, salted or in brine; smoked fish, whether or not cooked before or during the smoking pro","030569'"," -- Other","8","1","R","0","0","","","","0","0","0","0","0","0"
"191","","HS 2007","Harmonized System 2007","Gabon","266'","2019","1","03056920'","  "," sardines sal?s mais non s?ch?s","03'","Fish and crustaceans, molluscs and other aquatic invertebrates","0305'","Fish, dried, salted or in brine; smoked fish, whether or not cooked before or during the smoking pro","030569'"," -- Other","8","1","R","0","0","","","","0","0","0","0","0","0"
"192","","HS 2007","Harmonized System 2007","Gabon","266'","2019","1","03056991'","  "," Poissons sal?s,non s?ch?s, autre que 030561 ? 03056920, pr?sent?s en caisses ou boites","03'","Fish and crustaceans, molluscs and other aquatic invertebrates","0305'","Fish, dried, salted or in brine; smoked fish, whether or not cooked before or during the smoking pro","030569'"," -- Other","8","1","R","0","0","","","","0","0","0","0","0","0"
"193","","HS 2007","Harmonized System 2007","Gabon","266'","2019","1","03061100'","  "," -- Langoustes (Palinurus spp., Panulirus spp., Jasus spp.)","03'","Fish and crustaceans, molluscs and other aquatic invertebrates","0306'","Crustaceans, whether in shell or not, live, fresh, chilled, frozen, dried, salted or in brine; crust","030611'"," -- Rock lobster and other sea crawfish (Palinurus spp., Panulirus spp., Jasus spp.)","8","1","R","0","0","","","","0","0","0","0","0","0"
"194","","HS 2007","Harmonized System 2007","Gabon","266'","2019","1","03061200'","  "," -- Homards (Homarus spp.)","03'","Fish and crustaceans, molluscs and other aquatic invertebrates","0306'","Crustaceans, whether in shell or not, live, fresh, chilled, frozen, dried, salted or in brine; crust","030612'"," -- Lobsters (Homarus spp.)","8","1","R","0","0","","","","0","0","0","0","0","0"
"195","","HS 2007","Harmonized System 2007","Gabon","266'","2019","1","03061300'","  "," -- Crevettes","03'","Fish and crustaceans, molluscs and other aquatic invertebrates","0306'","Crustaceans, whether in shell or not, live, fresh, chilled, frozen, dried, salted or in brine; crust","030613'"," -- Shrimps and prawns","8","1","R","0","0","","","","0","0","0","0","0","0"
"196","","HS 2007","Harmonized System 2007","Gabon","266'","2019","1","03061400'","  "," -- Crabes","03'","Fish and crustaceans, molluscs and other aquatic invertebrates","0306'","Crustaceans, whether in shell or not, live, fresh, chilled, frozen, dried, salted or in brine; crust","030614'"," -- Crabs","8","1","R","0","0","","","","0","0","0","0","0","0"
"197","","HS 2007","Harmonized System 2007","Gabon","266'","2019","1","03061900'","  "," -- Autres, y compris les farines, poudres et agglom?r?s sous forme de pellets de crustac?s, propres ? l'alimentation humaine","03'","Fish and crustaceans, molluscs and other aquatic invertebrates","0306'","Crustaceans, whether in shell or not, live, fresh, chilled, frozen, dried, salted or in brine; crust","030619'"," -- Other, including flours, meals and pellets of crustaceans, fit for human consumption","8","1","R","0","0","","","","0","0","0","0","0","0"
"198","","HS 2007","Harmonized System 2007","Gabon","266'","2019","1","03062100'","  "," -- Langoustes (Palinurus spp., Panulirus spp., Jasus spp.)","03'","Fish and crustaceans, molluscs and other aquatic invertebrates","0306'","Crustaceans, whether in shell or not, live, fresh, chilled, frozen, dried, salted or in brine; crust","030621'"," -- Rock lobster and other sea crawfish (Palinurus spp., Panulirus spp., Jasus spp.)","8","1","R","0","0","","","","0","0","0","0","0","0"
"199","","HS 2007","Harmonized System 2007","Gabon","266'","2019","1","03062200'","  "," -- Homards (Homarus spp.)","03'","Fish and crustaceans, molluscs and other aquatic invertebrates","0306'","Crustaceans, whether in shell or not, live, fresh, chilled, frozen, dried, salted or in brine; crust","030622'"," -- Lobsters (Homarus spp.)","8","1","R","0","0","","","","0","0","0","0","0","0"
"200","","HS 2007","Harmonized System 2007","Gabon","266'","2019","1","03062300'","  "," -- Crevettes","03'","Fish and crustaceans, molluscs and other aquatic invertebrates","0306'","Crustaceans, whether in shell or not, live, fresh, chilled, frozen, dried, salted or in brine; crust","030623'"," -- Shrimps and prawns","8","1","R","0","0","","","","0","0","0","0","0","0"
"201","","HS 2007","Harmonized System 2007","Gabon","266'","2019","1","03062400'","  "," -- Crabes","03'","Fish and crustaceans, molluscs and other aquatic invertebrates","0306'","Crustaceans, whether in shell or not, live, fresh, chilled, frozen, dried, salted or in brine; crust","030624'"," -- Crabs","8","1","R","0","0","","","","0","0","0","0","0","0"
"202","","HS 2007","Harmonized System 2007","Gabon","266'","2019","1","03062900'","  "," -- Autres, y compris les farines, poudres et agglom?r?s sous forme de pellets de crustac?s, propres ? l'alimentation humaine","03'","Fish and crustaceans, molluscs and other aquatic invertebrates","0306'","Crustaceans, whether in shell or not, live, fresh, chilled, frozen, dried, salted or in brine; crust","030629'"," -- Other, including flours, meals and pellets of crustaceans, fit for human consumption","8","1","R","0","0","","","","0","0","0","0","0","0"
"203","","HS 2007","Harmonized System 2007","Gabon","266'","2019","1","03071000'","  "," - Hu?tres","03'","Fish and crustaceans, molluscs and other aquatic invertebrates","0307'","Molluscs, whether in shell or not, live, fresh, chilled, frozen, dried, salted or in brine; aquatic ","030710'"," - Oysters","8","1","R","0","0","","","","0","0","0","0","0","0"
"204","","HS 2007","Harmonized System 2007","Gabon","266'","2019","1","03072100'","  "," -- Vivants, frais ou r?frig?r?s","03'","Fish and crustaceans, molluscs and other aquatic invertebrates","0307'","Molluscs, whether in shell or not, live, fresh, chilled, frozen, dried, salted or in brine; aquatic ","030721'"," -- Live, fresh or chilled","8","1","R","0","0","","","","0","0","0","0","0","0"
"205","","HS 2007","Harmonized System 2007","Gabon","266'","2019","1","03072900'","  "," -- Autres","03'","Fish and crustaceans, molluscs and other aquatic invertebrates","0307'","Molluscs, whether in shell or not, live, fresh, chilled, frozen, dried, salted or in brine; aquatic ","030729'"," -- Other","8","1","R","0","0","","","","0","0","0","0","0","0"
"206","","HS 2007","Harmonized System 2007","Gabon","266'","2019","1","03073100'","  "," -- Vivantes, fra?ches ou r?frig?r?es","03'","Fish and crustaceans, molluscs and other aquatic invertebrates","0307'","Molluscs, whether in shell or not, live, fresh, chilled, frozen, dried, salted or in brine; aquatic ","030731'"," -- Live, fresh or chilled","8","1","R","0","0","","","","0","0","0","0","0","0"
"207","","HS 2007","Harmonized System 2007","Gabon","266'","2019","1","03073900'","  "," -- Autres","03'","Fish and crustaceans, molluscs and other aquatic invertebrates","0307'","Molluscs, whether in shell or not, live, fresh, chilled, frozen, dried, salted or in brine; aquatic ","030739'"," -- Other","8","1","R","0","0","","","","0","0","0","0","0","0"
"208","","HS 2007","Harmonized System 2007","Gabon","266'","2019","1","03074100'","  "," -- Vivants, frais ou r?frig?r?s","03'","Fish and crustaceans, molluscs and other aquatic invertebrates","0307'","Molluscs, whether in shell or not, live, fresh, chilled, frozen, dried, salted or in brine; aquatic ","030741'"," -- Live, fresh or chilled","8","1","R","0","0","","","","0","0","0","0","0","0"
"209","","HS 2007","Harmonized System 2007","Gabon","266'","2019","1","03074900'","  "," -- Autres","03'","Fish and crustaceans, molluscs and other aquatic invertebrates","0307'","Molluscs, whether in shell or not, live, fresh, chilled, frozen, dried, salted or in brine; aquatic ","030749'"," -- Other","8","1","R","0","0","","","","0","0","0","0","0","0"
"210","","HS 2007","Harmonized System 2007","Gabon","266'","2019","1","03075100'","  "," -- Vivants, frais ou r?frig?r?s","03'","Fish and crustaceans, molluscs and other aquatic invertebrates","0307'","Molluscs, whether in shell or not, live, fresh, chilled, frozen, dried, salted or in brine; aquatic ","030751'"," -- Live, fresh or chilled","8","1","R","0","0","","","","0","0","0","0","0","0"
"211","","HS 2007","Harmonized System 2007","Gabon","266'","2019","1","03075900'","  "," -- Autres","03'","Fish and crustaceans, molluscs and other aquatic invertebrates","0307'","Molluscs, whether in shell or not, live, fresh, chilled, frozen, dried, salted or in brine; aquatic ","030759'"," -- Other","8","1","R","0","0","","","","0","0","0","0","0","0"
"212","","HS 2007","Harmonized System 2007","Gabon","266'","2019","1","03076000'","  "," - Escargots autres que de mer","03'","Fish and crustaceans, molluscs and other aquatic invertebrates","0307'","Molluscs, whether in shell or not, live, fresh, chilled, frozen, dried, salted or in brine; aquatic ","030760'"," - Snails, other than sea snails","8","1","R","0","0","","","","0","0","0","0","0","0"
"213","","HS 2007","Harmonized System 2007","Gabon","266'","2019","1","03079100'","  "," -- Vivants, frais ou r?frig?r?s","03'","Fish and crustaceans, molluscs and other aquatic invertebrates","0307'","Molluscs, whether in shell or not, live, fresh, chilled, frozen, dried, salted or in brine; aquatic ","030791'"," -- Live, fresh or chilled","8","1","R","0","0","","","","0","0","0","0","0","0"
"214","","HS 2007","Harmonized System 2007","Gabon","266'","2019","1","03079900'","  "," -- Autres","03'","Fish and crustaceans, molluscs and other aquatic invertebrates","0307'","Molluscs, whether in shell or not, live, fresh, chilled, frozen, dried, salted or in brine; aquatic ","030799'"," -- Other","8","1","R","0","0","","","","0","0","0","0","0","0"
"215","","HS 2007","Harmonized System 2007","Gabon","266'","2019","1","04011000'","  "," - D'une teneur en poids de mati?res grasses n'exc?dant pas 1 %","04'","Dairy produce; birds' eggs; natural honey; edible products of animal origin, not elsewhere specified","0401'","Milk and cream, not concentrated nor containing added sugar or other sweetening matter.","040110'"," - Of a fat content, by weight, not exceeding 1%","8","1","R","0","0","","","","0","0","0","0","0","0"
"216","","HS 2007","Harmonized System 2007","Gabon","266'","2019","1","04012000'","  "," - D'une teneur en poids de mati?res grasses exc?dant 1 % mais n'exc?dant pas 6 %","04'","Dairy produce; birds' eggs; natural honey; edible products of animal origin, not elsewhere specified","0401'","Milk and cream, not concentrated nor containing added sugar or other sweetening matter.","040120'"," - Of a fat content, by weight, exceeding 1% but not exceeding 6?%","8","1","R","0","0","","","","0","0","0","0","0","0"
"217","","HS 2007","Harmonized System 2007","Gabon","266'","2019","1","04013000'","  "," - D'une teneur en poids de mati?res grasses exc?dant 6 %","04'","Dairy produce; birds' eggs; natural honey; edible products of animal origin, not elsewhere specified","0401'","Milk and cream, not concentrated nor containing added sugar or other sweetening matter.","040130'"," - Of a fat content, by weight, exceeding 6%","8","1","R","0","0","","","","0","0","0","0","0","0"
"218","","HS 2007","Harmonized System 2007","Gabon","266'","2019","1","04021000'","  "," - En poudre, en granul?s ou sous d'autres formes solides, d'une teneur en poids de mati?res grasses n'exc?dant pas 1,5 %","04'","Dairy produce; birds' eggs; natural honey; edible products of animal origin, not elsewhere specified","0402'","Milk and cream, concentrated or containing added sugar or other sweetening matter.","040210'"," - In powder, granules or other solid forms, of a fat content, by weight, not exceeding 1.5%","8","1","R","0","0","","","","0","0","0","0","0","0"
"219","","HS 2007","Harmonized System 2007","Gabon","266'","2019","1","04022100'","  "," -- Sans addition de sucre ou d'autres ?dulcorants","04'","Dairy produce; birds' eggs; natural honey; edible products of animal origin, not elsewhere specified","0402'","Milk and cream, concentrated or containing added sugar or other sweetening matter.","040221'"," -- Not containing added sugar or other sweetening matter","8","1","R","0","0","","","","0","0","0","0","0","0"
"220","","HS 2007","Harmonized System 2007","Gabon","266'","2019","1","04022900'","  "," -- Autres","04'","Dairy produce; birds' eggs; natural honey; edible products of animal origin, not elsewhere specified","0402'","Milk and cream, concentrated or containing added sugar or other sweetening matter.","040229'"," -- Other","8","1","R","0","0","","","","0","0","0","0","0","0"
"221","","HS 2007","Harmonized System 2007","Gabon","266'","2019","1","04029100'","  "," -- Sans addition de sucre ou d'autres ?dulcorants","04'","Dairy produce; birds' eggs; natural honey; edible products of animal origin, not elsewhere specified","0402'","Milk and cream, concentrated or containing added sugar or other sweetening matter.","040291'"," -- Not containing added sugar or other sweetening matter","8","1","R","0","0","","","","0","0","0","0","0","0"
"222","","HS 2007","Harmonized System 2007","Gabon","266'","2019","1","04029900'","  "," -- Autres","04'","Dairy produce; birds' eggs; natural honey; edible products of animal origin, not elsewhere specified","0402'","Milk and cream, concentrated or containing added sugar or other sweetening matter.","040299'"," -- Other","8","1","R","0","0","","","","0","0","0","0","0","0"
"223","","HS 2007","Harmonized System 2007","Gabon","266'","2019","1","04031011'","  "," Yoghourt nature","04'","Dairy produce; birds' eggs; natural honey; edible products of animal origin, not elsewhere specified","0403'","Buttermilk, curdled milk and cream, yogurt, kephir and other fermented or acidified milk and cream, ","040310'"," - Yogurt","8","1","R","0","0","","","","0","0","0","0","0","0"
"224","","HS 2007","Harmonized System 2007","Gabon","266'","2019","1","04031012'","  "," Yoghourt additionn? ou aromatis? de fruits","04'","Dairy produce; birds' eggs; natural honey; edible products of animal origin, not elsewhere specified","0403'","Buttermilk, curdled milk and cream, yogurt, kephir and other fermented or acidified milk and cream, ","040310'"," - Yogurt","8","1","R","0","0","","","","0","0","0","0","0","0"
"225","","HS 2007","Harmonized System 2007","Gabon","266'","2019","1","04031013'","  "," Yoghourt additionn? aromatis? de cacao","04'","Dairy produce; birds' eggs; natural honey; edible products of animal origin, not elsewhere specified","0403'","Buttermilk, curdled milk and cream, yogurt, kephir and other fermented or acidified milk and cream, ","040310'"," - Yogurt","8","1","R","0","0","","","","0","0","0","0","0","0"
"226","","HS 2007","Harmonized System 2007","Gabon","266'","2019","1","04031019'","  "," Yoghourt autre que celui de 04031011 ?04031013","04'","Dairy produce; birds' eggs; natural honey; edible products of animal origin, not elsewhere specified","0403'","Buttermilk, curdled milk and cream, yogurt, kephir and other fermented or acidified milk and cream, ","040310'"," - Yogurt","8","1","R","0","0","","","","0","0","0","0","0","0"
"227","","HS 2007","Harmonized System 2007","Gabon","266'","2019","1","04031020'","  "," Yoghourt ? l'?tat liquide","04'","Dairy produce; birds' eggs; natural honey; edible products of animal origin, not elsewhere specified","0403'","Buttermilk, curdled milk and cream, yogurt, kephir and other fermented or acidified milk and cream, ","040310'"," - Yogurt","8","1","R","0","0","","","","0","0","0","0","0","0"
"228","","HS 2007","Harmonized System 2007","Gabon","266'","2019","1","04039011'","  "," yaourt nature ? l'etat pateux ou solide","04'","Dairy produce; birds' eggs; natural honey; edible products of animal origin, not elsewhere specified","0403'","Buttermilk, curdled milk and cream, yogurt, kephir and other fermented or acidified milk and cream, ","040390'"," - Other","8","1","R","0","0","","","","0","0","0","0","0","0"
"229","","HS 2007","Harmonized System 2007","Gabon","266'","2019","1","04039012'","  "," Autres produits du N? 040390 ? l'?tat p?teux ou solide addit ou aromat de fruits.","04'","Dairy produce; birds' eggs; natural honey; edible products of animal origin, not elsewhere specified","0403'","Buttermilk, curdled milk and cream, yogurt, kephir and other fermented or acidified milk and cream, ","040390'"," - Other","8","1","R","0","0","","","","0","0","0","0","0","0"
"230","","HS 2007","Harmonized System 2007","Gabon","266'","2019","1","04039013'","  "," Autres produits du 040390 ? l'?tat p?teux ou solide addit ou aromat de cacao.","04'","Dairy produce; birds' eggs; natural honey; edible products of animal origin, not elsewhere specified","0403'","Buttermilk, curdled milk and cream, yogurt, kephir and other fermented or acidified milk and cream, ","040390'"," - Other","8","1","R","0","0","","","","0","0","0","0","0","0"
"231","","HS 2007","Harmonized System 2007","Gabon","266'","2019","1","04039019'","  "," Autres produits du N?040390 ? l'?tat p?teux ou solide autres.","04'","Dairy produce; birds' eggs; natural honey; edible products of animal origin, not elsewhere specified","0403'","Buttermilk, curdled milk and cream, yogurt, kephir and other fermented or acidified milk and cream, ","040390'"," - Other","8","1","R","0","0","","","","0","0","0","0","0","0"
"232","","HS 2007","Harmonized System 2007","Gabon","266'","2019","1","04039020'","  "," Autres produits du N? 040390 ? l'?tat liquide.","04'","Dairy produce; birds' eggs; natural honey; edible products of animal origin, not elsewhere specified","0403'","Buttermilk, curdled milk and cream, yogurt, kephir and other fermented or acidified milk and cream, ","040390'"," - Other","8","1","R","0","0","","","","0","0","0","0","0","0"
"233","","HS 2007","Harmonized System 2007","Gabon","266'","2019","1","04041000'","  "," - Lactos?rum, modifi? ou non, m?me concentr? ou additionn? de sucre ou d'autres ?dulcorants","04'","Dairy produce; birds' eggs; natural honey; edible products of animal origin, not elsewhere specified","0404'","Whey, whether or not concentrated or containing added sugar or other sweetening matter; products con","040410'"," - Whey and modified whey, whether or not concentrated or containing added sugar or other sweetening ","8","1","R","0","0","","","","0","0","0","0","0","0"
"234","","HS 2007","Harmonized System 2007","Gabon","266'","2019","1","04049000'","  "," - Autres","04'","Dairy produce; birds' eggs; natural honey; edible products of animal origin, not elsewhere specified","0404'","Whey, whether or not concentrated or containing added sugar or other sweetening matter; products con","040490'"," - Other","8","1","R","0","0","","","","0","0","0","0","0","0"
"235","","HS 2007","Harmonized System 2007","Gabon","266'","2019","1","04051000'","  "," - Beurre","04'","Dairy produce; birds' eggs; natural honey; edible products of animal origin, not elsewhere specified","0405'","Butter and other fats and oils derived from milk; dairy spreads.","040510'"," - Butter","8","1","R","0","0","","","","0","0","0","0","0","0"
"236","","HS 2007","Harmonized System 2007","Gabon","266'","2019","1","04052000'","  "," - P?tes ? tartiner laiti?res","04'","Dairy produce; birds' eggs; natural honey; edible products of animal origin, not elsewhere specified","0405'","Butter and other fats and oils derived from milk; dairy spreads.","040520'"," - Dairy spreads","8","1","R","0","0","","","","0","0","0","0","0","0"
"237","","HS 2007","Harmonized System 2007","Gabon","266'","2019","1","04059000'","  "," - Autres","04'","Dairy produce; birds' eggs; natural honey; edible products of animal origin, not elsewhere specified","0405'","Butter and other fats and oils derived from milk; dairy spreads.","040590'"," - Other","8","1","R","0","0","","","","0","0","0","0","0","0"
"238","","HS 2007","Harmonized System 2007","Gabon","266'","2019","1","04061000'","  "," - Fromages frais (non affin?s), y compris le fromage de lactos?rum, et caillebotte","04'","Dairy produce; birds' eggs; natural honey; edible products of animal origin, not elsewhere specified","0406'","Cheese and curd.","040610'"," - Fresh (unripened or uncured) cheese, including whey cheese, and curd","8","1","R","0","0","","","","0","0","0","0","0","0"
"239","","HS 2007","Harmonized System 2007","Gabon","266'","2019","1","04062000'","  "," - Fromages r?p?s ou en poudre, de tous types","04'","Dairy produce; birds' eggs; natural honey; edible products of animal origin, not elsewhere specified","0406'","Cheese and curd.","040620'"," - Grated or powdered cheese, of all kinds","8","1","R","0","0","","","","0","0","0","0","0","0"
"240","","HS 2007","Harmonized System 2007","Gabon","266'","2019","1","04063000'","  "," - Fromages fondus, autres que r?p?s ou en poudre","04'","Dairy produce; birds' eggs; natural honey; edible products of animal origin, not elsewhere specified","0406'","Cheese and curd.","040630'"," - Processed cheese, not grated or powdered","8","1","R","0","0","","","","0","0","0","0","0","0"
"241","","HS 2007","Harmonized System 2007","Gabon","266'","2019","1","04064000'","  "," - Fromages ? p?te persill?e et autres fromages pr?sentant des marbrures obtenues en utilisant du Penicellium roqueforti","04'","Dairy produce; birds' eggs; natural honey; edible products of animal origin, not elsewhere specified","0406'","Cheese and curd.","040640'"," - Blue-veined cheese and other cheese containing veins produced by Penicillium roqueforti","8","1","R","0","0","","","","0","0","0","0","0","0"
"242","","HS 2007","Harmonized System 2007","Gabon","266'","2019","1","04069000'","  "," - Autres fromages","04'","Dairy produce; birds' eggs; natural honey; edible products of animal origin, not elsewhere specified","0406'","Cheese and curd.","040690'"," - Other cheese","8","1","R","0","0","","","","0","0","0","0","0","0"
"243","","HS 2007","Harmonized System 2007","Gabon","266'","2019","1","04070010'","  "," Oeufs d'oiseaux destin?s ? la reproduction","04'","Dairy produce; birds' eggs; natural honey; edible products of animal origin, not elsewhere specified","0407'","Birds' eggs, in shell, fresh, preserved or cooked.","040700'"," Birds' eggs, in shell, fresh, preserved or cooked.","8","1","R","0","0","","","","0","0","0","0","0","0"
"244","","HS 2007","Harmonized System 2007","Gabon","266'","2019","1","04070090'","  "," Oeufs d'oiseaux en coquille,frais,conserv?sou cuits destin? autre qu'? la reproduction","04'","Dairy produce; birds' eggs; natural honey; edible products of animal origin, not elsewhere specified","0407'","Birds' eggs, in shell, fresh, preserved or cooked.","040700'"," Birds' eggs, in shell, fresh, preserved or cooked.","8","1","R","0","0","","","","0","0","0","0","0","0"
"245","","HS 2007","Harmonized System 2007","Gabon","266'","2019","1","04081100'","  "," -- S?ch?s","04'","Dairy produce; birds' eggs; natural honey; edible products of animal origin, not elsewhere specified","0408'","Birds' eggs, not in shell, and egg yolks, fresh, dried, cooked by steaming or by boiling in water, m","040811'"," -- Dried","8","1","R","0","0","","","","0","0","0","0","0","0"
"246","","HS 2007","Harmonized System 2007","Gabon","266'","2019","1","04081900'","  "," -- Autres","04'","Dairy produce; birds' eggs; natural honey; edible products of animal origin, not elsewhere specified","0408'","Birds' eggs, not in shell, and egg yolks, fresh, dried, cooked by steaming or by boiling in water, m","040819'"," -- Other","8","1","R","0","0","","","","0","0","0","0","0","0"
"247","","HS 2007","Harmonized System 2007","Gabon","266'","2019","1","04089100'","  "," -- S?ch?s","04'","Dairy produce; birds' eggs; natural honey; edible products of animal origin, not elsewhere specified","0408'","Birds' eggs, not in shell, and egg yolks, fresh, dried, cooked by steaming or by boiling in water, m","040891'"," -- Dried","8","1","R","0","0","","","","0","0","0","0","0","0"
"248","","HS 2007","Harmonized System 2007","Gabon","266'","2019","1","04089900'","  "," -- Autres","04'","Dairy produce; birds' eggs; natural honey; edible products of animal origin, not elsewhere specified","0408'","Birds' eggs, not in shell, and egg yolks, fresh, dried, cooked by steaming or by boiling in water, m","040899'"," -- Other","8","1","R","0","0","","","","0","0","0","0","0","0"
"249","","HS 2007","Harmonized System 2007","Gabon","266'","2019","1","04090000'","  "," Miel naturel.","04'","Dairy produce; birds' eggs; natural honey; edible products of animal origin, not elsewhere specified","0409'","Natural honey.","040900'"," Natural honey.","8","1","R","0","0","","","","0","0","0","0","0","0"
"250","","HS 2007","Harmonized System 2007","Gabon","266'","2019","1","04100000'","  "," Produits comestibles d'origine animale, non d?nomm?s ni compris ailleurs.","04'","Dairy produce; birds' eggs; natural honey; edible products of animal origin, not elsewhere specified","0410'","Edible products of animal origin, not elsewhere specified or included.","041000'"," Edible products of animal origin, not elsewhere specified or included.","8","1","R","0","0","","","","0","0","0","0","0","0"
"251","","HS 2007","Harmonized System 2007","Gabon","266'","2019","1","05010000'","  "," Cheveux bruts, m?me lav?s ou d?graiss?s; d?chets de cheveux.","05'","Products of animal origin, not elsewhere specified or included","0501'","Human hair, unworked, whether or not washed or scoured; waste of human hair.","050100'"," Human hair, unworked, whether or not washed or scoured; waste of human hair.","8","1","R","0","0","","","","0","0","0","0","0","0"
"252","","HS 2007","Harmonized System 2007","Gabon","266'","2019","1","05021000'","  "," - Soies de porc ou de sanglier et d?chets de ces soies","05'","Products of animal origin, not elsewhere specified or included","0502'","Pigs', hogs' or boars' bristles and hair; badger hair and other brush making hair; waste of such bri","050210'"," - Pigs', hogs' or boars' bristles and hair and waste thereof","8","1","R","0","0","","","","0","0","0","0","0","0"
"253","","HS 2007","Harmonized System 2007","Gabon","266'","2019","1","05029000'","  "," - Autres","05'","Products of animal origin, not elsewhere specified or included","0502'","Pigs', hogs' or boars' bristles and hair; badger hair and other brush making hair; waste of such bri","050290'"," - Other","8","1","R","0","0","","","","0","0","0","0","0","0"
"254","","HS 2007","Harmonized System 2007","Gabon","266'","2019","1","05040000'","  "," Boyaux, vessies et estomacs d'animaux, entiers ou en morceaux, autres que ceux de poissons, ? l'?tat frais, r?frig?r?, congel?, sal? ou en saumure, s?ch? ou fum?.","05'","Products of animal origin, not elsewhere specified or included","0504'","Guts, bladders and stomachs of animals (other than fish), whole and pieces thereof, fresh, chilled, ","050400'"," Guts, bladders and stomachs of animals (other than fish), whole and pieces thereof, fresh, chilled, ","8","1","R","0","0","","","","0","0","0","0","0","0"
"255","","HS 2007","Harmonized System 2007","Gabon","266'","2019","1","05051000'","  "," - Plumes des esp?ces utilis?es pour le rembourrage; duvet","05'","Products of animal origin, not elsewhere specified or included","0505'","Skins and other parts of birds, with their feathers or down, feathers and parts of feathers (whether","050510'"," - Feathers of a kind used for stuffing; down","8","1","R","0","0","","","","0","0","0","0","0","0"
"256","","HS 2007","Harmonized System 2007","Gabon","266'","2019","1","05059000'","  "," - Autres","05'","Products of animal origin, not elsewhere specified or included","0505'","Skins and other parts of birds, with their feathers or down, feathers and parts of feathers (whether","050590'"," - Other","8","1","R","0","0","","","","0","0","0","0","0","0"
"257","","HS 2007","Harmonized System 2007","Gabon","266'","2019","1","05061000'","  "," - Oss?ine et os acidul?s","05'","Products of animal origin, not elsewhere specified or included","0506'","Bones and horn-cores, unworked, defatted, simply prepared (but not cut to shape), treated with acid ","050610'"," - Ossein and bones treated with acid","8","1","R","0","0","","","","0","0","0","0","0","0"
"258","","HS 2007","Harmonized System 2007","Gabon","266'","2019","1","05069000'","  "," - Autres","05'","Products of animal origin, not elsewhere specified or included","0506'","Bones and horn-cores, unworked, defatted, simply prepared (but not cut to shape), treated with acid ","050690'"," - Other","8","1","R","0","0","","","","0","0","0","0","0","0"
"259","","HS 2007","Harmonized System 2007","Gabon","266'","2019","1","05071000'","  "," - Ivoire; poudre et d?chets d'ivoire","05'","Products of animal origin, not elsewhere specified or included","0507'","Ivory, tortoise-shell, whalebone and whalebone hair, horns, antlers, hooves, nails, claws and beaks,","050710'"," - Ivory; ivory powder and waste","8","1","R","0","0","","","","0","0","0","0","0","0"
"260","","HS 2007","Harmonized System 2007","Gabon","266'","2019","1","05079000'","  "," - Autres","05'","Products of animal origin, not elsewhere specified or included","0507'","Ivory, tortoise-shell, whalebone and whalebone hair, horns, antlers, hooves, nails, claws and beaks,","050790'"," - Other","8","1","R","0","0","","","","0","0","0","0","0","0"
"261","","HS 2007","Harmonized System 2007","Gabon","266'","2019","1","05080000'","  "," Corail et mati?res similaires, bruts ou simplement pr?par?s, mais non autrement travaill?s; coquilles et carapaces de mollusques, de crustac?s ou d'?chinodermes et os de seiches, bruts ou simplement pr?par?s, mais non d?coup?s en forme, leurs po","05'","Products of animal origin, not elsewhere specified or included","0508'","Coral and similar materials, unworked or simply prepared but not otherwise worked; shells of mollusc","050800'"," Coral and similar materials, unworked or simply prepared but not otherwise worked; shells of mollusc","8","1","R","0","0","","","","0","0","0","0","0","0"
"262","","HS 2007","Harmonized System 2007","Gabon","266'","2019","1","05100010'","  "," ambre gris","05'","Products of animal origin, not elsewhere specified or included","0510'","Ambergris, castoreum, civet and musk; cantharides; bile, whether or not dried; glands and other anim","051000'"," Ambergris, castoreum, civet and musk; cantharides; bile, whether or not dried; glands and other anim","8","1","R","0","0","","","","0","0","0","0","0","0"
"263","","HS 2007","Harmonized System 2007","Gabon","266'","2019","1","05100090'","  "," castor?um,civette&musc,cantharides,bile,glande et autre substance d'origine animal","05'","Products of animal origin, not elsewhere specified or included","0510'","Ambergris, castoreum, civet and musk; cantharides; bile, whether or not dried; glands and other anim","051000'"," Ambergris, castoreum, civet and musk; cantharides; bile, whether or not dried; glands and other anim","8","1","R","0","0","","","","0","0","0","0","0","0"
"264","","HS 2007","Harmonized System 2007","Gabon","266'","2019","1","05111000'","  "," - Sperme de taureaux","05'","Products of animal origin, not elsewhere specified or included","0511'","Animal products not elsewhere specified or included; dead animals of Chapter 1 or 3, unfit for human","051110'"," - Bovine semen","8","1","R","0","0","","","","0","0","0","0","0","0"
"265","","HS 2007","Harmonized System 2007","Gabon","266'","2019","1","05119100'","  "," -- Produits de poissons ou de crustac?s, mollusques ou autres invert?br?s aquatiques; animaux morts du Chapitre?3","05'","Products of animal origin, not elsewhere specified or included","0511'","Animal products not elsewhere specified or included; dead animals of Chapter 1 or 3, unfit for human","051191'"," -- Products of fish or crustaceans, molluscs or other aquatic invertebrates; dead animals of Chapter","8","1","R","0","0","","","","0","0","0","0","0","0"
"266","","HS 2007","Harmonized System 2007","Gabon","266'","2019","1","05119900'","  "," -- Autres","05'","Products of animal origin, not elsewhere specified or included","0511'","Animal products not elsewhere specified or included; dead animals of Chapter 1 or 3, unfit for human","051199'"," -- Other","8","1","R","0","0","","","","0","0","0","0","0","0"
"267","","HS 2007","Harmonized System 2007","Gabon","266'","2019","1","06011000'","  "," - Bulbes, oignons, tubercules, racines tub?reuses, griffes et rhizomes, en repos v?g?tatif","06'","Live trees and other plants; bulbs, roots and the like; cut flowers and ornamental foliage","0601'","Bulbs, tubers, tuberous roots, corms, crowns and rhizomes, dormant, in growth or in flower; chicory ","060110'"," - Bulbs, tubers, tuberous roots, corms, crowns and rhizomes, dormant","8","1","R","0","0","","","","0","0","0","0","0","0"
"268","","HS 2007","Harmonized System 2007","Gabon","266'","2019","1","06012010'","  "," plants,plantes et racines de chicor?e","06'","Live trees and other plants; bulbs, roots and the like; cut flowers and ornamental foliage","0601'","Bulbs, tubers, tuberous roots, corms, crowns and rhizomes, dormant, in growth or in flower; chicory ","060120'"," - Bulbs, tubers, tuberous roots, corms, crowns and rhizomes, in growth or in flower; chicory plants ","8","1","R","0","0","","","","0","0","0","0","0","0"
"269","","HS 2007","Harmonized System 2007","Gabon","266'","2019","1","06012090'","  "," bulbes,oignons,tubercules,racine tubereusegriffes & rhizomes en v?g?tation ou fleur","06'","Live trees and other plants; bulbs, roots and the like; cut flowers and ornamental foliage","0601'","Bulbs, tubers, tuberous roots, corms, crowns and rhizomes, dormant, in growth or in flower; chicory ","060120'"," - Bulbs, tubers, tuberous roots, corms, crowns and rhizomes, in growth or in flower; chicory plants ","8","1","R","0","0","","","","0","0","0","0","0","0"
"270","","HS 2007","Harmonized System 2007","Gabon","266'","2019","1","06021000'","  "," - Boutures non racin?es et greffons","06'","Live trees and other plants; bulbs, roots and the like; cut flowers and ornamental foliage","0602'","Other live plants (including their roots), cuttings and slips; mushroom spawn.","060210'"," - Unrooted cuttings and slips","8","1","R","0","0","","","","0","0","0","0","0","0"
"271","","HS 2007","Harmonized System 2007","Gabon","266'","2019","1","06022000'","  "," - Arbres, arbustes, arbrisseaux et buissons, ? fruits comestibles, greff?s ou non","06'","Live trees and other plants; bulbs, roots and the like; cut flowers and ornamental foliage","0602'","Other live plants (including their roots), cuttings and slips; mushroom spawn.","060220'"," - Trees, shrubs and bushes, grafted or not, of kinds which bear edible fruit or nuts","8","1","R","0","0","","","","0","0","0","0","0","0"
"272","","HS 2007","Harmonized System 2007","Gabon","266'","2019","1","06023000'","  "," - Rhododendrons et azal?es, greff?s ou non","06'","Live trees and other plants; bulbs, roots and the like; cut flowers and ornamental foliage","0602'","Other live plants (including their roots), cuttings and slips; mushroom spawn.","060230'"," - Rhododendrons and azaleas, grafted or not","8","1","R","0","0","","","","0","0","0","0","0","0"
"273","","HS 2007","Harmonized System 2007","Gabon","266'","2019","1","06024000'","  "," - Rosiers, greff?s ou non","06'","Live trees and other plants; bulbs, roots and the like; cut flowers and ornamental foliage","0602'","Other live plants (including their roots), cuttings and slips; mushroom spawn.","060240'"," - Roses, grafted or not","8","1","R","0","0","","","","0","0","0","0","0","0"
"274","","HS 2007","Harmonized System 2007","Gabon","266'","2019","1","06029000'","  "," - Autres","06'","Live trees and other plants; bulbs, roots and the like; cut flowers and ornamental foliage","0602'","Other live plants (including their roots), cuttings and slips; mushroom spawn.","060290'"," - Other","8","1","R","0","0","","","","0","0","0","0","0","0"
"275","","HS 2007","Harmonized System 2007","Gabon","266'","2019","1","06031100'","  "," -- Roses","06'","Live trees and other plants; bulbs, roots and the like; cut flowers and ornamental foliage","0603'","Cut flowers and flower buds of a kind suitable for bouquets or for ornamental purposes, fresh, dried","060311'"," -- Roses","8","1","R","0","0","","","","0","0","0","0","0","0"
"276","","HS 2007","Harmonized System 2007","Gabon","266'","2019","1","06031200'","  "," -- Oeillets","06'","Live trees and other plants; bulbs, roots and the like; cut flowers and ornamental foliage","0603'","Cut flowers and flower buds of a kind suitable for bouquets or for ornamental purposes, fresh, dried","060312'"," -- Carnations","8","1","R","0","0","","","","0","0","0","0","0","0"
"277","","HS 2007","Harmonized System 2007","Gabon","266'","2019","1","06031300'","  "," -- Orchid?es","06'","Live trees and other plants; bulbs, roots and the like; cut flowers and ornamental foliage","0603'","Cut flowers and flower buds of a kind suitable for bouquets or for ornamental purposes, fresh, dried","060313'"," -- Orchids","8","1","R","0","0","","","","0","0","0","0","0","0"
"278","","HS 2007","Harmonized System 2007","Gabon","266'","2019","1","06031400'","  "," -- Chrysanth?mes","06'","Live trees and other plants; bulbs, roots and the like; cut flowers and ornamental foliage","0603'","Cut flowers and flower buds of a kind suitable for bouquets or for ornamental purposes, fresh, dried","060314'"," -- Chrysanthemums","8","1","R","0","0","","","","0","0","0","0","0","0"
"279","","HS 2007","Harmonized System 2007","Gabon","266'","2019","1","06031900'","  "," -- Autres","06'","Live trees and other plants; bulbs, roots and the like; cut flowers and ornamental foliage","0603'","Cut flowers and flower buds of a kind suitable for bouquets or for ornamental purposes, fresh, dried","060319'"," -- Other","8","1","R","0","0","","","","0","0","0","0","0","0"
"280","","HS 2007","Harmonized System 2007","Gabon","266'","2019","1","06039000'","  "," - Autres","06'","Live trees and other plants; bulbs, roots and the like; cut flowers and ornamental foliage","0603'","Cut flowers and flower buds of a kind suitable for bouquets or for ornamental purposes, fresh, dried","060390'"," - Other","8","1","R","0","0","","","","0","0","0","0","0","0"
"281","","HS 2007","Harmonized System 2007","Gabon","266'","2019","1","06041000'","  "," - Mousses et lichens","06'","Live trees and other plants; bulbs, roots and the like; cut flowers and ornamental foliage","0604'","Foliage, branches and other parts of plants, without flowers or flower buds, and grasses, mosses and","060410'"," - Mosses and lichens","8","1","R","0","0","","","","0","0","0","0","0","0"
"282","","HS 2007","Harmonized System 2007","Gabon","266'","2019","1","06049100'","  "," -- Frais","06'","Live trees and other plants; bulbs, roots and the like; cut flowers and ornamental foliage","0604'","Foliage, branches and other parts of plants, without flowers or flower buds, and grasses, mosses and","060491'"," -- Fresh","8","1","R","0","0","","","","0","0","0","0","0","0"
"283","","HS 2007","Harmonized System 2007","Gabon","266'","2019","1","06049900'","  "," -- Autres","06'","Live trees and other plants; bulbs, roots and the like; cut flowers and ornamental foliage","0604'","Foliage, branches and other parts of plants, without flowers or flower buds, and grasses, mosses and","060499'"," -- Other","8","1","R","0","0","","","","0","0","0","0","0","0"
"284","","HS 2007","Harmonized System 2007","Gabon","266'","2019","1","07011000'","  "," - De semence","07'","Edible vegetables and certain roots and tubers","0701'","Potatoes, fresh or chilled.","070110'"," - Seed","8","1","R","0","0","","","","0","0","0","0","0","0"
"285","","HS 2007","Harmonized System 2007","Gabon","266'","2019","1","07019000'","  "," - Autres","07'","Edible vegetables and certain roots and tubers","0701'","Potatoes, fresh or chilled.","070190'"," - Other","8","1","R","0","0","","","","0","0","0","0","0","0"
"286","","HS 2007","Harmonized System 2007","Gabon","266'","2019","1","07020000'","  "," Tomates, ? l'?tat frais ou r?frig?r?.","07'","Edible vegetables and certain roots and tubers","0702'","Tomatoes, fresh or chilled.","070200'"," Tomatoes, fresh or chilled.","8","1","R","0","0","","","","0","0","0","0","0","0"
"287","","HS 2007","Harmonized System 2007","Gabon","266'","2019","1","07031000'","  "," - Oignons et ?chalotes","07'","Edible vegetables and certain roots and tubers","0703'","Onions, shallots, garlic, leeks and other alliaceous vegetables, fresh or chilled.","070310'"," - Onions and shallots","8","1","R","0","0","","","","0","0","0","0","0","0"
"288","","HS 2007","Harmonized System 2007","Gabon","266'","2019","1","07032000'","  "," - Aulx","07'","Edible vegetables and certain roots and tubers","0703'","Onions, shallots, garlic, leeks and other alliaceous vegetables, fresh or chilled.","070320'"," - Garlic","8","1","R","0","0","","","","0","0","0","0","0","0"
"289","","HS 2007","Harmonized System 2007","Gabon","266'","2019","1","07039000'","  "," - Poireaux et autres l?gumes alliac?s","07'","Edible vegetables and certain roots and tubers","0703'","Onions, shallots, garlic, leeks and other alliaceous vegetables, fresh or chilled.","070390'"," - Leeks and other alliaceous vegetables","8","1","R","0","0","","","","0","0","0","0","0","0"
"290","","HS 2007","Harmonized System 2007","Gabon","266'","2019","1","07041000'","  "," - Choux-fleurs et choux-fleurs brocolis","07'","Edible vegetables and certain roots and tubers","0704'","Cabbages, cauliflowers, kohlrabi, kale and similar edible brassicas, fresh or chilled.","070410'"," - Cauliflowers and headed broccoli","8","1","R","0","0","","","","0","0","0","0","0","0"
"291","","HS 2007","Harmonized System 2007","Gabon","266'","2019","1","07042000'","  "," - Choux de Bruxelles","07'","Edible vegetables and certain roots and tubers","0704'","Cabbages, cauliflowers, kohlrabi, kale and similar edible brassicas, fresh or chilled.","070420'"," - Brussels sprouts","8","1","R","0","0","","","","0","0","0","0","0","0"
"292","","HS 2007","Harmonized System 2007","Gabon","266'","2019","1","07049000'","  "," - Autres","07'","Edible vegetables and certain roots and tubers","0704'","Cabbages, cauliflowers, kohlrabi, kale and similar edible brassicas, fresh or chilled.","070490'"," - Other","8","1","R","0","0","","","","0","0","0","0","0","0"
"293","","HS 2007","Harmonized System 2007","Gabon","266'","2019","1","07051100'","  "," -- Pomm?es","07'","Edible vegetables and certain roots and tubers","0705'","Lettuce (Lactuca sativa) and chicory (Cichorium spp.), fresh or chilled.","070511'"," -- Cabbage lettuce (head lettuce)","8","1","R","0","0","","","","0","0","0","0","0","0"
"294","","HS 2007","Harmonized System 2007","Gabon","266'","2019","1","07051900'","  "," -- Autres","07'","Edible vegetables and certain roots and tubers","0705'","Lettuce (Lactuca sativa) and chicory (Cichorium spp.), fresh or chilled.","070519'"," -- Other","8","1","R","0","0","","","","0","0","0","0","0","0"
"295","","HS 2007","Harmonized System 2007","Gabon","266'","2019","1","07052100'","  "," -- Witloof (Cichorium intybus var. foliosum)","07'","Edible vegetables and certain roots and tubers","0705'","Lettuce (Lactuca sativa) and chicory (Cichorium spp.), fresh or chilled.","070521'"," -- Witloof chicory (Cichorium intybus var. foliosum)","8","1","R","0","0","","","","0","0","0","0","0","0"
"296","","HS 2007","Harmonized System 2007","Gabon","266'","2019","1","07052900'","  "," -- Autres","07'","Edible vegetables and certain roots and tubers","0705'","Lettuce (Lactuca sativa) and chicory (Cichorium spp.), fresh or chilled.","070529'"," -- Other","8","1","R","0","0","","","","0","0","0","0","0","0"
"297","","HS 2007","Harmonized System 2007","Gabon","266'","2019","1","07061000'","  "," - Carottes et navets","07'","Edible vegetables and certain roots and tubers","0706'","Carrots, turnips, salad beetroot, salsify, celeriac, radishes and similar edible roots, fresh or chi","070610'"," - Carrots and turnips","8","1","R","0","0","","","","0","0","0","0","0","0"
"298","","HS 2007","Harmonized System 2007","Gabon","266'","2019","1","07069000'","  "," - Autres","07'","Edible vegetables and certain roots and tubers","0706'","Carrots, turnips, salad beetroot, salsify, celeriac, radishes and similar edible roots, fresh or chi","070690'"," - Other","8","1","R","0","0","","","","0","0","0","0","0","0"
"299","","HS 2007","Harmonized System 2007","Gabon","266'","2019","1","07070000'","  "," Concombres et cornichons, ? l'?tat frais ou r?frig?r?.","07'","Edible vegetables and certain roots and tubers","0707'","Cucumbers and gherkins, fresh or chilled.","070700'"," Cucumbers and gherkins, fresh or chilled.","8","1","R","0","0","","","","0","0","0","0","0","0"
"300","","HS 2007","Harmonized System 2007","Gabon","266'","2019","1","07081000'","  "," - Pois (Pisum sativum)","07'","Edible vegetables and certain roots and tubers","0708'","Leguminous vegetables, shelled or unshelled, fresh or chilled.","070810'"," - Peas (Pisum sativum)","8","1","R","0","0","","","","0","0","0","0","0","0"
"301","","HS 2007","Harmonized System 2007","Gabon","266'","2019","1","07082000'","  "," - Haricots (Vigna spp., Phaseolus spp.)","07'","Edible vegetables and certain roots and tubers","0708'","Leguminous vegetables, shelled or unshelled, fresh or chilled.","070820'"," - Beans (Vigna spp., Phaseolus spp.)","8","1","R","0","0","","","","0","0","0","0","0","0"
"302","","HS 2007","Harmonized System 2007","Gabon","266'","2019","1","07089000'","  "," - Autres l?gumes ? cosse","07'","Edible vegetables and certain roots and tubers","0708'","Leguminous vegetables, shelled or unshelled, fresh or chilled.","070890'"," - Other leguminous vegetables","8","1","R","0","0","","","","0","0","0","0","0","0"
"303","","HS 2007","Harmonized System 2007","Gabon","266'","2019","1","07092000'","  "," - Asperges","07'","Edible vegetables and certain roots and tubers","0709'","Other vegetables, fresh or chilled.","070920'"," - Asparagus","8","1","R","0","0","","","","0","0","0","0","0","0"
"304","","HS 2007","Harmonized System 2007","Gabon","266'","2019","1","07093000'","  "," - Aubergines","07'","Edible vegetables and certain roots and tubers","0709'","Other vegetables, fresh or chilled.","070930'"," - Aubergines (egg-plants)","8","1","R","0","0","","","","0","0","0","0","0","0"
"305","","HS 2007","Harmonized System 2007","Gabon","266'","2019","1","07094000'","  "," - C?leris autres que les c?leris-raves","07'","Edible vegetables and certain roots and tubers","0709'","Other vegetables, fresh or chilled.","070940'"," - Celery other than celeriac","8","1","R","0","0","","","","0","0","0","0","0","0"
"306","","HS 2007","Harmonized System 2007","Gabon","266'","2019","1","07095100'","  "," -- Champignons du genre Agaricus","07'","Edible vegetables and certain roots and tubers","0709'","Other vegetables, fresh or chilled.","070951'"," -- Mushrooms of the genus Agaricus","8","1","R","0","0","","","","0","0","0","0","0","0"
"307","","HS 2007","Harmonized System 2007","Gabon","266'","2019","1","07095900'","  "," -- Autres","07'","Edible vegetables and certain roots and tubers","0709'","Other vegetables, fresh or chilled.","070959'"," -- Other","8","1","R","0","0","","","","0","0","0","0","0","0"
"308","","HS 2007","Harmonized System 2007","Gabon","266'","2019","1","07096000'","  "," - Piments du genre Capsicum ou du genre Pimenta","07'","Edible vegetables and certain roots and tubers","0709'","Other vegetables, fresh or chilled.","070960'"," - Fruits of the genus Capsicum or of the genus Pimenta","8","1","R","0","0","","","","0","0","0","0","0","0"
"309","","HS 2007","Harmonized System 2007","Gabon","266'","2019","1","07097000'","  "," - Epinards, t?tragones (?pinards de Nouvelle-Z?lande) et arroches (?pinards g?ants)","07'","Edible vegetables and certain roots and tubers","0709'","Other vegetables, fresh or chilled.","070970'"," - Spinach, New Zealand spinach and orache spinach (garden spinach)","8","1","R","0","0","","","","0","0","0","0","0","0"
"310","","HS 2007","Harmonized System 2007","Gabon","266'","2019","1","07099010'","  "," ma?s doux frais ou refrig?r?","07'","Edible vegetables and certain roots and tubers","0709'","Other vegetables, fresh or chilled.","070990'"," - Other","8","1","R","0","0","","","","0","0","0","0","0","0"
"311","","HS 2007","Harmonized System 2007","Gabon","266'","2019","1","07099090'","  "," l?gumes frais ou refrig?r?s autre que du0701 ? 07099010","07'","Edible vegetables and certain roots and tubers","0709'","Other vegetables, fresh or chilled.","070990'"," - Other","8","1","R","0","0","","","","0","0","0","0","0","0"
"312","","HS 2007","Harmonized System 2007","Gabon","266'","2019","1","07101000'","  "," - Pommes de terre","07'","Edible vegetables and certain roots and tubers","0710'","Vegetables (uncooked or cooked by steaming or boiling in water), frozen.","071010'"," - Potatoes","8","1","R","0","0","","","","0","0","0","0","0","0"
"313","","HS 2007","Harmonized System 2007","Gabon","266'","2019","1","07102100'","  "," -- Pois (Pisum sativum)","07'","Edible vegetables and certain roots and tubers","0710'","Vegetables (uncooked or cooked by steaming or boiling in water), frozen.","071021'"," -- Peas (Pisum sativum)","8","1","R","0","0","","","","0","0","0","0","0","0"
"314","","HS 2007","Harmonized System 2007","Gabon","266'","2019","1","07102200'","  "," -- Haricots (Vigna spp., Phaseolus spp.)","07'","Edible vegetables and certain roots and tubers","0710'","Vegetables (uncooked or cooked by steaming or boiling in water), frozen.","071022'"," -- Beans (Vigna spp., Phaseolus spp.)","8","1","R","0","0","","","","0","0","0","0","0","0"
"315","","HS 2007","Harmonized System 2007","Gabon","266'","2019","1","07102900'","  "," -- Autres","07'","Edible vegetables and certain roots and tubers","0710'","Vegetables (uncooked or cooked by steaming or boiling in water), frozen.","071029'"," -- Other","8","1","R","0","0","","","","0","0","0","0","0","0"
"316","","HS 2007","Harmonized System 2007","Gabon","266'","2019","1","07103000'","  "," - Epinards, t?tragones (?pinards de Nouvelle-Z?lande) et arroches (?pinards g?ants)","07'","Edible vegetables and certain roots and tubers","0710'","Vegetables (uncooked or cooked by steaming or boiling in water), frozen.","071030'"," - Spinach, New Zealand spinach and orache spinach (garden spinach)","8","1","R","0","0","","","","0","0","0","0","0","0"
"317","","HS 2007","Harmonized System 2007","Gabon","266'","2019","1","07104000'","  "," - Ma?s doux","07'","Edible vegetables and certain roots and tubers","0710'","Vegetables (uncooked or cooked by steaming or boiling in water), frozen.","071040'"," - Sweet corn","8","1","R","0","0","","","","0","0","0","0","0","0"
"318","","HS 2007","Harmonized System 2007","Gabon","266'","2019","1","07108000'","  "," - Autres l?gumes","07'","Edible vegetables and certain roots and tubers","0710'","Vegetables (uncooked or cooked by steaming or boiling in water), frozen.","071080'"," - Other vegetables","8","1","R","0","0","","","","0","0","0","0","0","0"
"319","","HS 2007","Harmonized System 2007","Gabon","266'","2019","1","07109000'","  "," - M?langes de l?gumes","07'","Edible vegetables and certain roots and tubers","0710'","Vegetables (uncooked or cooked by steaming or boiling in water), frozen.","071090'"," - Mixtures of vegetables","8","1","R","0","0","","","","0","0","0","0","0","0"
"320","","HS 2007","Harmonized System 2007","Gabon","266'","2019","1","07112000'","  "," - Olives","07'","Edible vegetables and certain roots and tubers","0711'","Vegetables provisionally preserved (for example, by sulphur dioxide gas, in brine, in sulphur water ","071120'"," - Olives","8","1","R","0","0","","","","0","0","0","0","0","0"
"321","","HS 2007","Harmonized System 2007","Gabon","266'","2019","1","07114000'","  "," - Concombres et cornichons","07'","Edible vegetables and certain roots and tubers","0711'","Vegetables provisionally preserved (for example, by sulphur dioxide gas, in brine, in sulphur water ","071140'"," - Cucumbers and gherkins","8","1","R","0","0","","","","0","0","0","0","0","0"
"322","","HS 2007","Harmonized System 2007","Gabon","266'","2019","1","07115100'","  "," -- Champignons du genre Agaricus","07'","Edible vegetables and certain roots and tubers","0711'","Vegetables provisionally preserved (for example, by sulphur dioxide gas, in brine, in sulphur water ","071151'"," -- Mushrooms of the genus Agaricus","8","1","R","0","0","","","","0","0","0","0","0","0"
"323","","HS 2007","Harmonized System 2007","Gabon","266'","2019","1","07115900'","  "," -- Autres","07'","Edible vegetables and certain roots and tubers","0711'","Vegetables provisionally preserved (for example, by sulphur dioxide gas, in brine, in sulphur water ","071159'"," -- Other","8","1","R","0","0","","","","0","0","0","0","0","0"
"324","","HS 2007","Harmonized System 2007","Gabon","266'","2019","1","07119000'","  "," - Autres l?gumes; m?langes de l?gumes","07'","Edible vegetables and certain roots and tubers","0711'","Vegetables provisionally preserved (for example, by sulphur dioxide gas, in brine, in sulphur water ","071190'"," - Other vegetables; mixtures of vegetables","8","1","R","0","0","","","","0","0","0","0","0","0"
"325","","HS 2007","Harmonized System 2007","Gabon","266'","2019","1","07122000'","  "," - Oignons","07'","Edible vegetables and certain roots and tubers","0712'","Dried vegetables, whole, cut, sliced, broken or in powder, but not further prepared.","071220'"," - Onions","8","1","R","0","0","","","","0","0","0","0","0","0"
"326","","HS 2007","Harmonized System 2007","Gabon","266'","2019","1","07123100'","  "," -- Champignons du genre Agaricus","07'","Edible vegetables and certain roots and tubers","0712'","Dried vegetables, whole, cut, sliced, broken or in powder, but not further prepared.","071231'"," -- Mushrooms of the genus Agaricus","8","1","R","0","0","","","","0","0","0","0","0","0"
"327","","HS 2007","Harmonized System 2007","Gabon","266'","2019","1","07123200'","  "," -- Oreilles-de-Judas (Auricularia spp.)","07'","Edible vegetables and certain roots and tubers","0712'","Dried vegetables, whole, cut, sliced, broken or in powder, but not further prepared.","071232'"," -- Wood ears (Auricularia spp.)","8","1","R","0","0","","","","0","0","0","0","0","0"
"328","","HS 2007","Harmonized System 2007","Gabon","266'","2019","1","07123300'","  "," -- Tr?melles (Tremella spp.)","07'","Edible vegetables and certain roots and tubers","0712'","Dried vegetables, whole, cut, sliced, broken or in powder, but not further prepared.","071233'"," -- Jelly fungi (Tremella spp.)","8","1","R","0","0","","","","0","0","0","0","0","0"
"329","","HS 2007","Harmonized System 2007","Gabon","266'","2019","1","07123900'","  "," -- Autres","07'","Edible vegetables and certain roots and tubers","0712'","Dried vegetables, whole, cut, sliced, broken or in powder, but not further prepared.","071239'"," -- Other","8","1","R","0","0","","","","0","0","0","0","0","0"
"330","","HS 2007","Harmonized System 2007","Gabon","266'","2019","1","07129010'","  "," mais doux secs,coup?s,broy?s ou pulv?ris?smais non autrement pr?par?s","07'","Edible vegetables and certain roots and tubers","0712'","Dried vegetables, whole, cut, sliced, broken or in powder, but not further prepared.","071290'"," - Other vegetables; mixtures of vegetables","8","1","R","0","0","","","","0","0","0","0","0","0"
"331","","HS 2007","Harmonized System 2007","Gabon","266'","2019","1","07129090'","  "," l?gumes secs et melanges de l?gumes ,coup?s broy?s du 0712 autres que du 071220 ? 071239","07'","Edible vegetables and certain roots and tubers","0712'","Dried vegetables, whole, cut, sliced, broken or in powder, but not further prepared.","071290'"," - Other vegetables; mixtures of vegetables","8","1","R","0","0","","","","0","0","0","0","0","0"
"332","","HS 2007","Harmonized System 2007","Gabon","266'","2019","1","07131000'","  "," - Pois (Pisum sativum)","07'","Edible vegetables and certain roots and tubers","0713'","Dried leguminous vegetables, shelled, whether or not skinned or split.","071310'"," - Peas (Pisum sativum)","8","1","R","0","0","","","","0","0","0","0","0","0"
"333","","HS 2007","Harmonized System 2007","Gabon","266'","2019","1","07132000'","  "," - Pois chiches","07'","Edible vegetables and certain roots and tubers","0713'","Dried leguminous vegetables, shelled, whether or not skinned or split.","071320'"," - Chickpeas (garbanzos)","8","1","R","0","0","","","","0","0","0","0","0","0"
"334","","HS 2007","Harmonized System 2007","Gabon","266'","2019","1","07133100'","  "," -- Haricots des esp?ces Vigna mungo (L.) Hepper ou Vigna radiata (L.) Wilczek","07'","Edible vegetables and certain roots and tubers","0713'","Dried leguminous vegetables, shelled, whether or not skinned or split.","071331'"," -- Beans of the species Vigna mungo (L.) Hepper or Vigna radiata (L.) Wilczek","8","1","R","0","0","","","","0","0","0","0","0","0"
"335","","HS 2007","Harmonized System 2007","Gabon","266'","2019","1","07133200'","  "," -- Haricots ?petits rouges? (haricots Adzuki) (Phaseolus ou Vigna angularis)","07'","Edible vegetables and certain roots and tubers","0713'","Dried leguminous vegetables, shelled, whether or not skinned or split.","071332'"," -- Small red (Adzuki) beans (Phaseolus or Vigna angularis)","8","1","R","0","0","","","","0","0","0","0","0","0"
"336","","HS 2007","Harmonized System 2007","Gabon","266'","2019","1","07133300'","  "," -- Haricots communs (Phaseolus vulgaris)","07'","Edible vegetables and certain roots and tubers","0713'","Dried leguminous vegetables, shelled, whether or not skinned or split.","071333'"," -- Kidney beans, including white pea beans (Phaseolus vulgaris)","8","1","R","0","0","","","","0","0","0","0","0","0"
"337","","HS 2007","Harmonized System 2007","Gabon","266'","2019","1","07133900'","  "," -- Autres","07'","Edible vegetables and certain roots and tubers","0713'","Dried leguminous vegetables, shelled, whether or not skinned or split.","071339'"," -- Other","8","1","R","0","0","","","","0","0","0","0","0","0"
"338","","HS 2007","Harmonized System 2007","Gabon","266'","2019","1","07134000'","  "," - Lentilles","07'","Edible vegetables and certain roots and tubers","0713'","Dried leguminous vegetables, shelled, whether or not skinned or split.","071340'"," - Lentils","8","1","R","0","0","","","","0","0","0","0","0","0"
"339","","HS 2007","Harmonized System 2007","Gabon","266'","2019","1","07135000'","  "," - F?ves (Vicia faba var. major) et f?veroles (Vicia faba var. equina, Vicia faba var. minor)","07'","Edible vegetables and certain roots and tubers","0713'","Dried leguminous vegetables, shelled, whether or not skinned or split.","071350'"," - Broad beans (Vicia faba var. major) and horse beans (Vicia faba var. equina, Vicia faba var. minor","8","1","R","0","0","","","","0","0","0","0","0","0"
"340","","HS 2007","Harmonized System 2007","Gabon","266'","2019","1","07139000'","  "," - Autres","07'","Edible vegetables and certain roots and tubers","0713'","Dried leguminous vegetables, shelled, whether or not skinned or split.","071390'"," - Other","8","1","R","0","0","","","","0","0","0","0","0","0"
"341","","HS 2007","Harmonized System 2007","Gabon","266'","2019","1","07141000'","  "," - Racines de manioc","07'","Edible vegetables and certain roots and tubers","0714'","Manioc, arrowroot, salep, Jerusalem artichokes, sweet potatoes and similar roots and tubers with hig","071410'"," - Manioc (cassava)","8","1","R","0","0","","","","0","0","0","0","0","0"
"342","","HS 2007","Harmonized System 2007","Gabon","266'","2019","1","07142000'","  "," - Patates douces","07'","Edible vegetables and certain roots and tubers","0714'","Manioc, arrowroot, salep, Jerusalem artichokes, sweet potatoes and similar roots and tubers with hig","071420'"," - Sweet potatoes","8","1","R","0","0","","","","0","0","0","0","0","0"
"343","","HS 2007","Harmonized System 2007","Gabon","266'","2019","1","07149010'","  "," ignames frais , refr?g?r? ou congel? ou s?ch?","07'","Edible vegetables and certain roots and tubers","0714'","Manioc, arrowroot, salep, Jerusalem artichokes, sweet potatoes and similar roots and tubers with hig","071490'"," - Other","8","1","R","0","0","","","","0","0","0","0","0","0"
"344","","HS 2007","Harmonized System 2007","Gabon","266'","2019","1","07149090'","  "," l?gumes du 0714,non d?nomm?s ni repris ailleurs sous toutes formes","07'","Edible vegetables and certain roots and tubers","0714'","Manioc, arrowroot, salep, Jerusalem artichokes, sweet potatoes and similar roots and tubers with hig","071490'"," - Other","8","1","R","0","0","","","","0","0","0","0","0","0"
"345","","HS 2007","Harmonized System 2007","Gabon","266'","2019","1","08011100'","  "," -- Dess?ch?es","08'","Edible fruit and nuts; peel of citrus fruit or melons","0801'","Coconuts, Brazil nuts and cashew nuts, fresh or dried, whether or not shelled or peeled.","080111'"," -- Desiccated","8","1","R","0","0","","","","0","0","0","0","0","0"
"346","","HS 2007","Harmonized System 2007","Gabon","266'","2019","1","08011900'","  "," -- Autres","08'","Edible fruit and nuts; peel of citrus fruit or melons","0801'","Coconuts, Brazil nuts and cashew nuts, fresh or dried, whether or not shelled or peeled.","080119'"," -- Other","8","1","R","0","0","","","","0","0","0","0","0","0"
"347","","HS 2007","Harmonized System 2007","Gabon","266'","2019","1","08012100'","  "," -- En coques","08'","Edible fruit and nuts; peel of citrus fruit or melons","0801'","Coconuts, Brazil nuts and cashew nuts, fresh or dried, whether or not shelled or peeled.","080121'"," -- In shell","8","1","R","0","0","","","","0","0","0","0","0","0"
"348","","HS 2007","Harmonized System 2007","Gabon","266'","2019","1","08012200'","  "," -- Sans coques","08'","Edible fruit and nuts; peel of citrus fruit or melons","0801'","Coconuts, Brazil nuts and cashew nuts, fresh or dried, whether or not shelled or peeled.","080122'"," -- Shelled","8","1","R","0","0","","","","0","0","0","0","0","0"
"349","","HS 2007","Harmonized System 2007","Gabon","266'","2019","1","08013100'","  "," -- En coques","08'","Edible fruit and nuts; peel of citrus fruit or melons","0801'","Coconuts, Brazil nuts and cashew nuts, fresh or dried, whether or not shelled or peeled.","080131'"," -- In shell","8","1","R","0","0","","","","0","0","0","0","0","0"
"350","","HS 2007","Harmonized System 2007","Gabon","266'","2019","1","08013200'","  "," -- Sans coques","08'","Edible fruit and nuts; peel of citrus fruit or melons","0801'","Coconuts, Brazil nuts and cashew nuts, fresh or dried, whether or not shelled or peeled.","080132'"," -- Shelled","8","1","R","0","0","","","","0","0","0","0","0","0"
"351","","HS 2007","Harmonized System 2007","Gabon","266'","2019","1","08021100'","  "," -- En coques","08'","Edible fruit and nuts; peel of citrus fruit or melons","0802'","Other nuts, fresh or dried, whether or not shelled or peeled.","080211'"," -- In shell","8","1","R","0","0","","","","0","0","0","0","0","0"
"352","","HS 2007","Harmonized System 2007","Gabon","266'","2019","1","08021200'","  "," -- Sans coques","08'","Edible fruit and nuts; peel of citrus fruit or melons","0802'","Other nuts, fresh or dried, whether or not shelled or peeled.","080212'"," -- Shelled","8","1","R","0","0","","","","0","0","0","0","0","0"
"353","","HS 2007","Harmonized System 2007","Gabon","266'","2019","1","08022100'","  "," -- En coques","08'","Edible fruit and nuts; peel of citrus fruit or melons","0802'","Other nuts, fresh or dried, whether or not shelled or peeled.","080221'"," -- In shell","8","1","R","0","0","","","","0","0","0","0","0","0"
"354","","HS 2007","Harmonized System 2007","Gabon","266'","2019","1","08022200'","  "," -- Sans coques","08'","Edible fruit and nuts; peel of citrus fruit or melons","0802'","Other nuts, fresh or dried, whether or not shelled or peeled.","080222'"," -- Shelled","8","1","R","0","0","","","","0","0","0","0","0","0"
"355","","HS 2007","Harmonized System 2007","Gabon","266'","2019","1","08023100'","  "," -- En coques","08'","Edible fruit and nuts; peel of citrus fruit or melons","0802'","Other nuts, fresh or dried, whether or not shelled or peeled.","080231'"," -- In shell","8","1","R","0","0","","","","0","0","0","0","0","0"
"356","","HS 2007","Harmonized System 2007","Gabon","266'","2019","1","08023200'","  "," -- Sans coques","08'","Edible fruit and nuts; peel of citrus fruit or melons","0802'","Other nuts, fresh or dried, whether or not shelled or peeled.","080232'"," -- Shelled","8","1","R","0","0","","","","0","0","0","0","0","0"
"357","","HS 2007","Harmonized System 2007","Gabon","266'","2019","1","08024000'","  "," - Ch?taignes et marrons (Castanea spp.)","08'","Edible fruit and nuts; peel of citrus fruit or melons","0802'","Other nuts, fresh or dried, whether or not shelled or peeled.","080240'"," - Chestnuts (Castanea spp.)","8","1","R","0","0","","","","0","0","0","0","0","0"
"358","","HS 2007","Harmonized System 2007","Gabon","266'","2019","1","08025000'","  "," - Pistaches","08'","Edible fruit and nuts; peel of citrus fruit or melons","0802'","Other nuts, fresh or dried, whether or not shelled or peeled.","080250'"," - Pistachios","8","1","R","0","0","","","","0","0","0","0","0","0"
"359","","HS 2007","Harmonized System 2007","Gabon","266'","2019","1","08026000'","  "," - Noix macadamia","08'","Edible fruit and nuts; peel of citrus fruit or melons","0802'","Other nuts, fresh or dried, whether or not shelled or peeled.","080260'"," - Macadamia nuts","8","1","R","0","0","","","","0","0","0","0","0","0"
"360","","HS 2007","Harmonized System 2007","Gabon","266'","2019","1","08029011'","  "," noix de cola de semance","08'","Edible fruit and nuts; peel of citrus fruit or melons","0802'","Other nuts, fresh or dried, whether or not shelled or peeled.","080290'"," - Other","8","1","R","0","0","","","","0","0","0","0","0","0"
"361","","HS 2007","Harmonized System 2007","Gabon","266'","2019","1","08029019'","  "," noix de cola autre que de semance","08'","Edible fruit and nuts; peel of citrus fruit or melons","0802'","Other nuts, fresh or dried, whether or not shelled or peeled.","080290'"," - Other","8","1","R","0","0","","","","0","0","0","0","0","0"
"362","","HS 2007","Harmonized System 2007","Gabon","266'","2019","1","08029090'","  "," fruits ? coques du 0802,frais ou secs d?cortiqu?s ou non,non d?nomm?s au 0802","08'","Edible fruit and nuts; peel of citrus fruit or melons","0802'","Other nuts, fresh or dried, whether or not shelled or peeled.","080290'"," - Other","8","1","R","0","0","","","","0","0","0","0","0","0"
"363","","HS 2007","Harmonized System 2007","Gabon","266'","2019","1","08030000'","  "," Bananes, y compris les plantains, fra?ches ou s?ches.","08'","Edible fruit and nuts; peel of citrus fruit or melons","0803'","Bananas, including plantains, fresh or dried.","080300'"," Bananas, including plantains, fresh or dried.","8","1","R","0","0","","","","0","0","0","0","0","0"
"364","","HS 2007","Harmonized System 2007","Gabon","266'","2019","1","08041000'","  "," - Dattes","08'","Edible fruit and nuts; peel of citrus fruit or melons","0804'","Dates, figs, pineapples, avocados, guavas, mangoes and mangosteens, fresh or dried.","080410'"," - Dates","8","1","R","0","0","","","","0","0","0","0","0","0"
"365","","HS 2007","Harmonized System 2007","Gabon","266'","2019","1","08042000'","  "," - Figues","08'","Edible fruit and nuts; peel of citrus fruit or melons","0804'","Dates, figs, pineapples, avocados, guavas, mangoes and mangosteens, fresh or dried.","080420'"," - Figs","8","1","R","0","0","","","","0","0","0","0","0","0"
"366","","HS 2007","Harmonized System 2007","Gabon","266'","2019","1","08043000'","  "," - Ananas","08'","Edible fruit and nuts; peel of citrus fruit or melons","0804'","Dates, figs, pineapples, avocados, guavas, mangoes and mangosteens, fresh or dried.","080430'"," - Pineapples","8","1","R","0","0","","","","0","0","0","0","0","0"
"367","","HS 2007","Harmonized System 2007","Gabon","266'","2019","1","08044000'","  "," - Avocats","08'","Edible fruit and nuts; peel of citrus fruit or melons","0804'","Dates, figs, pineapples, avocados, guavas, mangoes and mangosteens, fresh or dried.","080440'"," - Avocados","8","1","R","0","0","","","","0","0","0","0","0","0"
"368","","HS 2007","Harmonized System 2007","Gabon","266'","2019","1","08045000'","  "," - Goyaves, mangues et mangoustans","08'","Edible fruit and nuts; peel of citrus fruit or melons","0804'","Dates, figs, pineapples, avocados, guavas, mangoes and mangosteens, fresh or dried.","080450'"," - Guavas, mangoes and mangosteens","8","1","R","0","0","","","","0","0","0","0","0","0"
"369","","HS 2007","Harmonized System 2007","Gabon","266'","2019","1","08051000'","  "," - Oranges","08'","Edible fruit and nuts; peel of citrus fruit or melons","0805'","Citrus fruit, fresh or dried.","080510'"," - Oranges","8","1","R","0","0","","","","0","0","0","0","0","0"
"370","","HS 2007","Harmonized System 2007","Gabon","266'","2019","1","08052000'","  "," - Mandarines (y compris les tang?rines et satsumas); cl?mentines, wilkings et hybrides similaires d'agrumes","08'","Edible fruit and nuts; peel of citrus fruit or melons","0805'","Citrus fruit, fresh or dried.","080520'"," - Mandarins (including tangerines and satsumas); clementines, wilkings and similar citrus hybrids","8","1","R","0","0","","","","0","0","0","0","0","0"
"371","","HS 2007","Harmonized System 2007","Gabon","266'","2019","1","08054000'","  "," - Pamplemousses et pomelos","08'","Edible fruit and nuts; peel of citrus fruit or melons","0805'","Citrus fruit, fresh or dried.","080540'"," - Grapefruit, including pomelos","8","1","R","0","0","","","","0","0","0","0","0","0"
"372","","HS 2007","Harmonized System 2007","Gabon","266'","2019","1","08055000'","  "," - Citrons (Citrus limon, Citrus limonum) et limes (Citrus aurantifolia, Citrus latifolia)","08'","Edible fruit and nuts; peel of citrus fruit or melons","0805'","Citrus fruit, fresh or dried.","080550'"," - Lemons (Citrus limon, Citrus limonum) and limes (Citrus aurantifolia, Citrus latifolia)","8","1","R","0","0","","","","0","0","0","0","0","0"
"373","","HS 2007","Harmonized System 2007","Gabon","266'","2019","1","08059000'","  "," - Autres","08'","Edible fruit and nuts; peel of citrus fruit or melons","0805'","Citrus fruit, fresh or dried.","080590'"," - Other","8","1","R","0","0","","","","0","0","0","0","0","0"
"374","","HS 2007","Harmonized System 2007","Gabon","266'","2019","1","08061000'","  "," - Frais","08'","Edible fruit and nuts; peel of citrus fruit or melons","0806'","Grapes, fresh or dried.","080610'"," - Fresh","8","1","R","0","0","","","","0","0","0","0","0","0"
"375","","HS 2007","Harmonized System 2007","Gabon","266'","2019","1","08062000'","  "," - Secs","08'","Edible fruit and nuts; peel of citrus fruit or melons","0806'","Grapes, fresh or dried.","080620'"," - Dried","8","1","R","0","0","","","","0","0","0","0","0","0"
"376","","HS 2007","Harmonized System 2007","Gabon","266'","2019","1","08071100'","  "," -- Past?ques","08'","Edible fruit and nuts; peel of citrus fruit or melons","0807'","Melons (including watermelons) and papaws (papayas), fresh.","080711'"," -- Watermelons","8","1","R","0","0","","","","0","0","0","0","0","0"
"377","","HS 2007","Harmonized System 2007","Gabon","266'","2019","1","08071900'","  "," -- Autres","08'","Edible fruit and nuts; peel of citrus fruit or melons","0807'","Melons (including watermelons) and papaws (papayas), fresh.","080719'"," -- Other","8","1","R","0","0","","","","0","0","0","0","0","0"
"378","","HS 2007","Harmonized System 2007","Gabon","266'","2019","1","08072000'","  "," - Papayes","08'","Edible fruit and nuts; peel of citrus fruit or melons","0807'","Melons (including watermelons) and papaws (papayas), fresh.","080720'"," - Papaws (papayas)","8","1","R","0","0","","","","0","0","0","0","0","0"
"379","","HS 2007","Harmonized System 2007","Gabon","266'","2019","1","08081000'","  "," - Pommes","08'","Edible fruit and nuts; peel of citrus fruit or melons","0808'","Apples, pears and quinces, fresh.","080810'"," - Apples","8","1","R","0","0","","","","0","0","0","0","0","0"
"380","","HS 2007","Harmonized System 2007","Gabon","266'","2019","1","08082000'","  "," - Poires et coings","08'","Edible fruit and nuts; peel of citrus fruit or melons","0808'","Apples, pears and quinces, fresh.","080820'"," - Pears and quinces","8","1","R","0","0","","","","0","0","0","0","0","0"
"381","","HS 2007","Harmonized System 2007","Gabon","266'","2019","1","08091000'","  "," - Abricots","08'","Edible fruit and nuts; peel of citrus fruit or melons","0809'","Apricots, cherries, peaches (including nectarines), plums and sloes, fresh.","080910'"," - Apricots","8","1","R","0","0","","","","0","0","0","0","0","0"
"382","","HS 2007","Harmonized System 2007","Gabon","266'","2019","1","08092000'","  "," - Cerises","08'","Edible fruit and nuts; peel of citrus fruit or melons","0809'","Apricots, cherries, peaches (including nectarines), plums and sloes, fresh.","080920'"," - Cherries","8","1","R","0","0","","","","0","0","0","0","0","0"
"383","","HS 2007","Harmonized System 2007","Gabon","266'","2019","1","08093000'","  "," - P?ches, y compris les brugnons et nectarines","08'","Edible fruit and nuts; peel of citrus fruit or melons","0809'","Apricots, cherries, peaches (including nectarines), plums and sloes, fresh.","080930'"," - Peaches, including nectarines","8","1","R","0","0","","","","0","0","0","0","0","0"
"384","","HS 2007","Harmonized System 2007","Gabon","266'","2019","1","08094000'","  "," - Prunes et prunelles","08'","Edible fruit and nuts; peel of citrus fruit or melons","0809'","Apricots, cherries, peaches (including nectarines), plums and sloes, fresh.","080940'"," - Plums and sloes","8","1","R","0","0","","","","0","0","0","0","0","0"
"385","","HS 2007","Harmonized System 2007","Gabon","266'","2019","1","08101000'","  "," - Fraises","08'","Edible fruit and nuts; peel of citrus fruit or melons","0810'","Other fruit, fresh.","081010'"," - Strawberries","8","1","R","0","0","","","","0","0","0","0","0","0"
"386","","HS 2007","Harmonized System 2007","Gabon","266'","2019","1","08102000'","  "," - Framboises, m?res de ronce ou de m?rier et m?res-framboises","08'","Edible fruit and nuts; peel of citrus fruit or melons","0810'","Other fruit, fresh.","081020'"," - Raspberries, blackberries, mulberries and loganberries","8","1","R","0","0","","","","0","0","0","0","0","0"
"387","","HS 2007","Harmonized System 2007","Gabon","266'","2019","1","08104000'","  "," - Airelles, myrtilles et autres fruits du genre Vaccinium","08'","Edible fruit and nuts; peel of citrus fruit or melons","0810'","Other fruit, fresh.","081040'"," - Cranberries, bilberries and other fruits of the genus Vaccinium","8","1","R","0","0","","","","0","0","0","0","0","0"
"388","","HS 2007","Harmonized System 2007","Gabon","266'","2019","1","08105000'","  "," - Kiwis","08'","Edible fruit and nuts; peel of citrus fruit or melons","0810'","Other fruit, fresh.","081050'"," - Kiwifruit","8","1","R","0","0","","","","0","0","0","0","0","0"
"389","","HS 2007","Harmonized System 2007","Gabon","266'","2019","1","08106000'","  "," - Durians","08'","Edible fruit and nuts; peel of citrus fruit or melons","0810'","Other fruit, fresh.","081060'"," - Durians","8","1","R","0","0","","","","0","0","0","0","0","0"
"390","","HS 2007","Harmonized System 2007","Gabon","266'","2019","1","08109000'","  "," - Autres","08'","Edible fruit and nuts; peel of citrus fruit or melons","0810'","Other fruit, fresh.","081090'"," - Other","8","1","R","0","0","","","","0","0","0","0","0","0"
"391","","HS 2007","Harmonized System 2007","Gabon","266'","2019","1","08111010'","  "," fraises non sucr? ni ?dulcor? non cuits ou cuits ? la vapeur , congel?s","08'","Edible fruit and nuts; peel of citrus fruit or melons","0811'","Fruit and nuts, uncooked or cooked by steaming or boiling in water, frozen, whether or not containin","081110'"," - Strawberries","8","1","R","0","0","","","","0","0","0","0","0","0"
"392","","HS 2007","Harmonized System 2007","Gabon","266'","2019","1","08111090'","  "," fraises sucr?s ou ?dulcor?s,cuits ou non ,congel?s","08'","Edible fruit and nuts; peel of citrus fruit or melons","0811'","Fruit and nuts, uncooked or cooked by steaming or boiling in water, frozen, whether or not containin","081110'"," - Strawberries","8","1","R","0","0","","","","0","0","0","0","0","0"
"393","","HS 2007","Harmonized System 2007","Gabon","266'","2019","1","08112010'","  "," framboises,mures,groseilles non sucr? ni ?dulcor?s","08'","Edible fruit and nuts; peel of citrus fruit or melons","0811'","Fruit and nuts, uncooked or cooked by steaming or boiling in water, frozen, whether or not containin","081120'"," - Raspberries, blackberries, mulberries, loganberries, black, white or red currants and gooseberries","8","1","R","0","0","","","","0","0","0","0","0","0"
"394","","HS 2007","Harmonized System 2007","Gabon","266'","2019","1","08112090'","  "," framboises,mures,groseilles sucr?s ou ?dulcor?s","08'","Edible fruit and nuts; peel of citrus fruit or melons","0811'","Fruit and nuts, uncooked or cooked by steaming or boiling in water, frozen, whether or not containin","081120'"," - Raspberries, blackberries, mulberries, loganberries, black, white or red currants and gooseberries","8","1","R","0","0","","","","0","0","0","0","0","0"
"395","","HS 2007","Harmonized System 2007","Gabon","266'","2019","1","08119010'","  "," fruits du 0811,non repris ailleurs,non sucr?s ni edulcor?s. congel?s","08'","Edible fruit and nuts; peel of citrus fruit or melons","0811'","Fruit and nuts, uncooked or cooked by steaming or boiling in water, frozen, whether or not containin","081190'"," - Other","8","1","R","0","0","","","","0","0","0","0","0","0"
"396","","HS 2007","Harmonized System 2007","Gabon","266'","2019","1","08119090'","  "," fruits du 0811,non repris,sucr?s ou ?dulcor?s, congel?s","08'","Edible fruit and nuts; peel of citrus fruit or melons","0811'","Fruit and nuts, uncooked or cooked by steaming or boiling in water, frozen, whether or not containin","081190'"," - Other","8","1","R","0","0","","","","0","0","0","0","0","0"
"397","","HS 2007","Harmonized System 2007","Gabon","266'","2019","1","08121000'","  "," - Cerises","08'","Edible fruit and nuts; peel of citrus fruit or melons","0812'","Fruit and nuts, provisionally preserved (for example, by sulphur dioxide gas, in brine, in sulphur w","081210'"," - Cherries","8","1","R","0","0","","","","0","0","0","0","0","0"
"398","","HS 2007","Harmonized System 2007","Gabon","266'","2019","1","08129000'","  "," - Autres","08'","Edible fruit and nuts; peel of citrus fruit or melons","0812'","Fruit and nuts, provisionally preserved (for example, by sulphur dioxide gas, in brine, in sulphur w","081290'"," - Other","8","1","R","0","0","","","","0","0","0","0","0","0"
"399","","HS 2007","Harmonized System 2007","Gabon","266'","2019","1","08131000'","  "," - Abricots","08'","Edible fruit and nuts; peel of citrus fruit or melons","0813'","Fruit, dried, other than that of headings 08.01 to 08.06; mixtures of nuts or dried fruits of this C","081310'"," - Apricots","8","1","R","0","0","","","","0","0","0","0","0","0"
"400","","HS 2007","Harmonized System 2007","Gabon","266'","2019","1","08132000'","  "," - Pruneaux","08'","Edible fruit and nuts; peel of citrus fruit or melons","0813'","Fruit, dried, other than that of headings 08.01 to 08.06; mixtures of nuts or dried fruits of this C","081320'"," - Prunes","8","1","R","0","0","","","","0","0","0","0","0","0"
"401","","HS 2007","Harmonized System 2007","Gabon","266'","2019","1","08133000'","  "," - Pommes","08'","Edible fruit and nuts; peel of citrus fruit or melons","0813'","Fruit, dried, other than that of headings 08.01 to 08.06; mixtures of nuts or dried fruits of this C","081330'"," - Apples","8","1","R","0","0","","","","0","0","0","0","0","0"
"402","","HS 2007","Harmonized System 2007","Gabon","266'","2019","1","08134000'","  "," - Autres fruits","08'","Edible fruit and nuts; peel of citrus fruit or melons","0813'","Fruit, dried, other than that of headings 08.01 to 08.06; mixtures of nuts or dried fruits of this C","081340'"," - Other fruit","8","1","R","0","0","","","","0","0","0","0","0","0"
"403","","HS 2007","Harmonized System 2007","Gabon","266'","2019","1","08135000'","  "," - M?langes de fruits s?ch?s ou de fruits ? coques du pr?sent Chapitre","08'","Edible fruit and nuts; peel of citrus fruit or melons","0813'","Fruit, dried, other than that of headings 08.01 to 08.06; mixtures of nuts or dried fruits of this C","081350'"," - Mixtures of nuts or dried fruits of this Chapter","8","1","R","0","0","","","","0","0","0","0","0","0"
"404","","HS 2007","Harmonized System 2007","Gabon","266'","2019","1","08140000'","  "," Ecorces d'agrumes ou de melons (y compris de past?ques), fra?ches, congel?es, pr?sent?es dans l'eau sal?e, soufr?e ou additionn?e d'autres substances servant ? assurer provisoirement leur conservation ou bien s?ch?es.","08'","Edible fruit and nuts; peel of citrus fruit or melons","0814'","Peel of citrus fruit or melons (including watermelons), fresh, frozen, dried or provisionally preser","081400'"," Peel of citrus fruit or melons (including watermelons), fresh, frozen, dried or provisionally preser","8","1","R","0","0","","","","0","0","0","0","0","0"
"405","","HS 2007","Harmonized System 2007","Gabon","266'","2019","1","09011111'","  "," Caf? arabica, non torr?fi?,non d?caf?in?,prima et exprima","09'","Coffee, tea, mate and spices","0901'","Coffee, whether or not roasted or decaffeinated; coffee husks and skins; coffee substitutes containi","090111'"," -- Not decaffeinated","8","1","R","0","0","","","","0","0","0","0","0","0"
"406","","HS 2007","Harmonized System 2007","Gabon","266'","2019","1","09011112'","  "," caf? arabica,non torr?fi?,non d?caf?in?,Sup?rieur","09'","Coffee, tea, mate and spices","0901'","Coffee, whether or not roasted or decaffeinated; coffee husks and skins; coffee substitutes containi","090111'"," -- Not decaffeinated","8","1","R","0","0","","","","0","0","0","0","0","0"
"407","","HS 2007","Harmonized System 2007","Gabon","266'","2019","1","09011113'","  "," caf? arabica,non torr?fi?,non d?caf?in?,Courant","09'","Coffee, tea, mate and spices","0901'","Coffee, whether or not roasted or decaffeinated; coffee husks and skins; coffee substitutes containi","090111'"," -- Not decaffeinated","8","1","R","0","0","","","","0","0","0","0","0","0"
"408","","HS 2007","Harmonized System 2007","Gabon","266'","2019","1","09011114'","  "," caf? arabica, non torr?fi?, non d?caf?in?,Limite","09'","Coffee, tea, mate and spices","0901'","Coffee, whether or not roasted or decaffeinated; coffee husks and skins; coffee substitutes containi","090111'"," -- Not decaffeinated","8","1","R","0","0","","","","0","0","0","0","0","0"
"409","","HS 2007","Harmonized System 2007","Gabon","266'","2019","1","09011115'","  "," caf? arabica,non torrifie, non d?caf?in? ,Sous-limite","09'","Coffee, tea, mate and spices","0901'","Coffee, whether or not roasted or decaffeinated; coffee husks and skins; coffee substitutes containi","090111'"," -- Not decaffeinated","8","1","R","0","0","","","","0","0","0","0","0","0"
"410","","HS 2007","Harmonized System 2007","Gabon","266'","2019","1","09011116'","  "," caf? arabica, non torr?fi?, non d?caf?in?, Triage","09'","Coffee, tea, mate and spices","0901'","Coffee, whether or not roasted or decaffeinated; coffee husks and skins; coffee substitutes containi","090111'"," -- Not decaffeinated","8","1","R","0","0","","","","0","0","0","0","0","0"
"411","","HS 2007","Harmonized System 2007","Gabon","266'","2019","1","09011117'","  "," caf? arabica,non torr?fi?,non d?caf?in?,Brisures","09'","Coffee, tea, mate and spices","0901'","Coffee, whether or not roasted or decaffeinated; coffee husks and skins; coffee substitutes containi","090111'"," -- Not decaffeinated","8","1","R","0","0","","","","0","0","0","0","0","0"
"412","","HS 2007","Harmonized System 2007","Gabon","266'","2019","1","09011118'","  "," caf? arabica,non torr?fi?,non d?caf?in?,Class?s","09'","Coffee, tea, mate and spices","0901'","Coffee, whether or not roasted or decaffeinated; coffee husks and skins; coffee substitutes containi","090111'"," -- Not decaffeinated","8","1","R","0","0","","","","0","0","0","0","0","0"
"413","","HS 2007","Harmonized System 2007","Gabon","266'","2019","1","09011119'","  "," caf? arabica,non torr?fi?,non d?caf?in?,Autre que du 09011111 ? 09011118","09'","Coffee, tea, mate and spices","0901'","Coffee, whether or not roasted or decaffeinated; coffee husks and skins; coffee substitutes containi","090111'"," -- Not decaffeinated","8","1","R","0","0","","","","0","0","0","0","0","0"
"414","","HS 2007","Harmonized System 2007","Gabon","266'","2019","1","09011120'","  "," Semence de Robusta","09'","Coffee, tea, mate and spices","0901'","Coffee, whether or not roasted or decaffeinated; coffee husks and skins; coffee substitutes containi","090111'"," -- Not decaffeinated","8","1","R","0","0","","","","0","0","0","0","0","0"
"415","","HS 2007","Harmonized System 2007","Gabon","266'","2019","1","09011121'","  "," Caf? robusta,non torr?fi?,non d?caf?in?,prima et extra prima","09'","Coffee, tea, mate and spices","0901'","Coffee, whether or not roasted or decaffeinated; coffee husks and skins; coffee substitutes containi","090111'"," -- Not decaffeinated","8","1","R","0","0","","","","0","0","0","0","0","0"
"416","","HS 2007","Harmonized System 2007","Gabon","266'","2019","1","09011122'","  "," caf? robusta, non torr?fi?,non d?caf?in?,Sup?rieur","09'","Coffee, tea, mate and spices","0901'","Coffee, whether or not roasted or decaffeinated; coffee husks and skins; coffee substitutes containi","090111'"," -- Not decaffeinated","8","1","R","0","0","","","","0","0","0","0","0","0"
"417","","HS 2007","Harmonized System 2007","Gabon","266'","2019","1","09011123'","  "," caf? robusta, non torr?fi?,non d?caf?in?,Courant","09'","Coffee, tea, mate and spices","0901'","Coffee, whether or not roasted or decaffeinated; coffee husks and skins; coffee substitutes containi","090111'"," -- Not decaffeinated","8","1","R","0","0","","","","0","0","0","0","0","0"
"418","","HS 2007","Harmonized System 2007","Gabon","266'","2019","1","09011124'","  "," caf? robusta,non torr?fi?,non d?caf?in?,Limite","09'","Coffee, tea, mate and spices","0901'","Coffee, whether or not roasted or decaffeinated; coffee husks and skins; coffee substitutes containi","090111'"," -- Not decaffeinated","8","1","R","0","0","","","","0","0","0","0","0","0"
"419","","HS 2007","Harmonized System 2007","Gabon","266'","2019","1","09011125'","  "," caf? robusta,non torr?fi?,non d?caf?in?,Sous-limite","09'","Coffee, tea, mate and spices","0901'","Coffee, whether or not roasted or decaffeinated; coffee husks and skins; coffee substitutes containi","090111'"," -- Not decaffeinated","8","1","R","0","0","","","","0","0","0","0","0","0"
"420","","HS 2007","Harmonized System 2007","Gabon","266'","2019","1","09011126'","  "," caf? robusta,non torrifi?,non d?caf?in? Triage","09'","Coffee, tea, mate and spices","0901'","Coffee, whether or not roasted or decaffeinated; coffee husks and skins; coffee substitutes containi","090111'"," -- Not decaffeinated","8","1","R","0","0","","","","0","0","0","0","0","0"
"421","","HS 2007","Harmonized System 2007","Gabon","266'","2019","1","09011127'","  "," caf? robusta, non torr?fi?, non d?caf?in? Brisures","09'","Coffee, tea, mate and spices","0901'","Coffee, whether or not roasted or decaffeinated; coffee husks and skins; coffee substitutes containi","090111'"," -- Not decaffeinated","8","1","R","0","0","","","","0","0","0","0","0","0"
"422","","HS 2007","Harmonized System 2007","Gabon","266'","2019","1","09011128'","  "," caf? robusta, non torr?fi?, non d?caf?in?,Class?","09'","Coffee, tea, mate and spices","0901'","Coffee, whether or not roasted or decaffeinated; coffee husks and skins; coffee substitutes containi","090111'"," -- Not decaffeinated","8","1","R","0","0","","","","0","0","0","0","0","0"
"423","","HS 2007","Harmonized System 2007","Gabon","266'","2019","1","09011129'","  "," caf? robusta, non torr?fi?, non d?caf?in? Autre que du 09011121 ? 09011128","09'","Coffee, tea, mate and spices","0901'","Coffee, whether or not roasted or decaffeinated; coffee husks and skins; coffee substitutes containi","090111'"," -- Not decaffeinated","8","1","R","0","0","","","","0","0","0","0","0","0"
"424","","HS 2007","Harmonized System 2007","Gabon","266'","2019","1","09011130'","  "," caf? Excelsa de Semence","09'","Coffee, tea, mate and spices","0901'","Coffee, whether or not roasted or decaffeinated; coffee husks and skins; coffee substitutes containi","090111'"," -- Not decaffeinated","8","1","R","0","0","","","","0","0","0","0","0","0"
"425","","HS 2007","Harmonized System 2007","Gabon","266'","2019","1","09011131'","  "," Caf? excelsa,non torr?fi?, non d?caf?in?, prima et extra prima","09'","Coffee, tea, mate and spices","0901'","Coffee, whether or not roasted or decaffeinated; coffee husks and skins; coffee substitutes containi","090111'"," -- Not decaffeinated","8","1","R","0","0","","","","0","0","0","0","0","0"
"426","","HS 2007","Harmonized System 2007","Gabon","266'","2019","1","09011132'","  "," caf? excelsa,non torr?fi?, non d?caf?in? Sup?rieur","09'","Coffee, tea, mate and spices","0901'","Coffee, whether or not roasted or decaffeinated; coffee husks and skins; coffee substitutes containi","090111'"," -- Not decaffeinated","8","1","R","0","0","","","","0","0","0","0","0","0"
"427","","HS 2007","Harmonized System 2007","Gabon","266'","2019","1","09011133'","  "," caf? excelsa, non torr?fi?, non d?caf?in? Courant","09'","Coffee, tea, mate and spices","0901'","Coffee, whether or not roasted or decaffeinated; coffee husks and skins; coffee substitutes containi","090111'"," -- Not decaffeinated","8","1","R","0","0","","","","0","0","0","0","0","0"
"428","","HS 2007","Harmonized System 2007","Gabon","266'","2019","1","09011134'","  "," caf? excelsa, non torr?fi?, non d?caf?in? Limite","09'","Coffee, tea, mate and spices","0901'","Coffee, whether or not roasted or decaffeinated; coffee husks and skins; coffee substitutes containi","090111'"," -- Not decaffeinated","8","1","R","0","0","","","","0","0","0","0","0","0"
"429","","HS 2007","Harmonized System 2007","Gabon","266'","2019","1","09011135'","  "," caf? excelsa, non torr?fi? non d?caf?in? Sous-limite","09'","Coffee, tea, mate and spices","0901'","Coffee, whether or not roasted or decaffeinated; coffee husks and skins; coffee substitutes containi","090111'"," -- Not decaffeinated","8","1","R","0","0","","","","0","0","0","0","0","0"
"430","","HS 2007","Harmonized System 2007","Gabon","266'","2019","1","09011136'","  "," caf? excelsa,non torr?fi?, non d?caf?in? Triage","09'","Coffee, tea, mate and spices","0901'","Coffee, whether or not roasted or decaffeinated; coffee husks and skins; coffee substitutes containi","090111'"," -- Not decaffeinated","8","1","R","0","0","","","","0","0","0","0","0","0"
"431","","HS 2007","Harmonized System 2007","Gabon","266'","2019","1","09011137'","  "," caf? excelsa, non torr?fi?, non d?caf?in? brisures","09'","Coffee, tea, mate and spices","0901'","Coffee, whether or not roasted or decaffeinated; coffee husks and skins; coffee substitutes containi","090111'"," -- Not decaffeinated","8","1","R","0","0","","","","0","0","0","0","0","0"
"432","","HS 2007","Harmonized System 2007","Gabon","266'","2019","1","09011138'","  "," caf? excelsa, non torr?fi?, non d?caf?in? class?s","09'","Coffee, tea, mate and spices","0901'","Coffee, whether or not roasted or decaffeinated; coffee husks and skins; coffee substitutes containi","090111'"," -- Not decaffeinated","8","1","R","0","0","","","","0","0","0","0","0","0"
"433","","HS 2007","Harmonized System 2007","Gabon","266'","2019","1","09011139'","  "," caf? excelsa, non torr?fi?, non d?caf?in? autres que du 09011131 ? 09011138","09'","Coffee, tea, mate and spices","0901'","Coffee, whether or not roasted or decaffeinated; coffee husks and skins; coffee substitutes containi","090111'"," -- Not decaffeinated","8","1","R","0","0","","","","0","0","0","0","0","0"
"434","","HS 2007","Harmonized System 2007","Gabon","266'","2019","1","09011140'","  "," caf? Lib?ria de semences","09'","Coffee, tea, mate and spices","0901'","Coffee, whether or not roasted or decaffeinated; coffee husks and skins; coffee substitutes containi","090111'"," -- Not decaffeinated","8","1","R","0","0","","","","0","0","0","0","0","0"
"435","","HS 2007","Harmonized System 2007","Gabon","266'","2019","1","09011141'","  "," caf? lib?ria, non torr?fi?, non d?caf?in? prima et extra prima","09'","Coffee, tea, mate and spices","0901'","Coffee, whether or not roasted or decaffeinated; coffee husks and skins; coffee substitutes containi","090111'"," -- Not decaffeinated","8","1","R","0","0","","","","0","0","0","0","0","0"
"436","","HS 2007","Harmonized System 2007","Gabon","266'","2019","1","09011142'","  "," caf? lib?ria, non torr?fi?, non d?caf?in? superieur","09'","Coffee, tea, mate and spices","0901'","Coffee, whether or not roasted or decaffeinated; coffee husks and skins; coffee substitutes containi","090111'"," -- Not decaffeinated","8","1","R","0","0","","","","0","0","0","0","0","0"
"437","","HS 2007","Harmonized System 2007","Gabon","266'","2019","1","09011143'","  "," caf? lib?ria, non torr?fi?, non d?caf?in? courant","09'","Coffee, tea, mate and spices","0901'","Coffee, whether or not roasted or decaffeinated; coffee husks and skins; coffee substitutes containi","090111'"," -- Not decaffeinated","8","1","R","0","0","","","","0","0","0","0","0","0"
"438","","HS 2007","Harmonized System 2007","Gabon","266'","2019","1","09011144'","  "," caf? lib?ria, non torr?fi?, non d?caf?in? limite","09'","Coffee, tea, mate and spices","0901'","Coffee, whether or not roasted or decaffeinated; coffee husks and skins; coffee substitutes containi","090111'"," -- Not decaffeinated","8","1","R","0","0","","","","0","0","0","0","0","0"
"439","","HS 2007","Harmonized System 2007","Gabon","266'","2019","1","09011145'","  "," caf? lib?ria,non torr?fi?, non d?caf?in? sous-limite","09'","Coffee, tea, mate and spices","0901'","Coffee, whether or not roasted or decaffeinated; coffee husks and skins; coffee substitutes containi","090111'"," -- Not decaffeinated","8","1","R","0","0","","","","0","0","0","0","0","0"
"440","","HS 2007","Harmonized System 2007","Gabon","266'","2019","1","09011146'","  "," caf? lib?ria, non torr?fi?, non d?caf?in? triages","09'","Coffee, tea, mate and spices","0901'","Coffee, whether or not roasted or decaffeinated; coffee husks and skins; coffee substitutes containi","090111'"," -- Not decaffeinated","8","1","R","0","0","","","","0","0","0","0","0","0"
"441","","HS 2007","Harmonized System 2007","Gabon","266'","2019","1","09011147'","  "," caf? lib?ria, non torr?fi?, non d?caf?in? brisures","09'","Coffee, tea, mate and spices","0901'","Coffee, whether or not roasted or decaffeinated; coffee husks and skins; coffee substitutes containi","090111'"," -- Not decaffeinated","8","1","R","0","0","","","","0","0","0","0","0","0"
"442","","HS 2007","Harmonized System 2007","Gabon","266'","2019","1","09011148'","  "," caf? lib?ria, non torr?fi?, non d?caf?in? class?s","09'","Coffee, tea, mate and spices","0901'","Coffee, whether or not roasted or decaffeinated; coffee husks and skins; coffee substitutes containi","090111'"," -- Not decaffeinated","8","1","R","0","0","","","","0","0","0","0","0","0"
"443","","HS 2007","Harmonized System 2007","Gabon","266'","2019","1","09011149'","  "," caf? lib?ria,non torr?fi?, non d?caf?in? autres que du09011141 ? 09011148","09'","Coffee, tea, mate and spices","0901'","Coffee, whether or not roasted or decaffeinated; coffee husks and skins; coffee substitutes containi","090111'"," -- Not decaffeinated","8","1","R","0","0","","","","0","0","0","0","0","0"
"444","","HS 2007","Harmonized System 2007","Gabon","266'","2019","1","09011150'","  "," caf? End?ni? de semence","09'","Coffee, tea, mate and spices","0901'","Coffee, whether or not roasted or decaffeinated; coffee husks and skins; coffee substitutes containi","090111'"," -- Not decaffeinated","8","1","R","0","0","","","","0","0","0","0","0","0"
"445","","HS 2007","Harmonized System 2007","Gabon","266'","2019","1","09011151'","  "," caf? ind?ni?,non torr?fi?, non d?caf?in? prima et extra prima","09'","Coffee, tea, mate and spices","0901'","Coffee, whether or not roasted or decaffeinated; coffee husks and skins; coffee substitutes containi","090111'"," -- Not decaffeinated","8","1","R","0","0","","","","0","0","0","0","0","0"
"446","","HS 2007","Harmonized System 2007","Gabon","266'","2019","1","09011152'","  "," caf? ind?ni?, non torr?fi?, non d?caf?in? superieur","09'","Coffee, tea, mate and spices","0901'","Coffee, whether or not roasted or decaffeinated; coffee husks and skins; coffee substitutes containi","090111'"," -- Not decaffeinated","8","1","R","0","0","","","","0","0","0","0","0","0"
"447","","HS 2007","Harmonized System 2007","Gabon","266'","2019","1","09011153'","  "," caf? ind?ni?, non torr?fi?, non d?caf?in? courant","09'","Coffee, tea, mate and spices","0901'","Coffee, whether or not roasted or decaffeinated; coffee husks and skins; coffee substitutes containi","090111'"," -- Not decaffeinated","8","1","R","0","0","","","","0","0","0","0","0","0"
"448","","HS 2007","Harmonized System 2007","Gabon","266'","2019","1","09011154'","  "," caf? ind?ni?, non torr?fi?, non d?caf?in? limite","09'","Coffee, tea, mate and spices","0901'","Coffee, whether or not roasted or decaffeinated; coffee husks and skins; coffee substitutes containi","090111'"," -- Not decaffeinated","8","1","R","0","0","","","","0","0","0","0","0","0"
"449","","HS 2007","Harmonized System 2007","Gabon","266'","2019","1","09011155'","  "," caf? ind?ni?, non torr?fi?, non d?caf?in? sous-limite","09'","Coffee, tea, mate and spices","0901'","Coffee, whether or not roasted or decaffeinated; coffee husks and skins; coffee substitutes containi","090111'"," -- Not decaffeinated","8","1","R","0","0","","","","0","0","0","0","0","0"
"450","","HS 2007","Harmonized System 2007","Gabon","266'","2019","1","09011156'","  "," caf? ind?ni?, non torr?fi?, non d?caf?in? triages","09'","Coffee, tea, mate and spices","0901'","Coffee, whether or not roasted or decaffeinated; coffee husks and skins; coffee substitutes containi","090111'"," -- Not decaffeinated","8","1","R","0","0","","","","0","0","0","0","0","0"
"451","","HS 2007","Harmonized System 2007","Gabon","266'","2019","1","09011157'","  "," caf? ind?ni?, non torr?fi?, non d?caf?in? brisures","09'","Coffee, tea, mate and spices","0901'","Coffee, whether or not roasted or decaffeinated; coffee husks and skins; coffee substitutes containi","090111'"," -- Not decaffeinated","8","1","R","0","0","","","","0","0","0","0","0","0"
"452","","HS 2007","Harmonized System 2007","Gabon","266'","2019","1","09011158'","  "," caf? ind?ni?, non torr?fi?, non d?caf?in? class?s","09'","Coffee, tea, mate and spices","0901'","Coffee, whether or not roasted or decaffeinated; coffee husks and skins; coffee substitutes containi","090111'"," -- Not decaffeinated","8","1","R","0","0","","","","0","0","0","0","0","0"
"453","","HS 2007","Harmonized System 2007","Gabon","266'","2019","1","09011159'","  "," caf? ind?ni?, non torr?fi?, non d?caf?in? autre que du 09011151 ? 09011158","09'","Coffee, tea, mate and spices","0901'","Coffee, whether or not roasted or decaffeinated; coffee husks and skins; coffee substitutes containi","090111'"," -- Not decaffeinated","8","1","R","0","0","","","","0","0","0","0","0","0"
"454","","HS 2007","Harmonized System 2007","Gabon","266'","2019","1","09011160'","  "," caf indni non torrfi non dcafin autre que 09011152 au 09011159","09'","Coffee, tea, mate and spices","0901'","Coffee, whether or not roasted or decaffeinated; coffee husks and skins; coffee substitutes containi","090111'"," -- Not decaffeinated","8","1","R","0","0","","","","0","0","0","0","0","0"
"455","","HS 2007","Harmonized System 2007","Gabon","266'","2019","1","09011191'","  "," caf?, non torr?fi?, non d?caf?in? autres que du 09011111 ? 09011159,prima,et extra prima","09'","Coffee, tea, mate and spices","0901'","Coffee, whether or not roasted or decaffeinated; coffee husks and skins; coffee substitutes containi","090111'"," -- Not decaffeinated","8","1","R","0","0","","","","0","0","0","0","0","0"
"456","","HS 2007","Harmonized System 2007","Gabon","266'","2019","1","09011192'","  "," caf? non torr?fi?, non d?caf?in? autres que du 09011111 ? 09011191 superieur","09'","Coffee, tea, mate and spices","0901'","Coffee, whether or not roasted or decaffeinated; coffee husks and skins; coffee substitutes containi","090111'"," -- Not decaffeinated","8","1","R","0","0","","","","0","0","0","0","0","0"
"457","","HS 2007","Harmonized System 2007","Gabon","266'","2019","1","09011193'","  "," caf? non torr?fi?, non d?caf?in? autre que du 09011111 ? 09011192, courant","09'","Coffee, tea, mate and spices","0901'","Coffee, whether or not roasted or decaffeinated; coffee husks and skins; coffee substitutes containi","090111'"," -- Not decaffeinated","8","1","R","0","0","","","","0","0","0","0","0","0"
"458","","HS 2007","Harmonized System 2007","Gabon","266'","2019","1","09011194'","  "," caf? non torr?fi?,non d?caf?in?,autre que du 09011111 ? 09011193,limite.","09'","Coffee, tea, mate and spices","0901'","Coffee, whether or not roasted or decaffeinated; coffee husks and skins; coffee substitutes containi","090111'"," -- Not decaffeinated","8","1","R","0","0","","","","0","0","0","0","0","0"
"459","","HS 2007","Harmonized System 2007","Gabon","266'","2019","1","09011195'","  "," caf? non torr?fi?,non d?cafi?n?,autre que du 09011111 ? 09011194, sous-limite.","09'","Coffee, tea, mate and spices","0901'","Coffee, whether or not roasted or decaffeinated; coffee husks and skins; coffee substitutes containi","090111'"," -- Not decaffeinated","8","1","R","0","0","","","","0","0","0","0","0","0"
"460","","HS 2007","Harmonized System 2007","Gabon","266'","2019","1","09011196'","  "," caf? non torr?fi?, non d?cafi?n?,autres que du 09011111 ? 09011195, triages.","09'","Coffee, tea, mate and spices","0901'","Coffee, whether or not roasted or decaffeinated; coffee husks and skins; coffee substitutes containi","090111'"," -- Not decaffeinated","8","1","R","0","0","","","","0","0","0","0","0","0"
"461","","HS 2007","Harmonized System 2007","Gabon","266'","2019","1","09011197'","  "," caf? non torr?fi?, non d?cafi?n?,autre que du 09011111 ? 09011196, brisures.","09'","Coffee, tea, mate and spices","0901'","Coffee, whether or not roasted or decaffeinated; coffee husks and skins; coffee substitutes containi","090111'"," -- Not decaffeinated","8","1","R","0","0","","","","0","0","0","0","0","0"
"462","","HS 2007","Harmonized System 2007","Gabon","266'","2019","1","09011198'","  "," caf? non torr?fi?, non d?cafi?n?,autre que du 09011111 ? 09011197 , class?s.","09'","Coffee, tea, mate and spices","0901'","Coffee, whether or not roasted or decaffeinated; coffee husks and skins; coffee substitutes containi","090111'"," -- Not decaffeinated","8","1","R","0","0","","","","0","0","0","0","0","0"
"463","","HS 2007","Harmonized System 2007","Gabon","266'","2019","1","09011199'","  "," caf? non torr?fi?, non d?cafi?n?, autre que du 09011111 ? 09011198, ndnca.","09'","Coffee, tea, mate and spices","0901'","Coffee, whether or not roasted or decaffeinated; coffee husks and skins; coffee substitutes containi","090111'"," -- Not decaffeinated","8","1","R","0","0","","","","0","0","0","0","0","0"
"464","","HS 2007","Harmonized System 2007","Gabon","266'","2019","1","09011200'","  "," -- D?caf?in?","09'","Coffee, tea, mate and spices","0901'","Coffee, whether or not roasted or decaffeinated; coffee husks and skins; coffee substitutes containi","090112'"," -- Decaffeinated","8","1","R","0","0","","","","0","0","0","0","0","0"
"465","","HS 2007","Harmonized System 2007","Gabon","266'","2019","1","09012100'","  "," -- Non d?caf?in?","09'","Coffee, tea, mate and spices","0901'","Coffee, whether or not roasted or decaffeinated; coffee husks and skins; coffee substitutes containi","090121'"," -- Not decaffeinated","8","1","R","0","0","","","","0","0","0","0","0","0"
"466","","HS 2007","Harmonized System 2007","Gabon","266'","2019","1","09012200'","  "," -- D?caf?in?","09'","Coffee, tea, mate and spices","0901'","Coffee, whether or not roasted or decaffeinated; coffee husks and skins; coffee substitutes containi","090122'"," -- Decaffeinated","8","1","R","0","0","","","","0","0","0","0","0","0"
"467","","HS 2007","Harmonized System 2007","Gabon","266'","2019","1","09019000'","  "," - Autres","09'","Coffee, tea, mate and spices","0901'","Coffee, whether or not roasted or decaffeinated; coffee husks and skins; coffee substitutes containi","090190'"," - Other","8","1","R","0","0","","","","0","0","0","0","0","0"
"468","","HS 2007","Harmonized System 2007","Gabon","266'","2019","1","09021000'","  "," - Th? vert (non ferment?) pr?sent? en emballages imm?diats d'un contenu n'exc?dant pas 3 kg","09'","Coffee, tea, mate and spices","0902'","Tea, whether or not flavoured.","090210'"," - Green tea (not fermented) in immediate packings of a content not exceeding 3 kg","8","1","R","0","0","","","","0","0","0","0","0","0"
"469","","HS 2007","Harmonized System 2007","Gabon","266'","2019","1","09022000'","  "," - Th? vert (non ferment?) pr?sent? autrement","09'","Coffee, tea, mate and spices","0902'","Tea, whether or not flavoured.","090220'"," - Other green tea (not fermented)","8","1","R","0","0","","","","0","0","0","0","0","0"
"470","","HS 2007","Harmonized System 2007","Gabon","266'","2019","1","09023000'","  "," - Th? noir (ferment?) et th? partiellement ferment?, pr?sent?s en emballages imm?diats d'un contenu n'exc?dant pas 3 kg","09'","Coffee, tea, mate and spices","0902'","Tea, whether or not flavoured.","090230'"," - Black tea (fermented) and partly fermented tea, in immediate packings of a content not exceeding 3","8","1","R","0","0","","","","0","0","0","0","0","0"
"471","","HS 2007","Harmonized System 2007","Gabon","266'","2019","1","09024000'","  "," - Th? noir (ferment?) et th? partiellement ferment?, pr?sent?s autrement","09'","Coffee, tea, mate and spices","0902'","Tea, whether or not flavoured.","090240'"," - Other black tea (fermented) and other partly fermented tea","8","1","R","0","0","","","","0","0","0","0","0","0"
"472","","HS 2007","Harmonized System 2007","Gabon","266'","2019","1","09030000'","  "," Mat?.","09'","Coffee, tea, mate and spices","0903'","Mat?.","090300'"," Mat?.","8","1","R","0","0","","","","0","0","0","0","0","0"
"473","","HS 2007","Harmonized System 2007","Gabon","266'","2019","1","09041100'","  "," -- Non broy? ni pulv?ris?","09'","Coffee, tea, mate and spices","0904'","Pepper of the genus Piper; dried or crushed or ground fruits of the genus Capsicum or of the genus P","090411'"," -- Neither crushed nor ground","8","1","R","0","0","","","","0","0","0","0","0","0"
"474","","HS 2007","Harmonized System 2007","Gabon","266'","2019","1","09041200'","  "," -- Broy? ou pulv?ris?","09'","Coffee, tea, mate and spices","0904'","Pepper of the genus Piper; dried or crushed or ground fruits of the genus Capsicum or of the genus P","090412'"," -- Crushed or ground","8","1","R","0","0","","","","0","0","0","0","0","0"
"475","","HS 2007","Harmonized System 2007","Gabon","266'","2019","1","09042010'","  "," piments doux ou poivrons s?ch?s non broy?s ni pulv?ris?s","09'","Coffee, tea, mate and spices","0904'","Pepper of the genus Piper; dried or crushed or ground fruits of the genus Capsicum or of the genus P","090420'"," - Fruits of the genus Capsicum or of the genus Pimenta, dried or crushed or ground","8","1","R","0","0","","","","0","0","0","0","0","0"
"476","","HS 2007","Harmonized System 2007","Gabon","266'","2019","1","09042090'","  "," piments , autres que du 09042010, sous toutes formes","09'","Coffee, tea, mate and spices","0904'","Pepper of the genus Piper; dried or crushed or ground fruits of the genus Capsicum or of the genus P","090420'"," - Fruits of the genus Capsicum or of the genus Pimenta, dried or crushed or ground","8","1","R","0","0","","","","0","0","0","0","0","0"
"477","","HS 2007","Harmonized System 2007","Gabon","266'","2019","1","09050000'","  "," Vanille.","09'","Coffee, tea, mate and spices","0905'","Vanilla.","090500'"," Vanilla.","8","1","R","0","0","","","","0","0","0","0","0","0"
"478","","HS 2007","Harmonized System 2007","Gabon","266'","2019","1","09061100'","  "," -- Cannelle (Cinnamomum zeylanicum Blume)","09'","Coffee, tea, mate and spices","0906'","Cinnamon and cinnamon-tree flowers.","090611'"," -- Cinnamon (Cinnamomum zeylanicum Blume)","8","1","R","0","0","","","","0","0","0","0","0","0"
"479","","HS 2007","Harmonized System 2007","Gabon","266'","2019","1","09061900'","  "," -- Autres","09'","Coffee, tea, mate and spices","0906'","Cinnamon and cinnamon-tree flowers.","090619'"," -- Other","8","1","R","0","0","","","","0","0","0","0","0","0"
"480","","HS 2007","Harmonized System 2007","Gabon","266'","2019","1","09062000'","  "," - Broy?es ou pulv?ris?es","09'","Coffee, tea, mate and spices","0906'","Cinnamon and cinnamon-tree flowers.","090620'"," - Crushed or ground","8","1","R","0","0","","","","0","0","0","0","0","0"
"481","","HS 2007","Harmonized System 2007","Gabon","266'","2019","1","09070000'","  "," Girofles (antofles, clous et griffes).","09'","Coffee, tea, mate and spices","0907'","Cloves (whole fruit, cloves and stems).","090700'"," Cloves (whole fruit, cloves and stems).","8","1","R","0","0","","","","0","0","0","0","0","0"
"482","","HS 2007","Harmonized System 2007","Gabon","266'","2019","1","09081000'","  "," - Noix muscades","09'","Coffee, tea, mate and spices","0908'","Nutmeg, mace and cardamoms.","090810'"," - Nutmeg","8","1","R","0","0","","","","0","0","0","0","0","0"
"483","","HS 2007","Harmonized System 2007","Gabon","266'","2019","1","09082000'","  "," - Macis","09'","Coffee, tea, mate and spices","0908'","Nutmeg, mace and cardamoms.","090820'"," - Mace","8","1","R","0","0","","","","0","0","0","0","0","0"
"484","","HS 2007","Harmonized System 2007","Gabon","266'","2019","1","09083000'","  "," - Amomes et cardamomes","09'","Coffee, tea, mate and spices","0908'","Nutmeg, mace and cardamoms.","090830'"," - Cardamoms","8","1","R","0","0","","","","0","0","0","0","0","0"
"485","","HS 2007","Harmonized System 2007","Gabon","266'","2019","1","09091000'","  "," - Graines d'anis ou de badiane","09'","Coffee, tea, mate and spices","0909'","Seeds of anise, badian, fennel, coriander, cumin or caraway; juniper berries.","090910'"," - Seeds of anise or badian","8","1","R","0","0","","","","0","0","0","0","0","0"
"486","","HS 2007","Harmonized System 2007","Gabon","266'","2019","1","09092000'","  "," - Graines de coriandre","09'","Coffee, tea, mate and spices","0909'","Seeds of anise, badian, fennel, coriander, cumin or caraway; juniper berries.","090920'"," - Seeds of coriander","8","1","R","0","0","","","","0","0","0","0","0","0"
"487","","HS 2007","Harmonized System 2007","Gabon","266'","2019","1","09093000'","  "," - Graines de cumin","09'","Coffee, tea, mate and spices","0909'","Seeds of anise, badian, fennel, coriander, cumin or caraway; juniper berries.","090930'"," - Seeds of cumin","8","1","R","0","0","","","","0","0","0","0","0","0"
"488","","HS 2007","Harmonized System 2007","Gabon","266'","2019","1","09094000'","  "," - Graines de carvi","09'","Coffee, tea, mate and spices","0909'","Seeds of anise, badian, fennel, coriander, cumin or caraway; juniper berries.","090940'"," - Seeds of caraway","8","1","R","0","0","","","","0","0","0","0","0","0"
"489","","HS 2007","Harmonized System 2007","Gabon","266'","2019","1","09095000'","  "," - Graines de fenouil; baies de geni?vre","09'","Coffee, tea, mate and spices","0909'","Seeds of anise, badian, fennel, coriander, cumin or caraway; juniper berries.","090950'"," - Seeds of fennel; juniper berries","8","1","R","0","0","","","","0","0","0","0","0","0"
"490","","HS 2007","Harmonized System 2007","Gabon","266'","2019","1","09101000'","  "," - Gingembre","09'","Coffee, tea, mate and spices","0910'","Ginger, saffron, turmeric (curcuma), thyme, bay leaves, curry and other spices.","091010'"," - Ginger","8","1","R","0","0","","","","0","0","0","0","0","0"
"491","","HS 2007","Harmonized System 2007","Gabon","266'","2019","1","09102000'","  "," - Safran","09'","Coffee, tea, mate and spices","0910'","Ginger, saffron, turmeric (curcuma), thyme, bay leaves, curry and other spices.","091020'"," - Saffron","8","1","R","0","0","","","","0","0","0","0","0","0"
"492","","HS 2007","Harmonized System 2007","Gabon","266'","2019","1","09103000'","  "," - Curcuma","09'","Coffee, tea, mate and spices","0910'","Ginger, saffron, turmeric (curcuma), thyme, bay leaves, curry and other spices.","091030'"," - Turmeric (curcuma)","8","1","R","0","0","","","","0","0","0","0","0","0"
"493","","HS 2007","Harmonized System 2007","Gabon","266'","2019","1","09109100'","  "," -- M?langes vis?s ? la Note 1 b) du pr?sent Chapitre","09'","Coffee, tea, mate and spices","0910'","Ginger, saffron, turmeric (curcuma), thyme, bay leaves, curry and other spices.","091091'"," -- Mixtures referred to in Note 1 (b) to this Chapter","8","1","R","0","0","","","","0","0","0","0","0","0"
"494","","HS 2007","Harmonized System 2007","Gabon","266'","2019","1","09109900'","  "," -- Autres","09'","Coffee, tea, mate and spices","0910'","Ginger, saffron, turmeric (curcuma), thyme, bay leaves, curry and other spices.","091099'"," -- Other","8","1","R","0","0","","","","0","0","0","0","0","0"
"495","","HS 2007","Harmonized System 2007","Gabon","266'","2019","1","10011010'","  "," froment(bl?)dur de semence","10'","Cereals","1001'","Wheat and meslin.","100110'"," - Durum wheat","8","1","R","0","0","","","","0","0","0","0","0","0"
"496","","HS 2007","Harmonized System 2007","Gabon","266'","2019","1","10011090'","  "," froment (bl?) dur autre que de semence.","10'","Cereals","1001'","Wheat and meslin.","100110'"," - Durum wheat","8","1","R","0","0","","","","0","0","0","0","0","0"
"497","","HS 2007","Harmonized System 2007","Gabon","266'","2019","1","10019000'","  "," - Autres","10'","Cereals","1001'","Wheat and meslin.","100190'"," - Other","8","1","R","0","0","","","","0","0","0","0","0","0"
"498","","HS 2007","Harmonized System 2007","Gabon","266'","2019","1","10020010'","  "," seigle de semence","10'","Cereals","1002'","Rye.","100200'"," Rye.","8","1","R","0","0","","","","0","0","0","0","0","0"
"499","","HS 2007","Harmonized System 2007","Gabon","266'","2019","1","10020090'","  "," seigle autre que de semence","10'","Cereals","1002'","Rye.","100200'"," Rye.","8","1","R","0","0","","","","0","0","0","0","0","0"
"500","","HS 2007","Harmonized System 2007","Gabon","266'","2019","1","10030010'","  "," orge de semence","10'","Cereals","1003'","Barley.","100300'"," Barley.","8","1","R","0","0","","","","0","0","0","0","0","0"
"501","","HS 2007","Harmonized System 2007","Gabon","266'","2019","1","10030090'","  "," orge autre que de semence","10'","Cereals","1003'","Barley.","100300'"," Barley.","8","1","R","0","0","","","","0","0","0","0","0","0"
"502","","HS 2007","Harmonized System 2007","Gabon","266'","2019","1","10040010'","  "," avoine de semence","10'","Cereals","1004'","Oats.","100400'"," Oats.","8","1","R","0","0","","","","0","0","0","0","0","0"
"503","","HS 2007","Harmonized System 2007","Gabon","266'","2019","1","10040090'","  "," avoine autre que de semence","10'","Cereals","1004'","Oats.","100400'"," Oats.","8","1","R","0","0","","","","0","0","0","0","0","0"
"504","","HS 2007","Harmonized System 2007","Gabon","266'","2019","1","10051000'","  "," - De semence","10'","Cereals","1005'","Maize (corn).","100510'"," - Seed","8","1","R","0","0","","","","0","0","0","0","0","0"
"505","","HS 2007","Harmonized System 2007","Gabon","266'","2019","1","10059000'","  "," - Autre","10'","Cereals","1005'","Maize (corn).","100590'"," - Other","8","1","R","0","0","","","","0","0","0","0","0","0"
"506","","HS 2007","Harmonized System 2007","Gabon","266'","2019","1","10061010'","  "," riz de semence","10'","Cereals","1006'","Rice.","100610'"," - Rice in the husk (paddy or rough)","8","1","R","0","0","","","","0","0","0","0","0","0"
"507","","HS 2007","Harmonized System 2007","Gabon","266'","2019","1","10061090'","  "," riz autre que de semence","10'","Cereals","1006'","Rice.","100610'"," - Rice in the husk (paddy or rough)","8","1","R","0","0","","","","0","0","0","0","0","0"
"508","","HS 2007","Harmonized System 2007","Gabon","266'","2019","1","10062000'","  "," - Riz d?cortiqu? (riz cargo ou riz brun)","10'","Cereals","1006'","Rice.","100620'"," - Husked (brown) rice","8","1","R","0","0","","","","0","0","0","0","0","0"
"509","","HS 2007","Harmonized System 2007","Gabon","266'","2019","1","10063010'","  "," riz semi blanchi ou blanchi , m?me poli ou glac? conditionn? pour la vente au d?tail","10'","Cereals","1006'","Rice.","100630'"," - Semi-milled or wholly milled rice, whether or not polished or glazed","8","1","R","0","0","","","","0","0","0","0","0","0"
"510","","HS 2007","Harmonized System 2007","Gabon","266'","2019","1","10063090'","  "," riz semi blanchi ou blanchi ,poli ou glac? non conditionn? pour la vente au d?tail","10'","Cereals","1006'","Rice.","100630'"," - Semi-milled or wholly milled rice, whether or not polished or glazed","8","1","R","0","0","","","","0","0","0","0","0","0"
"511","","HS 2007","Harmonized System 2007","Gabon","266'","2019","1","10064000'","  "," - Riz en brisures","10'","Cereals","1006'","Rice.","100640'"," - Broken rice","8","1","R","0","0","","","","0","0","0","0","0","0"
"512","","HS 2007","Harmonized System 2007","Gabon","266'","2019","1","10070010'","  "," sorgho ? grains de semence","10'","Cereals","1007'","Grain sorghum.","100700'"," Grain sorghum.","8","1","R","0","0","","","","0","0","0","0","0","0"
"513","","HS 2007","Harmonized System 2007","Gabon","266'","2019","1","10070090'","  "," sorgho ? grains autre que de semence","10'","Cereals","1007'","Grain sorghum.","100700'"," Grain sorghum.","8","1","R","0","0","","","","0","0","0","0","0","0"
"514","","HS 2007","Harmonized System 2007","Gabon","266'","2019","1","10081010'","  "," sarrasin de semence","10'","Cereals","1008'","Buckwheat, millet and canary seed; other cereals.","100810'"," - Buckwheat","8","1","R","0","0","","","","0","0","0","0","0","0"
"515","","HS 2007","Harmonized System 2007","Gabon","266'","2019","1","10081090'","  "," sarrasin autre que de semence","10'","Cereals","1008'","Buckwheat, millet and canary seed; other cereals.","100810'"," - Buckwheat","8","1","R","0","0","","","","0","0","0","0","0","0"
"516","","HS 2007","Harmonized System 2007","Gabon","266'","2019","1","10082010'","  "," millet de semence","10'","Cereals","1008'","Buckwheat, millet and canary seed; other cereals.","100820'"," - Millet","8","1","R","0","0","","","","0","0","0","0","0","0"
"517","","HS 2007","Harmonized System 2007","Gabon","266'","2019","1","10082090'","  "," millet autre que de semence","10'","Cereals","1008'","Buckwheat, millet and canary seed; other cereals.","100820'"," - Millet","8","1","R","0","0","","","","0","0","0","0","0","0"
"518","","HS 2007","Harmonized System 2007","Gabon","266'","2019","1","10083010'","  "," alpiste de semence","10'","Cereals","1008'","Buckwheat, millet and canary seed; other cereals.","100830'"," - Canary seed","8","1","R","0","0","","","","0","0","0","0","0","0"
"519","","HS 2007","Harmonized System 2007","Gabon","266'","2019","1","10083090'","  "," alpiste autre que de semence","10'","Cereals","1008'","Buckwheat, millet and canary seed; other cereals.","100830'"," - Canary seed","8","1","R","0","0","","","","0","0","0","0","0","0"
"520","","HS 2007","Harmonized System 2007","Gabon","266'","2019","1","10089000'","  "," - Autres c?r?ales","10'","Cereals","1008'","Buckwheat, millet and canary seed; other cereals.","100890'"," - Other cereals","8","1","R","0","0","","","","0","0","0","0","0","0"
"521","","HS 2007","Harmonized System 2007","Gabon","266'","2019","1","11010010'","  "," farine de froment","11'","Products of the milling industry; malt; starches; inulin; wheat gluten","1101'","Wheat or meslin flour.","110100'"," Wheat or meslin flour.","8","1","R","0","0","","","","0","0","0","0","0","0"
"522","","HS 2007","Harmonized System 2007","Gabon","266'","2019","1","11010020'","  "," farine de m?teil","11'","Products of the milling industry; malt; starches; inulin; wheat gluten","1101'","Wheat or meslin flour.","110100'"," Wheat or meslin flour.","8","1","R","0","0","","","","0","0","0","0","0","0"
"523","","HS 2007","Harmonized System 2007","Gabon","266'","2019","1","11021000'","  "," - Farine de seigle","11'","Products of the milling industry; malt; starches; inulin; wheat gluten","1102'","Cereal flours other than of wheat or meslin.","110210'"," - Rye flour","8","1","R","0","0","","","","0","0","0","0","0","0"
"524","","HS 2007","Harmonized System 2007","Gabon","266'","2019","1","11022000'","  "," - Farine de ma?s","11'","Products of the milling industry; malt; starches; inulin; wheat gluten","1102'","Cereal flours other than of wheat or meslin.","110220'"," - Maize (corn) flour","8","1","R","0","0","","","","0","0","0","0","0","0"
"525","","HS 2007","Harmonized System 2007","Gabon","266'","2019","1","11029000'","  "," - Autres","11'","Products of the milling industry; malt; starches; inulin; wheat gluten","1102'","Cereal flours other than of wheat or meslin.","110290'"," - Other","8","1","R","0","0","","","","0","0","0","0","0","0"
"526","","HS 2007","Harmonized System 2007","Gabon","266'","2019","1","11031100'","  "," -- De froment (bl?)","11'","Products of the milling industry; malt; starches; inulin; wheat gluten","1103'","Cereal groats, meal and pellets.","110311'"," -- Of wheat","8","1","R","0","0","","","","0","0","0","0","0","0"
"527","","HS 2007","Harmonized System 2007","Gabon","266'","2019","1","11031300'","  "," -- De ma?s","11'","Products of the milling industry; malt; starches; inulin; wheat gluten","1103'","Cereal groats, meal and pellets.","110313'"," -- Of maize (corn)","8","1","R","0","0","","","","0","0","0","0","0","0"
"528","","HS 2007","Harmonized System 2007","Gabon","266'","2019","1","11031900'","  "," -- D'autres c?r?ales","11'","Products of the milling industry; malt; starches; inulin; wheat gluten","1103'","Cereal groats, meal and pellets.","110319'"," -- Of other cereals","8","1","R","0","0","","","","0","0","0","0","0","0"
"529","","HS 2007","Harmonized System 2007","Gabon","266'","2019","1","11032000'","  "," - Agglom?r?s sous forme de pellets","11'","Products of the milling industry; malt; starches; inulin; wheat gluten","1103'","Cereal groats, meal and pellets.","110320'"," - Pellets","8","1","R","0","0","","","","0","0","0","0","0","0"
"530","","HS 2007","Harmonized System 2007","Gabon","266'","2019","1","11041200'","  "," -- D'avoine","11'","Products of the milling industry; malt; starches; inulin; wheat gluten","1104'","Cereal grains otherwise worked (for example, hulled, rolled, flaked, pearled, sliced or kibbled), ex","110412'"," -- Of oats","8","1","R","0","0","","","","0","0","0","0","0","0"
"531","","HS 2007","Harmonized System 2007","Gabon","266'","2019","1","11041900'","  "," -- D'autres c?r?ales","11'","Products of the milling industry; malt; starches; inulin; wheat gluten","1104'","Cereal grains otherwise worked (for example, hulled, rolled, flaked, pearled, sliced or kibbled), ex","110419'"," -- Of other cereals","8","1","R","0","0","","","","0","0","0","0","0","0"
"532","","HS 2007","Harmonized System 2007","Gabon","266'","2019","1","11042200'","  "," -- D'avoine","11'","Products of the milling industry; malt; starches; inulin; wheat gluten","1104'","Cereal grains otherwise worked (for example, hulled, rolled, flaked, pearled, sliced or kibbled), ex","110422'"," -- Of oats","8","1","R","0","0","","","","0","0","0","0","0","0"
"533","","HS 2007","Harmonized System 2007","Gabon","266'","2019","1","11042300'","  "," -- De ma?s","11'","Products of the milling industry; malt; starches; inulin; wheat gluten","1104'","Cereal grains otherwise worked (for example, hulled, rolled, flaked, pearled, sliced or kibbled), ex","110423'"," -- Of maize (corn)","8","1","R","0","0","","","","0","0","0","0","0","0"
"534","","HS 2007","Harmonized System 2007","Gabon","266'","2019","1","11042900'","  "," -- D'autres c?r?ales","11'","Products of the milling industry; malt; starches; inulin; wheat gluten","1104'","Cereal grains otherwise worked (for example, hulled, rolled, flaked, pearled, sliced or kibbled), ex","110429'"," -- Of other cereals","8","1","R","0","0","","","","0","0","0","0","0","0"
"535","","HS 2007","Harmonized System 2007","Gabon","266'","2019","1","11043000'","  "," - Germes de c?r?ales, entiers, aplatis, en flocons ou moulus","11'","Products of the milling industry; malt; starches; inulin; wheat gluten","1104'","Cereal grains otherwise worked (for example, hulled, rolled, flaked, pearled, sliced or kibbled), ex","110430'"," - Germ of cereals, whole, rolled, flaked or ground","8","1","R","0","0","","","","0","0","0","0","0","0"
"536","","HS 2007","Harmonized System 2007","Gabon","266'","2019","1","11051000'","  "," - Farine, semoule et poudre","11'","Products of the milling industry; malt; starches; inulin; wheat gluten","1105'","Flour, meal, powder, flakes, granules and pellets of potatoes.","110510'"," - Flour, meal and powder","8","1","R","0","0","","","","0","0","0","0","0","0"
"537","","HS 2007","Harmonized System 2007","Gabon","266'","2019","1","11052000'","  "," - Flocons, granul?s et agglom?r?s sous forme de pellets","11'","Products of the milling industry; malt; starches; inulin; wheat gluten","1105'","Flour, meal, powder, flakes, granules and pellets of potatoes.","110520'"," - Flakes, granules and pellets","8","1","R","0","0","","","","0","0","0","0","0","0"
"538","","HS 2007","Harmonized System 2007","Gabon","266'","2019","1","11061000'","  "," - Des l?gumes ? cosse secs du n? 07.13","11'","Products of the milling industry; malt; starches; inulin; wheat gluten","1106'","Flour, meal and powder of the dried leguminous vegetables of heading 07.13, of sago or of roots or t","110610'"," - Of the dried leguminous vegetables of heading 07.13","8","1","R","0","0","","","","0","0","0","0","0","0"
"539","","HS 2007","Harmonized System 2007","Gabon","266'","2019","1","11062000'","  "," - De sagou ou des racines ou tubercules du n? 07.14","11'","Products of the milling industry; malt; starches; inulin; wheat gluten","1106'","Flour, meal and powder of the dried leguminous vegetables of heading 07.13, of sago or of roots or t","110620'"," - Of sago or of roots or tubers of heading 07.14","8","1","R","0","0","","","","0","0","0","0","0","0"
"540","","HS 2007","Harmonized System 2007","Gabon","266'","2019","1","11063000'","  "," - Des produits du Chapitre 8","11'","Products of the milling industry; malt; starches; inulin; wheat gluten","1106'","Flour, meal and powder of the dried leguminous vegetables of heading 07.13, of sago or of roots or t","110630'"," - Of the products of Chapter 8","8","1","R","0","0","","","","0","0","0","0","0","0"
"541","","HS 2007","Harmonized System 2007","Gabon","266'","2019","1","11071000'","  "," - Non torr?fi?","11'","Products of the milling industry; malt; starches; inulin; wheat gluten","1107'","Malt, whether or not roasted.","110710'"," - Not roasted","8","1","R","0","0","","","","0","0","0","0","0","0"
"542","","HS 2007","Harmonized System 2007","Gabon","266'","2019","1","11072000'","  "," - Torr?fi?","11'","Products of the milling industry; malt; starches; inulin; wheat gluten","1107'","Malt, whether or not roasted.","110720'"," - Roasted","8","1","R","0","0","","","","0","0","0","0","0","0"
"543","","HS 2007","Harmonized System 2007","Gabon","266'","2019","1","11081100'","  "," -- Amidon de froment (bl?)","11'","Products of the milling industry; malt; starches; inulin; wheat gluten","1108'","Starches; inulin.","110811'"," -- Wheat starch","8","1","R","0","0","","","","0","0","0","0","0","0"
"544","","HS 2007","Harmonized System 2007","Gabon","266'","2019","1","11081200'","  "," -- Amidon de ma?s","11'","Products of the milling industry; malt; starches; inulin; wheat gluten","1108'","Starches; inulin.","110812'"," -- Maize (corn) starch","8","1","R","0","0","","","","0","0","0","0","0","0"
"545","","HS 2007","Harmonized System 2007","Gabon","266'","2019","1","11081300'","  "," -- F?cule de pommes de terre","11'","Products of the milling industry; malt; starches; inulin; wheat gluten","1108'","Starches; inulin.","110813'"," -- Potato starch","8","1","R","0","0","","","","0","0","0","0","0","0"
"546","","HS 2007","Harmonized System 2007","Gabon","266'","2019","1","11081400'","  "," -- F?cule de manioc (cassave)","11'","Products of the milling industry; malt; starches; inulin; wheat gluten","1108'","Starches; inulin.","110814'"," -- Manioc (cassava) starch","8","1","R","0","0","","","","0","0","0","0","0","0"
"547","","HS 2007","Harmonized System 2007","Gabon","266'","2019","1","11081900'","  "," -- Autres amidons et f?cules","11'","Products of the milling industry; malt; starches; inulin; wheat gluten","1108'","Starches; inulin.","110819'"," -- Other starches","8","1","R","0","0","","","","0","0","0","0","0","0"
"548","","HS 2007","Harmonized System 2007","Gabon","266'","2019","1","11082000'","  "," - Inuline","11'","Products of the milling industry; malt; starches; inulin; wheat gluten","1108'","Starches; inulin.","110820'"," - Inulin","8","1","R","0","0","","","","0","0","0","0","0","0"
"549","","HS 2007","Harmonized System 2007","Gabon","266'","2019","1","11090000'","  "," Gluten de froment (bl?), m?me ? l'?tat sec.","11'","Products of the milling industry; malt; starches; inulin; wheat gluten","1109'","Wheat gluten, whether or not dried.","110900'"," Wheat gluten, whether or not dried.","8","1","R","0","0","","","","0","0","0","0","0","0"
"550","","HS 2007","Harmonized System 2007","Gabon","266'","2019","1","12010000'","  "," F?ves de soja, m?me concass?es.","12'","Oil seeds and oleaginous fruits; miscellaneous grains, seeds and fruit; industrial or medicinal plan","1201'","Soya beans, whether or not broken.","120100'"," Soya beans, whether or not broken.","8","1","R","0","0","","","","0","0","0","0","0","0"
"551","","HS 2007","Harmonized System 2007","Gabon","266'","2019","1","12021010'","  "," arachides d'huilerie","12'","Oil seeds and oleaginous fruits; miscellaneous grains, seeds and fruit; industrial or medicinal plan","1202'","Ground-nuts, not roasted or otherwise cooked, whether or not shelled or broken.","120210'"," - In shell","8","1","R","0","0","","","","0","0","0","0","0","0"
"552","","HS 2007","Harmonized System 2007","Gabon","266'","2019","1","12021090'","  "," arachides en coques non grill?s autres que pour huilerie","12'","Oil seeds and oleaginous fruits; miscellaneous grains, seeds and fruit; industrial or medicinal plan","1202'","Ground-nuts, not roasted or otherwise cooked, whether or not shelled or broken.","120210'"," - In shell","8","1","R","0","0","","","","0","0","0","0","0","0"
"553","","HS 2007","Harmonized System 2007","Gabon","266'","2019","1","12022000'","  "," - D?cortiqu?es, m?me concass?es","12'","Oil seeds and oleaginous fruits; miscellaneous grains, seeds and fruit; industrial or medicinal plan","1202'","Ground-nuts, not roasted or otherwise cooked, whether or not shelled or broken.","120220'"," - Shelled, whether or not broken","8","1","R","0","0","","","","0","0","0","0","0","0"
"554","","HS 2007","Harmonized System 2007","Gabon","266'","2019","1","12030000'","  "," Coprah.","12'","Oil seeds and oleaginous fruits; miscellaneous grains, seeds and fruit; industrial or medicinal plan","1203'","Copra.","120300'"," Copra.","8","1","R","0","0","","","","0","0","0","0","0","0"
"555","","HS 2007","Harmonized System 2007","Gabon","266'","2019","1","12040000'","  "," Graines de lin, m?me concass?es.","12'","Oil seeds and oleaginous fruits; miscellaneous grains, seeds and fruit; industrial or medicinal plan","1204'","Linseed, whether or not broken.","120400'"," Linseed, whether or not broken.","8","1","R","0","0","","","","0","0","0","0","0","0"
"556","","HS 2007","Harmonized System 2007","Gabon","266'","2019","1","12051000'","  "," - Graines de navette ou de colza ? faible teneur en acide ?rucique","12'","Oil seeds and oleaginous fruits; miscellaneous grains, seeds and fruit; industrial or medicinal plan","1205'","Rape or colza seeds, whether or not broken.","120510'"," - Low erucic acid rape or colza seeds","8","1","R","0","0","","","","0","0","0","0","0","0"
"557","","HS 2007","Harmonized System 2007","Gabon","266'","2019","1","12059000'","  "," - Autres","12'","Oil seeds and oleaginous fruits; miscellaneous grains, seeds and fruit; industrial or medicinal plan","1205'","Rape or colza seeds, whether or not broken.","120590'"," - Other","8","1","R","0","0","","","","0","0","0","0","0","0"
"558","","HS 2007","Harmonized System 2007","Gabon","266'","2019","1","12060000'","  "," Graines de tournesol, m?me concass?es.","12'","Oil seeds and oleaginous fruits; miscellaneous grains, seeds and fruit; industrial or medicinal plan","1206'","Sunflower seeds, whether or not broken.","120600'"," Sunflower seeds, whether or not broken.","8","1","R","0","0","","","","0","0","0","0","0","0"
"559","","HS 2007","Harmonized System 2007","Gabon","266'","2019","1","12072000'","  "," - Graines de coton","12'","Oil seeds and oleaginous fruits; miscellaneous grains, seeds and fruit; industrial or medicinal plan","1207'","Other oil seeds and oleaginous fruits, whether or not broken.","120720'"," - Cotton seeds","8","1","R","0","0","","","","0","0","0","0","0","0"
"560","","HS 2007","Harmonized System 2007","Gabon","266'","2019","1","12074000'","  "," - Graines de s?same","12'","Oil seeds and oleaginous fruits; miscellaneous grains, seeds and fruit; industrial or medicinal plan","1207'","Other oil seeds and oleaginous fruits, whether or not broken.","120740'"," - Sesamum seeds","8","1","R","0","0","","","","0","0","0","0","0","0"
"561","","HS 2007","Harmonized System 2007","Gabon","266'","2019","1","12075000'","  "," - Graines de moutarde","12'","Oil seeds and oleaginous fruits; miscellaneous grains, seeds and fruit; industrial or medicinal plan","1207'","Other oil seeds and oleaginous fruits, whether or not broken.","120750'"," - Mustard seeds","8","1","R","0","0","","","","0","0","0","0","0","0"
"562","","HS 2007","Harmonized System 2007","Gabon","266'","2019","1","12079100'","  "," -- Graines d'oeillette ou de pavot","12'","Oil seeds and oleaginous fruits; miscellaneous grains, seeds and fruit; industrial or medicinal plan","1207'","Other oil seeds and oleaginous fruits, whether or not broken.","120791'"," -- Poppy seeds","8","1","R","0","0","","","","0","0","0","0","0","0"
"563","","HS 2007","Harmonized System 2007","Gabon","266'","2019","1","12079900'","  "," -- Autres","12'","Oil seeds and oleaginous fruits; miscellaneous grains, seeds and fruit; industrial or medicinal plan","1207'","Other oil seeds and oleaginous fruits, whether or not broken.","120799'"," -- Other","8","1","R","0","0","","","","0","0","0","0","0","0"
"564","","HS 2007","Harmonized System 2007","Gabon","266'","2019","1","12081000'","  "," - De f?ves de soja","12'","Oil seeds and oleaginous fruits; miscellaneous grains, seeds and fruit; industrial or medicinal plan","1208'","Flours and meals of oil seeds or oleaginous fruits, other than those of mustard.","120810'"," - Of soya beans","8","1","R","0","0","","","","0","0","0","0","0","0"
"565","","HS 2007","Harmonized System 2007","Gabon","266'","2019","1","12089000'","  "," - Autres","12'","Oil seeds and oleaginous fruits; miscellaneous grains, seeds and fruit; industrial or medicinal plan","1208'","Flours and meals of oil seeds or oleaginous fruits, other than those of mustard.","120890'"," - Other","8","1","R","0","0","","","","0","0","0","0","0","0"
"566","","HS 2007","Harmonized System 2007","Gabon","266'","2019","1","12091000'","  "," - Graines de betteraves ? sucre","12'","Oil seeds and oleaginous fruits; miscellaneous grains, seeds and fruit; industrial or medicinal plan","1209'","Seeds, fruit and spores, of a kind used for sowing.","120910'"," - Sugar beet seed","8","1","R","0","0","","","","0","0","0","0","0","0"
"567","","HS 2007","Harmonized System 2007","Gabon","266'","2019","1","12092100'","  "," -- De luzerne","12'","Oil seeds and oleaginous fruits; miscellaneous grains, seeds and fruit; industrial or medicinal plan","1209'","Seeds, fruit and spores, of a kind used for sowing.","120921'"," -- Lucerne (alfalfa) seed","8","1","R","0","0","","","","0","0","0","0","0","0"
"568","","HS 2007","Harmonized System 2007","Gabon","266'","2019","1","12092200'","  "," -- De tr?fle (Trifolium spp.)","12'","Oil seeds and oleaginous fruits; miscellaneous grains, seeds and fruit; industrial or medicinal plan","1209'","Seeds, fruit and spores, of a kind used for sowing.","120922'"," -- Clover (Trifolium spp.) seed","8","1","R","0","0","","","","0","0","0","0","0","0"
"569","","HS 2007","Harmonized System 2007","Gabon","266'","2019","1","12092300'","  "," -- De f?tuque","12'","Oil seeds and oleaginous fruits; miscellaneous grains, seeds and fruit; industrial or medicinal plan","1209'","Seeds, fruit and spores, of a kind used for sowing.","120923'"," -- Fescue seed","8","1","R","0","0","","","","0","0","0","0","0","0"
"570","","HS 2007","Harmonized System 2007","Gabon","266'","2019","1","12092400'","  "," -- Du p?turin des pr?s du Kentucky (Poa pratensis L.)","12'","Oil seeds and oleaginous fruits; miscellaneous grains, seeds and fruit; industrial or medicinal plan","1209'","Seeds, fruit and spores, of a kind used for sowing.","120924'"," -- Kentucky blue grass (Poa pratensis L.) seed","8","1","R","0","0","","","","0","0","0","0","0","0"
"571","","HS 2007","Harmonized System 2007","Gabon","266'","2019","1","12092500'","  "," -- De ray grass (Lolium multiflorum Lam., Lolium perenne?L.)","12'","Oil seeds and oleaginous fruits; miscellaneous grains, seeds and fruit; industrial or medicinal plan","1209'","Seeds, fruit and spores, of a kind used for sowing.","120925'"," -- Rye grass (Lolium multiflorum Lam., Lolium perenne L.) seed","8","1","R","0","0","","","","0","0","0","0","0","0"
"572","","HS 2007","Harmonized System 2007","Gabon","266'","2019","1","12092900'","  "," -- Autres","12'","Oil seeds and oleaginous fruits; miscellaneous grains, seeds and fruit; industrial or medicinal plan","1209'","Seeds, fruit and spores, of a kind used for sowing.","120929'"," -- Other","8","1","R","0","0","","","","0","0","0","0","0","0"
"573","","HS 2007","Harmonized System 2007","Gabon","266'","2019","1","12093000'","  "," - Graines de plantes herbac?es utilis?es principalement pour leurs fleurs","12'","Oil seeds and oleaginous fruits; miscellaneous grains, seeds and fruit; industrial or medicinal plan","1209'","Seeds, fruit and spores, of a kind used for sowing.","120930'"," - Seeds of herbaceous plants cultivated principally for their flowers","8","1","R","0","0","","","","0","0","0","0","0","0"
"574","","HS 2007","Harmonized System 2007","Gabon","266'","2019","1","12099100'","  "," -- Graines de l?gumes","12'","Oil seeds and oleaginous fruits; miscellaneous grains, seeds and fruit; industrial or medicinal plan","1209'","Seeds, fruit and spores, of a kind used for sowing.","120991'"," -- Vegetable seeds","8","1","R","0","0","","","","0","0","0","0","0","0"
"575","","HS 2007","Harmonized System 2007","Gabon","266'","2019","1","12099900'","  "," -- Autres","12'","Oil seeds and oleaginous fruits; miscellaneous grains, seeds and fruit; industrial or medicinal plan","1209'","Seeds, fruit and spores, of a kind used for sowing.","120999'"," -- Other","8","1","R","0","0","","","","0","0","0","0","0","0"
"576","","HS 2007","Harmonized System 2007","Gabon","266'","2019","1","12101000'","  "," - C?nes de houblon, non broy?s ni moulus ni sous forme de pellets","12'","Oil seeds and oleaginous fruits; miscellaneous grains, seeds and fruit; industrial or medicinal plan","1210'","Hop cones, fresh or dried, whether or not ground, powdered or in the form of pellets; lupulin.","121010'"," - Hop cones, neither ground nor powdered nor in the form of pellets","8","1","R","0","0","","","","0","0","0","0","0","0"
"577","","HS 2007","Harmonized System 2007","Gabon","266'","2019","1","12102000'","  "," - C?nes de houblon, broy?s, moulus ou sous forme de pellets; lupuline","12'","Oil seeds and oleaginous fruits; miscellaneous grains, seeds and fruit; industrial or medicinal plan","1210'","Hop cones, fresh or dried, whether or not ground, powdered or in the form of pellets; lupulin.","121020'"," - Hop cones, ground, powdered or in the form of pellets; lupulin","8","1","R","0","0","","","","0","0","0","0","0","0"
"578","","HS 2007","Harmonized System 2007","Gabon","266'","2019","1","12112000'","  "," - Racines de ginseng","12'","Oil seeds and oleaginous fruits; miscellaneous grains, seeds and fruit; industrial or medicinal plan","1211'","Plants and parts of plants (including seeds and fruits), of a kind used primarily in perfumery, in p","121120'"," - Ginseng roots","8","1","R","0","0","","","","0","0","0","0","0","0"
"579","","HS 2007","Harmonized System 2007","Gabon","266'","2019","1","12113000'","  "," - Coca (feuille de)","12'","Oil seeds and oleaginous fruits; miscellaneous grains, seeds and fruit; industrial or medicinal plan","1211'","Plants and parts of plants (including seeds and fruits), of a kind used primarily in perfumery, in p","121130'"," - Coca leaf","8","1","R","0","0","","","","0","0","0","0","0","0"
"580","","HS 2007","Harmonized System 2007","Gabon","266'","2019","1","12114000'","  "," - Paille de pavot","12'","Oil seeds and oleaginous fruits; miscellaneous grains, seeds and fruit; industrial or medicinal plan","1211'","Plants and parts of plants (including seeds and fruits), of a kind used primarily in perfumery, in p","121140'"," - Poppy straw","8","1","R","0","0","","","","0","0","0","0","0","0"
"581","","HS 2007","Harmonized System 2007","Gabon","266'","2019","1","12119011'","  "," ecorces de quinquina","12'","Oil seeds and oleaginous fruits; miscellaneous grains, seeds and fruit; industrial or medicinal plan","1211'","Plants and parts of plants (including seeds and fruits), of a kind used primarily in perfumery, in p","121190'"," - Other","8","1","R","0","0","","","","0","0","0","0","0","0"
"582","","HS 2007","Harmonized System 2007","Gabon","266'","2019","1","12119012'","  "," ?corces de yohimb?","12'","Oil seeds and oleaginous fruits; miscellaneous grains, seeds and fruit; industrial or medicinal plan","1211'","Plants and parts of plants (including seeds and fruits), of a kind used primarily in perfumery, in p","121190'"," - Other","8","1","R","0","0","","","","0","0","0","0","0","0"
"583","","HS 2007","Harmonized System 2007","Gabon","266'","2019","1","12119019'","  "," ?corces autres que du 12119011 et 12119012","12'","Oil seeds and oleaginous fruits; miscellaneous grains, seeds and fruit; industrial or medicinal plan","1211'","Plants and parts of plants (including seeds and fruits), of a kind used primarily in perfumery, in p","121190'"," - Other","8","1","R","0","0","","","","0","0","0","0","0","0"
"584","","HS 2007","Harmonized System 2007","Gabon","266'","2019","1","12119021'","  "," fruits et graines de strophanthus","12'","Oil seeds and oleaginous fruits; miscellaneous grains, seeds and fruit; industrial or medicinal plan","1211'","Plants and parts of plants (including seeds and fruits), of a kind used primarily in perfumery, in p","121190'"," - Other","8","1","R","0","0","","","","0","0","0","0","0","0"
"585","","HS 2007","Harmonized System 2007","Gabon","266'","2019","1","12119029'","  "," fruits et graines autres que de strophanthus","12'","Oil seeds and oleaginous fruits; miscellaneous grains, seeds and fruit; industrial or medicinal plan","1211'","Plants and parts of plants (including seeds and fruits), of a kind used primarily in perfumery, in p","121190'"," - Other","8","1","R","0","0","","","","0","0","0","0","0","0"
"586","","HS 2007","Harmonized System 2007","Gabon","266'","2019","1","12119090'","  "," racines,?corces,feuilles,graines et fruits du 1211 autres que du 121110 ? 12119029","12'","Oil seeds and oleaginous fruits; miscellaneous grains, seeds and fruit; industrial or medicinal plan","1211'","Plants and parts of plants (including seeds and fruits), of a kind used primarily in perfumery, in p","121190'"," - Other","8","1","R","0","0","","","","0","0","0","0","0","0"
"587","","HS 2007","Harmonized System 2007","Gabon","266'","2019","1","12122010'","  "," algues des esp?ces utilis?es principalement en parfumerie,m?d?cine,insecticide,...","12'","Oil seeds and oleaginous fruits; miscellaneous grains, seeds and fruit; industrial or medicinal plan","1212'","Locust beans, seaweeds and other algae, sugar beet and sugar cane, fresh, chilled, frozen or dried, ","121220'"," - Seaweeds and other algae","8","1","R","0","0","","","","0","0","0","0","0","0"
"588","","HS 2007","Harmonized System 2007","Gabon","266'","2019","1","12122090'","  "," algues autres que du 12122010","12'","Oil seeds and oleaginous fruits; miscellaneous grains, seeds and fruit; industrial or medicinal plan","1212'","Locust beans, seaweeds and other algae, sugar beet and sugar cane, fresh, chilled, frozen or dried, ","121220'"," - Seaweeds and other algae","8","1","R","0","0","","","","0","0","0","0","0","0"
"589","","HS 2007","Harmonized System 2007","Gabon","266'","2019","1","12129100'","  "," -- Betteraves ? sucre","12'","Oil seeds and oleaginous fruits; miscellaneous grains, seeds and fruit; industrial or medicinal plan","1212'","Locust beans, seaweeds and other algae, sugar beet and sugar cane, fresh, chilled, frozen or dried, ","121291'"," -- Sugar beet","8","1","R","0","0","","","","0","0","0","0","0","0"
"590","","HS 2007","Harmonized System 2007","Gabon","266'","2019","1","12129900'","  "," -- Autres","12'","Oil seeds and oleaginous fruits; miscellaneous grains, seeds and fruit; industrial or medicinal plan","1212'","Locust beans, seaweeds and other algae, sugar beet and sugar cane, fresh, chilled, frozen or dried, ","121299'"," -- Other","8","1","R","0","0","","","","0","0","0","0","0","0"
"591","","HS 2007","Harmonized System 2007","Gabon","266'","2019","1","12130010'","  "," pellets de c?r?ales brutes","12'","Oil seeds and oleaginous fruits; miscellaneous grains, seeds and fruit; industrial or medicinal plan","1213'","Cereal straw and husks, unprepared, whether or not chopped, ground, pressed or in the form of pellet","121300'"," Cereal straw and husks, unprepared, whether or not chopped, ground, pressed or in the form of pellet","8","1","R","0","0","","","","0","0","0","0","0","0"
"592","","HS 2007","Harmonized System 2007","Gabon","266'","2019","1","12130090'","  "," pailles et balles de c?r?ales brutes,m?me hach?esmoulues,press?es ou aglom?r?es","12'","Oil seeds and oleaginous fruits; miscellaneous grains, seeds and fruit; industrial or medicinal plan","1213'","Cereal straw and husks, unprepared, whether or not chopped, ground, pressed or in the form of pellet","121300'"," Cereal straw and husks, unprepared, whether or not chopped, ground, pressed or in the form of pellet","8","1","R","0","0","","","","0","0","0","0","0","0"
"593","","HS 2007","Harmonized System 2007","Gabon","266'","2019","1","12141000'","  "," - Farine et agglom?r?s sous forme de pellets de luzerne","12'","Oil seeds and oleaginous fruits; miscellaneous grains, seeds and fruit; industrial or medicinal plan","1214'","Swedes, mangolds, fodder roots, hay, lucerne (alfalfa), clover, sainfoin, forage kale, lupines, vetc","121410'"," - Lucerne (alfalfa) meal and pellets","8","1","R","0","0","","","","0","0","0","0","0","0"
"594","","HS 2007","Harmonized System 2007","Gabon","266'","2019","1","12149000'","  "," - Autres","12'","Oil seeds and oleaginous fruits; miscellaneous grains, seeds and fruit; industrial or medicinal plan","1214'","Swedes, mangolds, fodder roots, hay, lucerne (alfalfa), clover, sainfoin, forage kale, lupines, vetc","121490'"," - Other","8","1","R","0","0","","","","0","0","0","0","0","0"
"595","","HS 2007","Harmonized System 2007","Gabon","266'","2019","1","13012000'","  "," - Gomme arabique","13'","Lac; gums, resins and other vegetable saps and extracts","1301'","Lac; natural gums, resins, gum-resins and oleoresins (for example, balsams).","130120'"," - Gum Arabic","8","1","R","0","0","","","","0","0","0","0","0","0"
"596","","HS 2007","Harmonized System 2007","Gabon","266'","2019","1","13019000'","  "," - Autres","13'","Lac; gums, resins and other vegetable saps and extracts","1301'","Lac; natural gums, resins, gum-resins and oleoresins (for example, balsams).","130190'"," - Other","8","1","R","0","0","","","","0","0","0","0","0","0"
"597","","HS 2007","Harmonized System 2007","Gabon","266'","2019","1","13021100'","  "," -- Opium","13'","Lac; gums, resins and other vegetable saps and extracts","1302'","Vegetable saps and extracts; pectic substances, pectinates and pectates; agar-agar and other mucilag","130211'"," -- Opium","8","1","R","0","0","","","","0","0","0","0","0","0"
"598","","HS 2007","Harmonized System 2007","Gabon","266'","2019","1","13021200'","  "," -- De r?glisse","13'","Lac; gums, resins and other vegetable saps and extracts","1302'","Vegetable saps and extracts; pectic substances, pectinates and pectates; agar-agar and other mucilag","130212'"," -- Of liquorice","8","1","R","0","0","","","","0","0","0","0","0","0"
"599","","HS 2007","Harmonized System 2007","Gabon","266'","2019","1","13021300'","  "," -- De houblon","13'","Lac; gums, resins and other vegetable saps and extracts","1302'","Vegetable saps and extracts; pectic substances, pectinates and pectates; agar-agar and other mucilag","130213'"," -- Of hops","8","1","R","0","0","","","","0","0","0","0","0","0"
"600","","HS 2007","Harmonized System 2007","Gabon","266'","2019","1","13021900'","  "," -- Autres","13'","Lac; gums, resins and other vegetable saps and extracts","1302'","Vegetable saps and extracts; pectic substances, pectinates and pectates; agar-agar and other mucilag","130219'"," -- Other","8","1","R","0","0","","","","0","0","0","0","0","0"
"601","","HS 2007","Harmonized System 2007","Gabon","266'","2019","1","13022000'","  "," - Mati?res pectiques, pectinates et pectates","13'","Lac; gums, resins and other vegetable saps and extracts","1302'","Vegetable saps and extracts; pectic substances, pectinates and pectates; agar-agar and other mucilag","130220'"," - Pectic substances, pectinates and pectates","8","1","R","0","0","","","","0","0","0","0","0","0"
"602","","HS 2007","Harmonized System 2007","Gabon","266'","2019","1","13023100'","  "," -- Agar-agar","13'","Lac; gums, resins and other vegetable saps and extracts","1302'","Vegetable saps and extracts; pectic substances, pectinates and pectates; agar-agar and other mucilag","130231'"," -- Agar-agar","8","1","R","0","0","","","","0","0","0","0","0","0"
"603","","HS 2007","Harmonized System 2007","Gabon","266'","2019","1","13023200'","  "," -- Mucilages et ?paississants de caroubes, de graines de caroubes ou de graines de guar?e, m?me modifi?s","13'","Lac; gums, resins and other vegetable saps and extracts","1302'","Vegetable saps and extracts; pectic substances, pectinates and pectates; agar-agar and other mucilag","130232'"," -- Mucilages and thickeners, whether or not modified, derived from locust beans, locust bean seeds o","8","1","R","0","0","","","","0","0","0","0","0","0"
"604","","HS 2007","Harmonized System 2007","Gabon","266'","2019","1","13023900'","  "," -- Autres","13'","Lac; gums, resins and other vegetable saps and extracts","1302'","Vegetable saps and extracts; pectic substances, pectinates and pectates; agar-agar and other mucilag","130239'"," -- Other","8","1","R","0","0","","","","0","0","0","0","0","0"
"605","","HS 2007","Harmonized System 2007","Gabon","266'","2019","1","14011000'","  "," - Bambous","14'","Vegetable plaiting materials; vegetable products not elsewhere specified or included","1401'","Vegetable materials of a kind used primarily for plaiting (for example, bamboos, rattans, reeds, rus","140110'"," - Bamboos","8","1","R","0","0","","","","0","0","0","0","0","0"
"606","","HS 2007","Harmonized System 2007","Gabon","266'","2019","1","14012000'","  "," - Rotins","14'","Vegetable plaiting materials; vegetable products not elsewhere specified or included","1401'","Vegetable materials of a kind used primarily for plaiting (for example, bamboos, rattans, reeds, rus","140120'"," - Rattans","8","1","R","0","0","","","","0","0","0","0","0","0"
"607","","HS 2007","Harmonized System 2007","Gabon","266'","2019","1","14019000'","  "," - Autres","14'","Vegetable plaiting materials; vegetable products not elsewhere specified or included","1401'","Vegetable materials of a kind used primarily for plaiting (for example, bamboos, rattans, reeds, rus","140190'"," - Other","8","1","R","0","0","","","","0","0","0","0","0","0"
"608","","HS 2007","Harmonized System 2007","Gabon","266'","2019","1","14042000'","  "," - Linters de coton","14'","Vegetable plaiting materials; vegetable products not elsewhere specified or included","1404'","Vegetable products not elsewhere specified or included.","140420'"," - Cotton linters","8","1","R","0","0","","","","0","0","0","0","0","0"
"609","","HS 2007","Harmonized System 2007","Gabon","266'","2019","1","14049000'","  "," - Autres","14'","Vegetable plaiting materials; vegetable products not elsewhere specified or included","1404'","Vegetable products not elsewhere specified or included.","140490'"," - Other","8","1","R","0","0","","","","0","0","0","0","0","0"
"610","","HS 2007","Harmonized System 2007","Gabon","266'","2019","1","15010000'","  "," Graisses de porc (y compris le saindoux) et graisses de volailles, autres que celles du n? 02.09 ou du n? 15.03.","15'","Animal or vegetable fats and oils and their cleavage products; prepared edible fats; animal or veget","1501'","Pig fat (including lard) and poultry fat, other than that of heading 02.09 or 15.03.","150100'"," Pig fat (including lard) and poultry fat, other than that of heading 02.09 or 15.03.","8","1","R","0","0","","","","0","0","0","0","0","0"
"611","","HS 2007","Harmonized System 2007","Gabon","266'","2019","1","15020000'","  "," Graisses des animaux des esp?ces bovine, ovine ou caprine, autres que celles du n? 15.03.","15'","Animal or vegetable fats and oils and their cleavage products; prepared edible fats; animal or veget","1502'","Fats of bovine animals, sheep or goats, other than those of heading 15.03.","150200'"," Fats of bovine animals, sheep or goats, other than those of heading 15.03.","8","1","R","0","0","","","","0","0","0","0","0","0"
"612","","HS 2007","Harmonized System 2007","Gabon","266'","2019","1","15030000'","  "," St?arine solaire, huile de saindoux, ol?o-st?arine, ol?o-margarine et huile de suif, non ?mulsionn?es, ni m?lang?es ni autrement pr?par?es.","15'","Animal or vegetable fats and oils and their cleavage products; prepared edible fats; animal or veget","1503'","Lard stearin, lard oil, oleostearin, oleo-oil and tallow oil, not emulsified or mixed or otherwise p","150300'"," Lard stearin, lard oil, oleostearin, oleo-oil and tallow oil, not emulsified or mixed or otherwise p","8","1","R","0","0","","","","0","0","0","0","0","0"
"613","","HS 2007","Harmonized System 2007","Gabon","266'","2019","1","15041000'","  "," - Huiles de foies de poissons et leurs fractions","15'","Animal or vegetable fats and oils and their cleavage products; prepared edible fats; animal or veget","1504'","Fats and oils and their fractions, of fish or marine mammals, whether or not refined, but not chemic","150410'"," - Fish-liver oils and their fractions","8","1","R","0","0","","","","0","0","0","0","0","0"
"614","","HS 2007","Harmonized System 2007","Gabon","266'","2019","1","15042000'","  "," - Graisses et huiles de poissons et leurs fractions, autres que les huiles de foies","15'","Animal or vegetable fats and oils and their cleavage products; prepared edible fats; animal or veget","1504'","Fats and oils and their fractions, of fish or marine mammals, whether or not refined, but not chemic","150420'"," - Fats and oils and their fractions, of fish, other than liver oils","8","1","R","0","0","","","","0","0","0","0","0","0"
"615","","HS 2007","Harmonized System 2007","Gabon","266'","2019","1","15043000'","  "," - Graisses et huiles de mammif?res marins et leurs fractions","15'","Animal or vegetable fats and oils and their cleavage products; prepared edible fats; animal or veget","1504'","Fats and oils and their fractions, of fish or marine mammals, whether or not refined, but not chemic","150430'"," - Fats and oils and their fractions, of marine mammals","8","1","R","0","0","","","","0","0","0","0","0","0"
"616","","HS 2007","Harmonized System 2007","Gabon","266'","2019","1","15050000'","  "," graisse de suint et substances grasses d?riv?es, y compris la lanoline.","15'","Animal or vegetable fats and oils and their cleavage products; prepared edible fats; animal or veget","1505'","Wool grease and fatty substances derived therefrom (including lanolin).","150500'"," Wool grease and fatty substances derived therefrom (including lanolin).","8","1","R","0","0","","","","0","0","0","0","0","0"
"617","","HS 2007","Harmonized System 2007","Gabon","266'","2019","1","15060000'","  "," Autres graisses et huiles animales et leurs fractions, m?me raffin?es, mais non chimiquement modifi?es.","15'","Animal or vegetable fats and oils and their cleavage products; prepared edible fats; animal or veget","1506'","Other animal fats and oils and their fractions, whether or not refined, but not chemically modified.","150600'"," Other animal fats and oils and their fractions, whether or not refined, but not chemically modified.","8","1","R","0","0","","","","0","0","0","0","0","0"
"618","","HS 2007","Harmonized System 2007","Gabon","266'","2019","1","15071000'","  "," - Huile brute, m?me d?gomm?e","15'","Animal or vegetable fats and oils and their cleavage products; prepared edible fats; animal or veget","1507'","Soya-bean oil and its fractions, whether or not refined, but not chemically modified.","150710'"," - Crude oil, whether or not degummed","8","1","R","0","0","","","","0","0","0","0","0","0"
"619","","HS 2007","Harmonized System 2007","Gabon","266'","2019","1","15079000'","  "," - Autres","15'","Animal or vegetable fats and oils and their cleavage products; prepared edible fats; animal or veget","1507'","Soya-bean oil and its fractions, whether or not refined, but not chemically modified.","150790'"," - Other","8","1","R","0","0","","","","0","0","0","0","0","0"
"620","","HS 2007","Harmonized System 2007","Gabon","266'","2019","1","15081000'","  "," - Huile brute","15'","Animal or vegetable fats and oils and their cleavage products; prepared edible fats; animal or veget","1508'","Ground-nut oil and its fractions, whether or not refined, but not chemically modified.","150810'"," - Crude oil","8","1","R","0","0","","","","0","0","0","0","0","0"
"621","","HS 2007","Harmonized System 2007","Gabon","266'","2019","1","15089000'","  "," - Autres","15'","Animal or vegetable fats and oils and their cleavage products; prepared edible fats; animal or veget","1508'","Ground-nut oil and its fractions, whether or not refined, but not chemically modified.","150890'"," - Other","8","1","R","0","0","","","","0","0","0","0","0","0"
"622","","HS 2007","Harmonized System 2007","Gabon","266'","2019","1","15091000'","  "," - Vierges","15'","Animal or vegetable fats and oils and their cleavage products; prepared edible fats; animal or veget","1509'","Olive oil and its fractions, whether or not refined, but not chemically modified.","150910'"," - Virgin","8","1","R","0","0","","","","0","0","0","0","0","0"
"623","","HS 2007","Harmonized System 2007","Gabon","266'","2019","1","15099000'","  "," - Autres","15'","Animal or vegetable fats and oils and their cleavage products; prepared edible fats; animal or veget","1509'","Olive oil and its fractions, whether or not refined, but not chemically modified.","150990'"," - Other","8","1","R","0","0","","","","0","0","0","0","0","0"
"624","","HS 2007","Harmonized System 2007","Gabon","266'","2019","1","15100000'","  "," Autres huiles et leurs fractions, obtenues exclusivement ? partir d'olives, m?me raffin?es, mais non chimiquement modifi?es et m?langes de ces huiles ou fractions avec des huiles ou fractions du n? 15.09.","15'","Animal or vegetable fats and oils and their cleavage products; prepared edible fats; animal or veget","1510'","Other oils and their fractions, obtained solely from olives, whether or not refined, but not chemica","151000'"," Other oils and their fractions, obtained solely from olives, whether or not refined, but not chemica","8","1","R","0","0","","","","0","0","0","0","0","0"
"625","","HS 2007","Harmonized System 2007","Gabon","266'","2019","1","15111000'","  "," - Huile brute","15'","Animal or vegetable fats and oils and their cleavage products; prepared edible fats; animal or veget","1511'","Palm oil and its fractions, whether or not refined, but not chemically modified.","151110'"," - Crude oil","8","1","R","0","0","","","","0","0","0","0","0","0"
"626","","HS 2007","Harmonized System 2007","Gabon","266'","2019","1","15119000'","  "," - Autres","15'","Animal or vegetable fats and oils and their cleavage products; prepared edible fats; animal or veget","1511'","Palm oil and its fractions, whether or not refined, but not chemically modified.","151190'"," - Other","8","1","R","0","0","","","","0","0","0","0","0","0"
"627","","HS 2007","Harmonized System 2007","Gabon","266'","2019","1","15121100'","  "," -- Huiles brutes","15'","Animal or vegetable fats and oils and their cleavage products; prepared edible fats; animal or veget","1512'","Sunflower-seed, safflower or cotton-seed oil and fractions thereof, whether or not refined, but not ","151211'"," -- Crude oil","8","1","R","0","0","","","","0","0","0","0","0","0"
"628","","HS 2007","Harmonized System 2007","Gabon","266'","2019","1","15121900'","  "," -- Autres","15'","Animal or vegetable fats and oils and their cleavage products; prepared edible fats; animal or veget","1512'","Sunflower-seed, safflower or cotton-seed oil and fractions thereof, whether or not refined, but not ","151219'"," -- Other","8","1","R","0","0","","","","0","0","0","0","0","0"
"629","","HS 2007","Harmonized System 2007","Gabon","266'","2019","1","15122100'","  "," -- Huile brute, m?me d?pourvue de gossypol","15'","Animal or vegetable fats and oils and their cleavage products; prepared edible fats; animal or veget","1512'","Sunflower-seed, safflower or cotton-seed oil and fractions thereof, whether or not refined, but not ","151221'"," -- Crude oil, whether or not gossypol has been removed","8","1","R","0","0","","","","0","0","0","0","0","0"
"630","","HS 2007","Harmonized System 2007","Gabon","266'","2019","1","15122900'","  "," -- Autres","15'","Animal or vegetable fats and oils and their cleavage products; prepared edible fats; animal or veget","1512'","Sunflower-seed, safflower or cotton-seed oil and fractions thereof, whether or not refined, but not ","151229'"," -- Other","8","1","R","0","0","","","","0","0","0","0","0","0"
"631","","HS 2007","Harmonized System 2007","Gabon","266'","2019","1","15131100'","  "," -- Huile brute","15'","Animal or vegetable fats and oils and their cleavage products; prepared edible fats; animal or veget","1513'","Coconut (copra), palm kernel or babassu oil and fractions thereof, whether or not refined, but not c","151311'"," -- Crude oil","8","1","R","0","0","","","","0","0","0","0","0","0"
"632","","HS 2007","Harmonized System 2007","Gabon","266'","2019","1","15131900'","  "," -- Autres","15'","Animal or vegetable fats and oils and their cleavage products; prepared edible fats; animal or veget","1513'","Coconut (copra), palm kernel or babassu oil and fractions thereof, whether or not refined, but not c","151319'"," -- Other","8","1","R","0","0","","","","0","0","0","0","0","0"
"633","","HS 2007","Harmonized System 2007","Gabon","266'","2019","1","15132100'","  "," -- Huiles brutes","15'","Animal or vegetable fats and oils and their cleavage products; prepared edible fats; animal or veget","1513'","Coconut (copra), palm kernel or babassu oil and fractions thereof, whether or not refined, but not c","151321'"," -- Crude oil","8","1","R","0","0","","","","0","0","0","0","0","0"
"634","","HS 2007","Harmonized System 2007","Gabon","266'","2019","1","15132900'","  "," -- Autres","15'","Animal or vegetable fats and oils and their cleavage products; prepared edible fats; animal or veget","1513'","Coconut (copra), palm kernel or babassu oil and fractions thereof, whether or not refined, but not c","151329'"," -- Other","8","1","R","0","0","","","","0","0","0","0","0","0"
"635","","HS 2007","Harmonized System 2007","Gabon","266'","2019","1","15141100'","  "," -- Huiles brutes","15'","Animal or vegetable fats and oils and their cleavage products; prepared edible fats; animal or veget","1514'","Rape, colza or mustard oil and fractions thereof, whether or not refined, but not chemically modifie","151411'"," -- Crude oil","8","1","R","0","0","","","","0","0","0","0","0","0"
"636","","HS 2007","Harmonized System 2007","Gabon","266'","2019","1","15141900'","  "," -- Autres","15'","Animal or vegetable fats and oils and their cleavage products; prepared edible fats; animal or veget","1514'","Rape, colza or mustard oil and fractions thereof, whether or not refined, but not chemically modifie","151419'"," -- Other","8","1","R","0","0","","","","0","0","0","0","0","0"
"637","","HS 2007","Harmonized System 2007","Gabon","266'","2019","1","15149100'","  "," -- Huiles brutes","15'","Animal or vegetable fats and oils and their cleavage products; prepared edible fats; animal or veget","1514'","Rape, colza or mustard oil and fractions thereof, whether or not refined, but not chemically modifie","151491'"," -- Crude oil","8","1","R","0","0","","","","0","0","0","0","0","0"
"638","","HS 2007","Harmonized System 2007","Gabon","266'","2019","1","15149900'","  "," -- Autres","15'","Animal or vegetable fats and oils and their cleavage products; prepared edible fats; animal or veget","1514'","Rape, colza or mustard oil and fractions thereof, whether or not refined, but not chemically modifie","151499'"," -- Other","8","1","R","0","0","","","","0","0","0","0","0","0"
"639","","HS 2007","Harmonized System 2007","Gabon","266'","2019","1","15151100'","  "," -- Huile brute","15'","Animal or vegetable fats and oils and their cleavage products; prepared edible fats; animal or veget","1515'","Other fixed vegetable fats and oils (including jojoba oil) and their fractions, whether or not refin","151511'"," -- Crude oil","8","1","R","0","0","","","","0","0","0","0","0","0"
"640","","HS 2007","Harmonized System 2007","Gabon","266'","2019","1","15151900'","  "," -- Autres","15'","Animal or vegetable fats and oils and their cleavage products; prepared edible fats; animal or veget","1515'","Other fixed vegetable fats and oils (including jojoba oil) and their fractions, whether or not refin","151519'"," -- Other","8","1","R","0","0","","","","0","0","0","0","0","0"
"641","","HS 2007","Harmonized System 2007","Gabon","266'","2019","1","15152100'","  "," -- Huile brute","15'","Animal or vegetable fats and oils and their cleavage products; prepared edible fats; animal or veget","1515'","Other fixed vegetable fats and oils (including jojoba oil) and their fractions, whether or not refin","151521'"," -- Crude oil","8","1","R","0","0","","","","0","0","0","0","0","0"
"642","","HS 2007","Harmonized System 2007","Gabon","266'","2019","1","15152900'","  "," -- Autres","15'","Animal or vegetable fats and oils and their cleavage products; prepared edible fats; animal or veget","1515'","Other fixed vegetable fats and oils (including jojoba oil) and their fractions, whether or not refin","151529'"," -- Other","8","1","R","0","0","","","","0","0","0","0","0","0"
"643","","HS 2007","Harmonized System 2007","Gabon","266'","2019","1","15153000'","  "," - Huile de ricin et ses fractions","15'","Animal or vegetable fats and oils and their cleavage products; prepared edible fats; animal or veget","1515'","Other fixed vegetable fats and oils (including jojoba oil) and their fractions, whether or not refin","151530'"," - Castor oil and its fractions","8","1","R","0","0","","","","0","0","0","0","0","0"
"644","","HS 2007","Harmonized System 2007","Gabon","266'","2019","1","15155000'","  "," - Huile de s?same et ses fractions","15'","Animal or vegetable fats and oils and their cleavage products; prepared edible fats; animal or veget","1515'","Other fixed vegetable fats and oils (including jojoba oil) and their fractions, whether or not refin","151550'"," - Sesame oil and its fractions","8","1","R","0","0","","","","0","0","0","0","0","0"
"645","","HS 2007","Harmonized System 2007","Gabon","266'","2019","1","15159000'","  "," - Autres","15'","Animal or vegetable fats and oils and their cleavage products; prepared edible fats; animal or veget","1515'","Other fixed vegetable fats and oils (including jojoba oil) and their fractions, whether or not refin","151590'"," - Other","8","1","R","0","0","","","","0","0","0","0","0","0"
"646","","HS 2007","Harmonized System 2007","Gabon","266'","2019","1","15161000'","  "," - Graisses et huiles animales et leurs fractions","15'","Animal or vegetable fats and oils and their cleavage products; prepared edible fats; animal or veget","1516'","Animal or vegetable fats and oils and their fractions, partly or wholly hydrogenated, inter-esterifi","151610'"," - Animal fats and oils and their fractions","8","1","R","0","0","","","","0","0","0","0","0","0"
"647","","HS 2007","Harmonized System 2007","Gabon","266'","2019","1","15162000'","  "," - Graisses et huiles v?g?tales et leurs fractions","15'","Animal or vegetable fats and oils and their cleavage products; prepared edible fats; animal or veget","1516'","Animal or vegetable fats and oils and their fractions, partly or wholly hydrogenated, inter-esterifi","151620'"," - Vegetable fats and oils and their fractions","8","1","R","0","0","","","","0","0","0","0","0","0"
"648","","HS 2007","Harmonized System 2007","Gabon","266'","2019","1","15171000'","  "," - Margarine, ? l'exclusion de la margarine liquide","15'","Animal or vegetable fats and oils and their cleavage products; prepared edible fats; animal or veget","1517'","Margarine; edible mixtures or preparations of animal or vegetable fats or oils or of fractions of di","151710'"," - Margarine, excluding liquid margarine","8","1","R","0","0","","","","0","0","0","0","0","0"
"649","","HS 2007","Harmonized System 2007","Gabon","266'","2019","1","15179000'","  "," - Autres","15'","Animal or vegetable fats and oils and their cleavage products; prepared edible fats; animal or veget","1517'","Margarine; edible mixtures or preparations of animal or vegetable fats or oils or of fractions of di","151790'"," - Other","8","1","R","0","0","","","","0","0","0","0","0","0"
"650","","HS 2007","Harmonized System 2007","Gabon","266'","2019","1","15180000'","  "," Graisses et huiles animales ou v?g?tales et leurs fractions, cuites, oxyd?es, d?shydrat?es, sulfur?es, souffl?es, standolis?es ou autrement modifi?es chimiquement, ? l'exclusion de celles du n? 15.16; m?langes ou pr?parations non alimentaires de","15'","Animal or vegetable fats and oils and their cleavage products; prepared edible fats; animal or veget","1518'","Animal or vegetable fats and oils and their fractions, boiled, oxidised, dehydrated, sulphurised, bl","151800'"," Animal or vegetable fats and oils and their fractions, boiled, oxidised, dehydrated, sulphurised, bl","8","1","R","0","0","","","","0","0","0","0","0","0"
"651","","HS 2007","Harmonized System 2007","Gabon","266'","2019","1","15200000'","  "," Glyc?rol brut; eaux et lessives glyc?rineuses.","15'","Animal or vegetable fats and oils and their cleavage products; prepared edible fats; animal or veget","1520'","Glycerol, crude; glycerol waters and glycerol lyes.","152000'"," Glycerol, crude; glycerol waters and glycerol lyes.","8","1","R","0","0","","","","0","0","0","0","0","0"
"652","","HS 2007","Harmonized System 2007","Gabon","266'","2019","1","15211000'","  "," - Cires v?g?tales","15'","Animal or vegetable fats and oils and their cleavage products; prepared edible fats; animal or veget","1521'","Vegetable waxes (other than triglycerides), beeswax, other insect waxes and spermaceti, whether or n","152110'"," - Vegetable waxes","8","1","R","0","0","","","","0","0","0","0","0","0"
"653","","HS 2007","Harmonized System 2007","Gabon","266'","2019","1","15219000'","  "," - Autres","15'","Animal or vegetable fats and oils and their cleavage products; prepared edible fats; animal or veget","1521'","Vegetable waxes (other than triglycerides), beeswax, other insect waxes and spermaceti, whether or n","152190'"," - Other","8","1","R","0","0","","","","0","0","0","0","0","0"
"654","","HS 2007","Harmonized System 2007","Gabon","266'","2019","1","15220000'","  "," D?gras; r?sidus provenant du traitement des corps gras ou des cires animales ou v?g?tales.","15'","Animal or vegetable fats and oils and their cleavage products; prepared edible fats; animal or veget","1522'","Degras; residues resulting from the treatment of fatty substances or animal or vegetable waxes.","152200'"," Degras; residues resulting from the treatment of fatty substances or animal or vegetable waxes.","8","1","R","0","0","","","","0","0","0","0","0","0"
"655","","HS 2007","Harmonized System 2007","Gabon","266'","2019","1","16010000'","  "," Saucisses, saucissons et produits similaires, de viande, d'abats ou de sang; pr?parations alimentaires ? base de ces produits.","16'","Preparations of meat, of fish or of crustaceans, molluscs or other aquatic invertebrates","1601'","Sausages and similar products, of meat, meat offal or blood; food preparations based on these produc","160100'"," Sausages and similar products, of meat, meat offal or blood; food preparations based on these produc","8","1","R","0","0","","","","0","0","0","0","0","0"
"656","","HS 2007","Harmonized System 2007","Gabon","266'","2019","1","16021000'","  "," - Pr?parations homog?n?is?es","16'","Preparations of meat, of fish or of crustaceans, molluscs or other aquatic invertebrates","1602'","Other prepared or preserved meat, meat offal or blood.","160210'"," - Homogenised preparations","8","1","R","0","0","","","","0","0","0","0","0","0"
"657","","HS 2007","Harmonized System 2007","Gabon","266'","2019","1","16022010'","  "," pr?parations de foies d'oie ou de canard ( foie gras)","16'","Preparations of meat, of fish or of crustaceans, molluscs or other aquatic invertebrates","1602'","Other prepared or preserved meat, meat offal or blood.","160220'"," - Of liver of any animal","8","1","R","0","0","","","","0","0","0","0","0","0"
"658","","HS 2007","Harmonized System 2007","Gabon","266'","2019","1","16022090'","  "," pr?parations de foies de tous animaux,sauf oie et canard,truff?s ou non.","16'","Preparations of meat, of fish or of crustaceans, molluscs or other aquatic invertebrates","1602'","Other prepared or preserved meat, meat offal or blood.","160220'"," - Of liver of any animal","8","1","R","0","0","","","","0","0","0","0","0","0"
"659","","HS 2007","Harmonized System 2007","Gabon","266'","2019","1","16023100'","  "," -- De dinde","16'","Preparations of meat, of fish or of crustaceans, molluscs or other aquatic invertebrates","1602'","Other prepared or preserved meat, meat offal or blood.","160231'"," -- Of turkeys","8","1","R","0","0","","","","0","0","0","0","0","0"
"660","","HS 2007","Harmonized System 2007","Gabon","266'","2019","1","16023200'","  "," -- De coqs et de poules","16'","Preparations of meat, of fish or of crustaceans, molluscs or other aquatic invertebrates","1602'","Other prepared or preserved meat, meat offal or blood.","160232'"," -- Of fowls of the species Gallus domesticus","8","1","R","0","0","","","","0","0","0","0","0","0"
"661","","HS 2007","Harmonized System 2007","Gabon","266'","2019","1","16023900'","  "," -- Autres","16'","Preparations of meat, of fish or of crustaceans, molluscs or other aquatic invertebrates","1602'","Other prepared or preserved meat, meat offal or blood.","160239'"," -- Other","8","1","R","0","0","","","","0","0","0","0","0","0"
"662","","HS 2007","Harmonized System 2007","Gabon","266'","2019","1","16024100'","  "," -- Jambons et leurs morceaux","16'","Preparations of meat, of fish or of crustaceans, molluscs or other aquatic invertebrates","1602'","Other prepared or preserved meat, meat offal or blood.","160241'"," -- Hams and cuts thereof","8","1","R","0","0","","","","0","0","0","0","0","0"
"663","","HS 2007","Harmonized System 2007","Gabon","266'","2019","1","16024200'","  "," -- Epaules et leurs morceaux","16'","Preparations of meat, of fish or of crustaceans, molluscs or other aquatic invertebrates","1602'","Other prepared or preserved meat, meat offal or blood.","160242'"," -- Shoulders and cuts thereof","8","1","R","0","0","","","","0","0","0","0","0","0"
"664","","HS 2007","Harmonized System 2007","Gabon","266'","2019","1","16024900'","  "," -- Autres, y compris les m?langes","16'","Preparations of meat, of fish or of crustaceans, molluscs or other aquatic invertebrates","1602'","Other prepared or preserved meat, meat offal or blood.","160249'"," -- Other, including mixtures","8","1","R","0","0","","","","0","0","0","0","0","0"
"665","","HS 2007","Harmonized System 2007","Gabon","266'","2019","1","16025000'","  "," - De l'esp?ce bovine","16'","Preparations of meat, of fish or of crustaceans, molluscs or other aquatic invertebrates","1602'","Other prepared or preserved meat, meat offal or blood.","160250'"," - Of bovine animals","8","1","R","0","0","","","","0","0","0","0","0","0"
"666","","HS 2007","Harmonized System 2007","Gabon","266'","2019","1","16029000'","  "," - Autres, y compris les pr?parations de sang de tous animaux","16'","Preparations of meat, of fish or of crustaceans, molluscs or other aquatic invertebrates","1602'","Other prepared or preserved meat, meat offal or blood.","160290'"," - Other, including preparations of blood of any animal","8","1","R","0","0","","","","0","0","0","0","0","0"
"667","","HS 2007","Harmonized System 2007","Gabon","266'","2019","1","16030000'","  "," Extraits et jus de viande, de poissons ou de crustac?s, de mollusques ou d'autres invert?br?s aquatiques.","16'","Preparations of meat, of fish or of crustaceans, molluscs or other aquatic invertebrates","1603'","Extracts and juices of meat, fish or crustaceans, molluscs or other aquatic invertebrates.","160300'"," Extracts and juices of meat, fish or crustaceans, molluscs or other aquatic invertebrates.","8","1","R","0","0","","","","0","0","0","0","0","0"
"668","","HS 2007","Harmonized System 2007","Gabon","266'","2019","1","16041100'","  "," -- Saumons","16'","Preparations of meat, of fish or of crustaceans, molluscs or other aquatic invertebrates","1604'","Prepared or preserved fish; caviar and caviar substitutes prepared from fish eggs.","160411'"," -- Salmon","8","1","R","0","0","","","","0","0","0","0","0","0"
"669","","HS 2007","Harmonized System 2007","Gabon","266'","2019","1","16041200'","  "," -- Harengs","16'","Preparations of meat, of fish or of crustaceans, molluscs or other aquatic invertebrates","1604'","Prepared or preserved fish; caviar and caviar substitutes prepared from fish eggs.","160412'"," -- Herrings","8","1","R","0","0","","","","0","0","0","0","0","0"
"670","","HS 2007","Harmonized System 2007","Gabon","266'","2019","1","16041300'","  "," -- Sardines, sardinelles et sprats ou esprots","16'","Preparations of meat, of fish or of crustaceans, molluscs or other aquatic invertebrates","1604'","Prepared or preserved fish; caviar and caviar substitutes prepared from fish eggs.","160413'"," -- Sardines, sardinella and brisling or sprats","8","1","R","0","0","","","","0","0","0","0","0","0"
"671","","HS 2007","Harmonized System 2007","Gabon","266'","2019","1","16041400'","  "," -- Thons, listaos et bonites (Sarda spp.)","16'","Preparations of meat, of fish or of crustaceans, molluscs or other aquatic invertebrates","1604'","Prepared or preserved fish; caviar and caviar substitutes prepared from fish eggs.","160414'"," -- Tunas, skipjack and bonito (Sarda spp.)","8","1","R","0","0","","","","0","0","0","0","0","0"
"672","","HS 2007","Harmonized System 2007","Gabon","266'","2019","1","16041500'","  "," -- Maquereaux","16'","Preparations of meat, of fish or of crustaceans, molluscs or other aquatic invertebrates","1604'","Prepared or preserved fish; caviar and caviar substitutes prepared from fish eggs.","160415'"," -- Mackerel","8","1","R","0","0","","","","0","0","0","0","0","0"
"673","","HS 2007","Harmonized System 2007","Gabon","266'","2019","1","16041600'","  "," -- Anchois","16'","Preparations of meat, of fish or of crustaceans, molluscs or other aquatic invertebrates","1604'","Prepared or preserved fish; caviar and caviar substitutes prepared from fish eggs.","160416'"," -- Anchovies","8","1","R","0","0","","","","0","0","0","0","0","0"
"674","","HS 2007","Harmonized System 2007","Gabon","266'","2019","1","16041900'","  "," -- Autres","16'","Preparations of meat, of fish or of crustaceans, molluscs or other aquatic invertebrates","1604'","Prepared or preserved fish; caviar and caviar substitutes prepared from fish eggs.","160419'"," -- Other","8","1","R","0","0","","","","0","0","0","0","0","0"
"675","","HS 2007","Harmonized System 2007","Gabon","266'","2019","1","16042000'","  "," - Autres pr?parations et conserves de poissons","16'","Preparations of meat, of fish or of crustaceans, molluscs or other aquatic invertebrates","1604'","Prepared or preserved fish; caviar and caviar substitutes prepared from fish eggs.","160420'"," - Other prepared or preserved fish","8","1","R","0","0","","","","0","0","0","0","0","0"
"676","","HS 2007","Harmonized System 2007","Gabon","266'","2019","1","16043000'","  "," - Caviar et ses succ?dan?s","16'","Preparations of meat, of fish or of crustaceans, molluscs or other aquatic invertebrates","1604'","Prepared or preserved fish; caviar and caviar substitutes prepared from fish eggs.","160430'"," - Caviar and caviar substitutes","8","1","R","0","0","","","","0","0","0","0","0","0"
"677","","HS 2007","Harmonized System 2007","Gabon","266'","2019","1","16051000'","  "," - Crabes","16'","Preparations of meat, of fish or of crustaceans, molluscs or other aquatic invertebrates","1605'","Crustaceans, molluscs and other aquatic invertebrates, prepared or preserved.","160510'"," - Crab","8","1","R","0","0","","","","0","0","0","0","0","0"
"678","","HS 2007","Harmonized System 2007","Gabon","266'","2019","1","16052000'","  "," - Crevettes","16'","Preparations of meat, of fish or of crustaceans, molluscs or other aquatic invertebrates","1605'","Crustaceans, molluscs and other aquatic invertebrates, prepared or preserved.","160520'"," - Shrimps and prawns","8","1","R","0","0","","","","0","0","0","0","0","0"
"679","","HS 2007","Harmonized System 2007","Gabon","266'","2019","1","16053000'","  "," - Homards","16'","Preparations of meat, of fish or of crustaceans, molluscs or other aquatic invertebrates","1605'","Crustaceans, molluscs and other aquatic invertebrates, prepared or preserved.","160530'"," - Lobster","8","1","R","0","0","","","","0","0","0","0","0","0"
"680","","HS 2007","Harmonized System 2007","Gabon","266'","2019","1","16054000'","  "," - Autres crustac?s","16'","Preparations of meat, of fish or of crustaceans, molluscs or other aquatic invertebrates","1605'","Crustaceans, molluscs and other aquatic invertebrates, prepared or preserved.","160540'"," - Other crustaceans","8","1","R","0","0","","","","0","0","0","0","0","0"
"681","","HS 2007","Harmonized System 2007","Gabon","266'","2019","1","16059000'","  "," - Autres","16'","Preparations of meat, of fish or of crustaceans, molluscs or other aquatic invertebrates","1605'","Crustaceans, molluscs and other aquatic invertebrates, prepared or preserved.","160590'"," - Other","8","1","R","0","0","","","","0","0","0","0","0","0"
"682","","HS 2007","Harmonized System 2007","Gabon","266'","2019","1","17011100'","  "," -- De canne","17'","Sugars and sugar confectionery","1701'","Cane or beet sugar and chemically pure sucrose, in solid form.","170111'"," -- Cane sugar","8","1","R","0","0","","","","0","0","0","0","0","0"
"683","","HS 2007","Harmonized System 2007","Gabon","266'","2019","1","17011200'","  "," -- De betterave","17'","Sugars and sugar confectionery","1701'","Cane or beet sugar and chemically pure sucrose, in solid form.","170112'"," -- Beet sugar","8","1","R","0","0","","","","0","0","0","0","0","0"
"684","","HS 2007","Harmonized System 2007","Gabon","266'","2019","1","17019100'","  "," -- Additionn?s d'aromatisants ou de colorants","17'","Sugars and sugar confectionery","1701'","Cane or beet sugar and chemically pure sucrose, in solid form.","170191'"," -- Containing added flavouring or colouring matter","8","1","R","0","0","","","","0","0","0","0","0","0"
"685","","HS 2007","Harmonized System 2007","Gabon","266'","2019","1","17019910'","  "," sucres raffin?s de canne ou de betterave non aromatis? ni color?","17'","Sugars and sugar confectionery","1701'","Cane or beet sugar and chemically pure sucrose, in solid form.","170199'"," -- Other","8","1","R","0","0","","","","0","0","0","0","0","0"
"686","","HS 2007","Harmonized System 2007","Gabon","266'","2019","1","17019990'","  "," saccharose chimiquement pur et sucres autres que de canne ou de betterave","17'","Sugars and sugar confectionery","1701'","Cane or beet sugar and chemically pure sucrose, in solid form.","170199'"," -- Other","8","1","R","0","0","","","","0","0","0","0","0","0"
"687","","HS 2007","Harmonized System 2007","Gabon","266'","2019","1","17021100'","  "," -- Contenant en poids 99 % ou plus de lactose, exprim? en lactose anhydre calcul? sur mati?re s?che","17'","Sugars and sugar confectionery","1702'","Other sugars, including chemically pure lactose, maltose, glucose and fructose, in solid form; sugar","170211'"," -- Containing by weight 99% or more lactose, expressed as anhydrous lactose, calculated on the dry m","8","1","R","0","0","","","","0","0","0","0","0","0"
"688","","HS 2007","Harmonized System 2007","Gabon","266'","2019","1","17021900'","  "," -- Autres","17'","Sugars and sugar confectionery","1702'","Other sugars, including chemically pure lactose, maltose, glucose and fructose, in solid form; sugar","170219'"," -- Other","8","1","R","0","0","","","","0","0","0","0","0","0"
"689","","HS 2007","Harmonized System 2007","Gabon","266'","2019","1","17022000'","  "," - Sucre et sirop d'?rable","17'","Sugars and sugar confectionery","1702'","Other sugars, including chemically pure lactose, maltose, glucose and fructose, in solid form; sugar","170220'"," - Maple sugar and maple syrup","8","1","R","0","0","","","","0","0","0","0","0","0"
"690","","HS 2007","Harmonized System 2007","Gabon","266'","2019","1","17023000'","  "," - Glucose et sirop de glucose, ne contenant pas de fructose ou contenant en poids ? l'?tat sec moins de 20 % de fructose","17'","Sugars and sugar confectionery","1702'","Other sugars, including chemically pure lactose, maltose, glucose and fructose, in solid form; sugar","170230'"," - Glucose and glucose syrup, not containing fructose or containing in the dry state less than 20% by","8","1","R","0","0","","","","0","0","0","0","0","0"
"691","","HS 2007","Harmonized System 2007","Gabon","266'","2019","1","17024000'","  "," - Glucose et sirop de glucose, contenant en poids ? l'?tat sec de 20?% inclus ? 50?% exclus de fructose, ? l'exception du sucre inverti (ou interverti)","17'","Sugars and sugar confectionery","1702'","Other sugars, including chemically pure lactose, maltose, glucose and fructose, in solid form; sugar","170240'"," - Glucose and glucose syrup, containing in the dry state at least 20?% but less than 50% by weight o","8","1","R","0","0","","","","0","0","0","0","0","0"
"692","","HS 2007","Harmonized System 2007","Gabon","266'","2019","1","17025000'","  "," - Fructose chimiquement pur","17'","Sugars and sugar confectionery","1702'","Other sugars, including chemically pure lactose, maltose, glucose and fructose, in solid form; sugar","170250'"," - Chemically pure fructose","8","1","R","0","0","","","","0","0","0","0","0","0"
"693","","HS 2007","Harmonized System 2007","Gabon","266'","2019","1","17026000'","  "," - Autre fructose et sirop de fructose, contenant en poids ? l'?tat sec plus de 50?% de fructose, ? l'exception du sucre inverti (ou interverti)","17'","Sugars and sugar confectionery","1702'","Other sugars, including chemically pure lactose, maltose, glucose and fructose, in solid form; sugar","170260'"," - Other fructose and fructose syrup, containing in the dry state more than 50% by weight of fructose","8","1","R","0","0","","","","0","0","0","0","0","0"
"694","","HS 2007","Harmonized System 2007","Gabon","266'","2019","1","17029000'","  "," - Autres, y compris le sucre inverti (ou interverti) et les autres sucres et sirops de sucres contenant en poids ? l'?tat sec 50?% de fructose","17'","Sugars and sugar confectionery","1702'","Other sugars, including chemically pure lactose, maltose, glucose and fructose, in solid form; sugar","170290'"," - Other, including invert sugar and other sugar and sugar syrup blends containing in the dry state 5","8","1","R","0","0","","","","0","0","0","0","0","0"
"695","","HS 2007","Harmonized System 2007","Gabon","266'","2019","1","17031000'","  "," - M?lasses de canne","17'","Sugars and sugar confectionery","1703'","Molasses resulting from the extraction or refining of sugar.","170310'"," - Cane molasses","8","1","R","0","0","","","","0","0","0","0","0","0"
"696","","HS 2007","Harmonized System 2007","Gabon","266'","2019","1","17039000'","  "," - Autres","17'","Sugars and sugar confectionery","1703'","Molasses resulting from the extraction or refining of sugar.","170390'"," - Other","8","1","R","0","0","","","","0","0","0","0","0","0"
"697","","HS 2007","Harmonized System 2007","Gabon","266'","2019","1","17041000'","  "," - Gommes ? m?cher (chewing-gum), m?me enrob?es de sucre","17'","Sugars and sugar confectionery","1704'","Sugar confectionery (including white chocolate), not containing cocoa.","170410'"," - Chewing gum, whether or not sugar-coated","8","1","R","0","0","","","","0","0","0","0","0","0"
"698","","HS 2007","Harmonized System 2007","Gabon","266'","2019","1","17049010'","  "," pastilles et bonbons contre la toux","17'","Sugars and sugar confectionery","1704'","Sugar confectionery (including white chocolate), not containing cocoa.","170490'"," - Other","8","1","R","0","0","","","","0","0","0","0","0","0"
"699","","HS 2007","Harmonized System 2007","Gabon","266'","2019","1","17049090'","  "," sucreries du 1704 autres que du 170410 ?17049010 sans cacao, y compris le chocolat blanc","17'","Sugars and sugar confectionery","1704'","Sugar confectionery (including white chocolate), not containing cocoa.","170490'"," - Other","8","1","R","0","0","","","","0","0","0","0","0","0"
"700","","HS 2007","Harmonized System 2007","Gabon","266'","2019","1","18010011'","  "," cacao en f?ves et brisures de f?ves,bruts u m?me ferment?s de type superieur","18'","Cocoa and cocoa preparations","1801'","Cocoa beans, whole or broken, raw or roasted.","180100'"," Cocoa beans, whole or broken, raw or roasted.","8","1","R","0","0","","","","0","0","0","0","0","0"
"701","","HS 2007","Harmonized System 2007","Gabon","266'","2019","1","18010012'","  "," cacao en f?ves et brisures de f?ves,bruts m?me ferment?s de type courant","18'","Cocoa and cocoa preparations","1801'","Cocoa beans, whole or broken, raw or roasted.","180100'"," Cocoa beans, whole or broken, raw or roasted.","8","1","R","0","0","","","","0","0","0","0","0","0"
"702","","HS 2007","Harmonized System 2007","Gabon","266'","2019","1","18010013'","  "," cacao en f?ves et brisures de f?ves,bruts m?me ferment?s de type limite","18'","Cocoa and cocoa preparations","1801'","Cocoa beans, whole or broken, raw or roasted.","180100'"," Cocoa beans, whole or broken, raw or roasted.","8","1","R","0","0","","","","0","0","0","0","0","0"
"703","","HS 2007","Harmonized System 2007","Gabon","266'","2019","1","18010019'","  "," cacao en f?ves ou en brisures,bruts m?meferment?s de type autre que du 18010011 ?13","18'","Cocoa and cocoa preparations","1801'","Cocoa beans, whole or broken, raw or roasted.","180100'"," Cocoa beans, whole or broken, raw or roasted.","8","1","R","0","0","","","","0","0","0","0","0","0"
"704","","HS 2007","Harmonized System 2007","Gabon","266'","2019","1","18010020'","  "," cacao en f?ves et brisures de f?ves torr?fi?s","18'","Cocoa and cocoa preparations","1801'","Cocoa beans, whole or broken, raw or roasted.","180100'"," Cocoa beans, whole or broken, raw or roasted.","8","1","R","0","0","","","","0","0","0","0","0","0"
"705","","HS 2007","Harmonized System 2007","Gabon","266'","2019","1","18020000'","  "," Coques, pellicules (pelures) et autres d?chets de cacao.","18'","Cocoa and cocoa preparations","1802'","Cocoa shells, husks, skins and other cocoa waste.","180200'"," Cocoa shells, husks, skins and other cocoa waste.","8","1","R","0","0","","","","0","0","0","0","0","0"
"706","","HS 2007","Harmonized System 2007","Gabon","266'","2019","1","18031000'","  "," - Non d?graiss?e","18'","Cocoa and cocoa preparations","1803'","Cocoa paste, whether or not defatted.","180310'"," - Not defatted","8","1","R","0","0","","","","0","0","0","0","0","0"
"707","","HS 2007","Harmonized System 2007","Gabon","266'","2019","1","18032000'","  "," - Compl?tement ou partiellement d?graiss?e","18'","Cocoa and cocoa preparations","1803'","Cocoa paste, whether or not defatted.","180320'"," - Wholly or partly defatted","8","1","R","0","0","","","","0","0","0","0","0","0"
"708","","HS 2007","Harmonized System 2007","Gabon","266'","2019","1","18040000'","  "," Beurre, graisse et huile de cacao.","18'","Cocoa and cocoa preparations","1804'","Cocoa butter, fat and oil.","180400'"," Cocoa butter, fat and oil.","8","1","R","0","0","","","","0","0","0","0","0","0"
"709","","HS 2007","Harmonized System 2007","Gabon","266'","2019","1","18050000'","  "," Poudre de cacao, sans addition de sucre ou d'autres ?dulcorants.","18'","Cocoa and cocoa preparations","1805'","Cocoa powder, not containing added sugar or other sweetening matter.","180500'"," Cocoa powder, not containing added sugar or other sweetening matter.","8","1","R","0","0","","","","0","0","0","0","0","0"
"710","","HS 2007","Harmonized System 2007","Gabon","266'","2019","1","18061000'","  "," - Poudre de cacao, avec addition de sucre ou d'autres ?dulcorants","18'","Cocoa and cocoa preparations","1806'","Chocolate and other food preparations containing cocoa.","180610'"," - Cocoa powder, containing added sugar or other sweetening matter","8","1","R","0","0","","","","0","0","0","0","0","0"
"711","","HS 2007","Harmonized System 2007","Gabon","266'","2019","1","18062000'","  "," - Autres pr?parations pr?sent?es soit en blocs ou en barres d'un poids exc?dant 2 kg, soit ? l'?tat liquide ou p?teux ou en poudres, granul?s ou formes similaires, en r?cipients ou en emballages imm?diats, d'un contenu exc?dant 2 kg","18'","Cocoa and cocoa preparations","1806'","Chocolate and other food preparations containing cocoa.","180620'"," - Other preparations in blocks, slabs or bars weighing more than 2?kg or in liquid, paste, powder, g","8","1","R","0","0","","","","0","0","0","0","0","0"
"712","","HS 2007","Harmonized System 2007","Gabon","266'","2019","1","18063100'","  "," -- Fourr?s","18'","Cocoa and cocoa preparations","1806'","Chocolate and other food preparations containing cocoa.","180631'"," -- Filled","8","1","R","0","0","","","","0","0","0","0","0","0"
"713","","HS 2007","Harmonized System 2007","Gabon","266'","2019","1","18063200'","  "," -- Non fourr?s","18'","Cocoa and cocoa preparations","1806'","Chocolate and other food preparations containing cocoa.","180632'"," -- Not filled","8","1","R","0","0","","","","0","0","0","0","0","0"
"714","","HS 2007","Harmonized System 2007","Gabon","266'","2019","1","18069000'","  "," - Autres","18'","Cocoa and cocoa preparations","1806'","Chocolate and other food preparations containing cocoa.","180690'"," - Other","8","1","R","0","0","","","","0","0","0","0","0","0"
"715","","HS 2007","Harmonized System 2007","Gabon","266'","2019","1","19011012'","  "," pr?paration pr alimentation des enfants ? base de farine,cacao < 40% pds, cvd.","19'","Preparations of cereals, flour, starch or milk; pastrycooks' products","1901'","Malt extract; food preparations of flour, groats, meal, starch or malt extract, not containing cocoa","190110'"," - Preparations for infant use, put up for retail sale","8","1","R","0","0","","","","0","0","0","0","0","0"
"716","","HS 2007","Harmonized System 2007","Gabon","266'","2019","1","19011022'","  "," pr?parations pr alimentation des enfants ?base des pduits du 0401 ? 0404,cacao<5% pds","19'","Preparations of cereals, flour, starch or milk; pastrycooks' products","1901'","Malt extract; food preparations of flour, groats, meal, starch or malt extract, not containing cocoa","190110'"," - Preparations for infant use, put up for retail sale","8","1","R","0","0","","","","0","0","0","0","0","0"
"717","","HS 2007","Harmonized System 2007","Gabon","266'","2019","1","19012010'","  "," m?lange et p?te pr boulangerie,patisserie ou la biscuiterie contenant du cacao","19'","Preparations of cereals, flour, starch or milk; pastrycooks' products","1901'","Malt extract; food preparations of flour, groats, meal, starch or malt extract, not containing cocoa","190120'"," - Mixes and doughs for the preparation of bakers' wares of heading 19.05","8","1","R","0","0","","","","0","0","0","0","0","0"
"718","","HS 2007","Harmonized System 2007","Gabon","266'","2019","1","19012090'","  "," m?lange et p?te pr boulangerie,patisserie ou biscuiterie ne contenant pas de cacao","19'","Preparations of cereals, flour, starch or milk; pastrycooks' products","1901'","Malt extract; food preparations of flour, groats, meal, starch or malt extract, not containing cocoa","190120'"," - Mixes and doughs for the preparation of bakers' wares of heading 19.05","8","1","R","0","0","","","","0","0","0","0","0","0"
"719","","HS 2007","Harmonized System 2007","Gabon","266'","2019","1","19019010'","  "," m?langes et p?tes autres que du 190120 contenant du cacao .","19'","Preparations of cereals, flour, starch or milk; pastrycooks' products","1901'","Malt extract; food preparations of flour, groats, meal, starch or malt extract, not containing cocoa","190190'"," - Other","8","1","R","0","0","","","","0","0","0","0","0","0"
"720","","HS 2007","Harmonized System 2007","Gabon","266'","2019","1","19019020'","  "," extrait de malt","19'","Preparations of cereals, flour, starch or milk; pastrycooks' products","1901'","Malt extract; food preparations of flour, groats, meal, starch or malt extract, not containing cocoa","190190'"," - Other","8","1","R","0","0","","","","0","0","0","0","0","0"
"721","","HS 2007","Harmonized System 2007","Gabon","266'","2019","1","19019090'","  "," pr?parations alimentaires du 1901 autres que du 190110 ? 19019020 ndnca","19'","Preparations of cereals, flour, starch or milk; pastrycooks' products","1901'","Malt extract; food preparations of flour, groats, meal, starch or malt extract, not containing cocoa","190190'"," - Other","8","1","R","0","0","","","","0","0","0","0","0","0"
"722","","HS 2007","Harmonized System 2007","Gabon","266'","2019","1","19021100'","  "," -- Contenant des oeufs","19'","Preparations of cereals, flour, starch or milk; pastrycooks' products","1902'","Pasta, whether or not cooked or stuffed (with meat or other substances) or otherwise prepared, such ","190211'"," -- Containing eggs","8","1","R","0","0","","","","0","0","0","0","0","0"
"723","","HS 2007","Harmonized System 2007","Gabon","266'","2019","1","19021900'","  "," -- Autres","19'","Preparations of cereals, flour, starch or milk; pastrycooks' products","1902'","Pasta, whether or not cooked or stuffed (with meat or other substances) or otherwise prepared, such ","190219'"," -- Other","8","1","R","0","0","","","","0","0","0","0","0","0"
"724","","HS 2007","Harmonized System 2007","Gabon","266'","2019","1","19022000'","  "," - P?tes alimentaires farcies (m?me cuites ou autrement pr?par?es)","19'","Preparations of cereals, flour, starch or milk; pastrycooks' products","1902'","Pasta, whether or not cooked or stuffed (with meat or other substances) or otherwise prepared, such ","190220'"," - Stuffed pasta, whether or not cooked or otherwise prepared","8","1","R","0","0","","","","0","0","0","0","0","0"
"725","","HS 2007","Harmonized System 2007","Gabon","266'","2019","1","19023000'","  "," - Autres p?tes alimentaires","19'","Preparations of cereals, flour, starch or milk; pastrycooks' products","1902'","Pasta, whether or not cooked or stuffed (with meat or other substances) or otherwise prepared, such ","190230'"," - Other pasta","8","1","R","0","0","","","","0","0","0","0","0","0"
"726","","HS 2007","Harmonized System 2007","Gabon","266'","2019","1","19024000'","  "," - Couscous","19'","Preparations of cereals, flour, starch or milk; pastrycooks' products","1902'","Pasta, whether or not cooked or stuffed (with meat or other substances) or otherwise prepared, such ","190240'"," - Couscous","8","1","R","0","0","","","","0","0","0","0","0","0"
"727","","HS 2007","Harmonized System 2007","Gabon","266'","2019","1","19030000'","  "," Tapioca et ses succ?dan?s pr?par?s ? partir de f?cules, sous forme de flocons, grumeaux, grains perl?s, criblures ou formes similaires.","19'","Preparations of cereals, flour, starch or milk; pastrycooks' products","1903'","Tapioca and substitutes therefor prepared from starch, in the form of flakes, grains, pearls, siftin","190300'"," Tapioca and substitutes therefor prepared from starch, in the form of flakes, grains, pearls, siftin","8","1","R","0","0","","","","0","0","0","0","0","0"
"728","","HS 2007","Harmonized System 2007","Gabon","266'","2019","1","19041000'","  "," - Produits ? base de c?r?ales obtenus par soufflage ou grillage","19'","Preparations of cereals, flour, starch or milk; pastrycooks' products","1904'","Prepared foods obtained by the swelling or roasting of cereals or cereal products (for example, corn","190410'"," - Prepared foods obtained by the swelling or roasting of cereals or cereal products","8","1","R","0","0","","","","0","0","0","0","0","0"
"729","","HS 2007","Harmonized System 2007","Gabon","266'","2019","1","19042000'","  "," - Pr?parations alimentaires obtenues ? partir de flocons de c?r?ales non grill?s ou de m?langes de flocons de c?r?ales non grill?s et de flocons de c?r?ales grill?s ou de c?r?ales souffl?es","19'","Preparations of cereals, flour, starch or milk; pastrycooks' products","1904'","Prepared foods obtained by the swelling or roasting of cereals or cereal products (for example, corn","190420'"," - Prepared foods obtained from unroasted cereal flakes or from mixtures of unroasted cereal flakes a","8","1","R","0","0","","","","0","0","0","0","0","0"
"730","","HS 2007","Harmonized System 2007","Gabon","266'","2019","1","19043000'","  "," - Bulgur de bl?","19'","Preparations of cereals, flour, starch or milk; pastrycooks' products","1904'","Prepared foods obtained by the swelling or roasting of cereals or cereal products (for example, corn","190430'"," - Bulgur wheat","8","1","R","0","0","","","","0","0","0","0","0","0"
"731","","HS 2007","Harmonized System 2007","Gabon","266'","2019","1","19049000'","  "," - Autres","19'","Preparations of cereals, flour, starch or milk; pastrycooks' products","1904'","Prepared foods obtained by the swelling or roasting of cereals or cereal products (for example, corn","190490'"," - Other","8","1","R","0","0","","","","0","0","0","0","0","0"
"732","","HS 2007","Harmonized System 2007","Gabon","266'","2019","1","19051000'","  "," - Pain croustillant dit ? kn?ckebrot ?","19'","Preparations of cereals, flour, starch or milk; pastrycooks' products","1905'","Bread, pastry, cakes, biscuits and other bakers' wares, whether or not containing cocoa; communion w","190510'"," - Crispbread","8","1","R","0","0","","","","0","0","0","0","0","0"
"733","","HS 2007","Harmonized System 2007","Gabon","266'","2019","1","19052000'","  "," - Pain d??pices","19'","Preparations of cereals, flour, starch or milk; pastrycooks' products","1905'","Bread, pastry, cakes, biscuits and other bakers' wares, whether or not containing cocoa; communion w","190520'"," - Gingerbread and the like","8","1","R","0","0","","","","0","0","0","0","0","0"
"734","","HS 2007","Harmonized System 2007","Gabon","266'","2019","1","19053100'","  "," -- Biscuits additionn?s d??dulcorants","19'","Preparations of cereals, flour, starch or milk; pastrycooks' products","1905'","Bread, pastry, cakes, biscuits and other bakers' wares, whether or not containing cocoa; communion w","190531'"," -- Sweet biscuits","8","1","R","0","0","","","","0","0","0","0","0","0"
"735","","HS 2007","Harmonized System 2007","Gabon","266'","2019","1","19053200'","  "," -- Gaufres et gaufrettes","19'","Preparations of cereals, flour, starch or milk; pastrycooks' products","1905'","Bread, pastry, cakes, biscuits and other bakers' wares, whether or not containing cocoa; communion w","190532'"," -- Waffles and wafers","8","1","R","0","0","","","","0","0","0","0","0","0"
"736","","HS 2007","Harmonized System 2007","Gabon","266'","2019","1","19054000'","  "," - Biscottes, pain grill? et produits similaires grill?s","19'","Preparations of cereals, flour, starch or milk; pastrycooks' products","1905'","Bread, pastry, cakes, biscuits and other bakers' wares, whether or not containing cocoa; communion w","190540'"," - Rusks, toasted bread and similar toasted products","8","1","R","0","0","","","","0","0","0","0","0","0"
"737","","HS 2007","Harmonized System 2007","Gabon","266'","2019","1","19059010'","  "," produits de la boulangerie fine,patisserie ou biscuiterie m?me additionn?s de cacao","19'","Preparations of cereals, flour, starch or milk; pastrycooks' products","1905'","Bread, pastry, cakes, biscuits and other bakers' wares, whether or not containing cocoa; communion w","190590'"," - Other","8","1","R","0","0","","","","0","0","0","0","0","0"
"738","","HS 2007","Harmonized System 2007","Gabon","266'","2019","1","19059090'","  "," produits de la boulangerie,patisserie ou biscuiterie autres que du 190510 ? 19059010","19'","Preparations of cereals, flour, starch or milk; pastrycooks' products","1905'","Bread, pastry, cakes, biscuits and other bakers' wares, whether or not containing cocoa; communion w","190590'"," - Other","8","1","R","0","0","","","","0","0","0","0","0","0"
"739","","HS 2007","Harmonized System 2007","Gabon","266'","2019","1","20011000'","  "," - Concombres et cornichons","20'","Preparations of vegetables, fruit, nuts or other parts of plants","2001'","Vegetables, fruit, nuts and other edible parts of plants, prepared or preserved by vinegar or acetic","200110'"," - Cucumbers and gherkins","8","1","R","0","0","","","","0","0","0","0","0","0"
"740","","HS 2007","Harmonized System 2007","Gabon","266'","2019","1","20019000'","  "," - Autres","20'","Preparations of vegetables, fruit, nuts or other parts of plants","2001'","Vegetables, fruit, nuts and other edible parts of plants, prepared or preserved by vinegar or acetic","200190'"," - Other","8","1","R","0","0","","","","0","0","0","0","0","0"
"741","","HS 2007","Harmonized System 2007","Gabon","266'","2019","1","20021000'","  "," - Tomates, enti?res ou en morceaux","20'","Preparations of vegetables, fruit, nuts or other parts of plants","2002'","Tomatoes prepared or preserved otherwise than by vinegar or acetic acid.","200210'"," - Tomatoes, whole or in pieces","8","1","R","0","0","","","","0","0","0","0","0","0"
"742","","HS 2007","Harmonized System 2007","Gabon","266'","2019","1","20029000'","  "," - Autres","20'","Preparations of vegetables, fruit, nuts or other parts of plants","2002'","Tomatoes prepared or preserved otherwise than by vinegar or acetic acid.","200290'"," - Other","8","1","R","0","0","","","","0","0","0","0","0","0"
"743","","HS 2007","Harmonized System 2007","Gabon","266'","2019","1","20031000'","  "," - Champignons du genre Agaricus","20'","Preparations of vegetables, fruit, nuts or other parts of plants","2003'","Mushrooms and truffles, prepared or preserved otherwise than by vinegar or acetic acid.","200310'"," - Mushrooms of the genus Agaricus","8","1","R","0","0","","","","0","0","0","0","0","0"
"744","","HS 2007","Harmonized System 2007","Gabon","266'","2019","1","20032000'","  "," - Truffes","20'","Preparations of vegetables, fruit, nuts or other parts of plants","2003'","Mushrooms and truffles, prepared or preserved otherwise than by vinegar or acetic acid.","200320'"," - Truffles","8","1","R","0","0","","","","0","0","0","0","0","0"
"745","","HS 2007","Harmonized System 2007","Gabon","266'","2019","1","20039000'","  "," - Autres","20'","Preparations of vegetables, fruit, nuts or other parts of plants","2003'","Mushrooms and truffles, prepared or preserved otherwise than by vinegar or acetic acid.","200390'"," - Other","8","1","R","0","0","","","","0","0","0","0","0","0"
"746","","HS 2007","Harmonized System 2007","Gabon","266'","2019","1","20041000'","  "," - Pommes de terre","20'","Preparations of vegetables, fruit, nuts or other parts of plants","2004'","Other vegetables prepared or preserved otherwise than by vinegar or acetic acid, frozen, other than ","200410'"," - Potatoes","8","1","R","0","0","","","","0","0","0","0","0","0"
"747","","HS 2007","Harmonized System 2007","Gabon","266'","2019","1","20049000'","  "," - Autres l?gumes et m?langes de l?gumes","20'","Preparations of vegetables, fruit, nuts or other parts of plants","2004'","Other vegetables prepared or preserved otherwise than by vinegar or acetic acid, frozen, other than ","200490'"," - Other vegetables and mixtures of vegetables","8","1","R","0","0","","","","0","0","0","0","0","0"
"748","","HS 2007","Harmonized System 2007","Gabon","266'","2019","1","20051000'","  "," - L?gumes homog?n?is?s","20'","Preparations of vegetables, fruit, nuts or other parts of plants","2005'","Other vegetables prepared or preserved otherwise than by vinegar or acetic acid, not frozen, other t","200510'"," - Homogenised vegetables","8","1","R","0","0","","","","0","0","0","0","0","0"
"749","","HS 2007","Harmonized System 2007","Gabon","266'","2019","1","20052000'","  "," - Pommes de terre","20'","Preparations of vegetables, fruit, nuts or other parts of plants","2005'","Other vegetables prepared or preserved otherwise than by vinegar or acetic acid, not frozen, other t","200520'"," - Potatoes","8","1","R","0","0","","","","0","0","0","0","0","0"
"750","","HS 2007","Harmonized System 2007","Gabon","266'","2019","1","20054000'","  "," - Pois (Pisum sativum)","20'","Preparations of vegetables, fruit, nuts or other parts of plants","2005'","Other vegetables prepared or preserved otherwise than by vinegar or acetic acid, not frozen, other t","200540'"," - Peas (Pisum sativum)","8","1","R","0","0","","","","0","0","0","0","0","0"
"751","","HS 2007","Harmonized System 2007","Gabon","266'","2019","1","20055100'","  "," -- Haricots en grains","20'","Preparations of vegetables, fruit, nuts or other parts of plants","2005'","Other vegetables prepared or preserved otherwise than by vinegar or acetic acid, not frozen, other t","200551'"," -- Beans, shelled","8","1","R","0","0","","","","0","0","0","0","0","0"
"752","","HS 2007","Harmonized System 2007","Gabon","266'","2019","1","20055900'","  "," -- Autres","20'","Preparations of vegetables, fruit, nuts or other parts of plants","2005'","Other vegetables prepared or preserved otherwise than by vinegar or acetic acid, not frozen, other t","200559'"," -- Other","8","1","R","0","0","","","","0","0","0","0","0","0"
"753","","HS 2007","Harmonized System 2007","Gabon","266'","2019","1","20056000'","  "," - Asperges","20'","Preparations of vegetables, fruit, nuts or other parts of plants","2005'","Other vegetables prepared or preserved otherwise than by vinegar or acetic acid, not frozen, other t","200560'"," - Asparagus","8","1","R","0","0","","","","0","0","0","0","0","0"
"754","","HS 2007","Harmonized System 2007","Gabon","266'","2019","1","20057000'","  "," - Olives","20'","Preparations of vegetables, fruit, nuts or other parts of plants","2005'","Other vegetables prepared or preserved otherwise than by vinegar or acetic acid, not frozen, other t","200570'"," - Olives","8","1","R","0","0","","","","0","0","0","0","0","0"
"755","","HS 2007","Harmonized System 2007","Gabon","266'","2019","1","20058000'","  "," - Ma?s doux (Zea mays var. saccharata)","20'","Preparations of vegetables, fruit, nuts or other parts of plants","2005'","Other vegetables prepared or preserved otherwise than by vinegar or acetic acid, not frozen, other t","200580'"," - Sweet corn (Zea mays var. saccharata)","8","1","R","0","0","","","","0","0","0","0","0","0"
"756","","HS 2007","Harmonized System 2007","Gabon","266'","2019","1","20059100'","  "," -- Jets de bambou","20'","Preparations of vegetables, fruit, nuts or other parts of plants","2005'","Other vegetables prepared or preserved otherwise than by vinegar or acetic acid, not frozen, other t","200591'"," -- Bamboo shoots","8","1","R","0","0","","","","0","0","0","0","0","0"
"757","","HS 2007","Harmonized System 2007","Gabon","266'","2019","1","20059900'","  "," -- Autres","20'","Preparations of vegetables, fruit, nuts or other parts of plants","2005'","Other vegetables prepared or preserved otherwise than by vinegar or acetic acid, not frozen, other t","200599'"," -- Other","8","1","R","0","0","","","","0","0","0","0","0","0"
"758","","HS 2007","Harmonized System 2007","Gabon","266'","2019","1","20060000'","  "," L?gumes, fruits, ?corces de fruits et autres parties de plantes, confits au sucre (?goutt?s, glac?s ou cristallis?s).","20'","Preparations of vegetables, fruit, nuts or other parts of plants","2006'","Vegetables, fruit, nuts, fruit-peel and other parts of plants, preserved by sugar (drained, glac? or","200600'"," Vegetables, fruit, nuts, fruit-peel and other parts of plants, preserved by sugar (drained, glac? or","8","1","R","0","0","","","","0","0","0","0","0","0"
"759","","HS 2007","Harmonized System 2007","Gabon","266'","2019","1","20071000'","  "," - Pr?parations homog?n?is?es","20'","Preparations of vegetables, fruit, nuts or other parts of plants","2007'","Jams, fruit jellies, marmalades, fruit or nut pur?e and fruit or nut pastes, obtained by cooking, wh","200710'"," - Homogenised preparations","8","1","R","0","0","","","","0","0","0","0","0","0"
"760","","HS 2007","Harmonized System 2007","Gabon","266'","2019","1","20079100'","  "," -- Agrumes","20'","Preparations of vegetables, fruit, nuts or other parts of plants","2007'","Jams, fruit jellies, marmalades, fruit or nut pur?e and fruit or nut pastes, obtained by cooking, wh","200791'"," -- Citrus fruit","8","1","R","0","0","","","","0","0","0","0","0","0"
"761","","HS 2007","Harmonized System 2007","Gabon","266'","2019","1","20079900'","  "," -- Autres","20'","Preparations of vegetables, fruit, nuts or other parts of plants","2007'","Jams, fruit jellies, marmalades, fruit or nut pur?e and fruit or nut pastes, obtained by cooking, wh","200799'"," -- Other","8","1","R","0","0","","","","0","0","0","0","0","0"
"762","","HS 2007","Harmonized System 2007","Gabon","266'","2019","1","20081100'","  "," -- Arachides","20'","Preparations of vegetables, fruit, nuts or other parts of plants","2008'","Fruit, nuts and other edible parts of plants, otherwise prepared or preserved, whether or not contai","200811'"," -- Ground-nuts","8","1","R","0","0","","","","0","0","0","0","0","0"
"763","","HS 2007","Harmonized System 2007","Gabon","266'","2019","1","20081900'","  "," -- Autres, y compris les m?langes","20'","Preparations of vegetables, fruit, nuts or other parts of plants","2008'","Fruit, nuts and other edible parts of plants, otherwise prepared or preserved, whether or not contai","200819'"," -- Other, including mixtures","8","1","R","0","0","","","","0","0","0","0","0","0"
"764","","HS 2007","Harmonized System 2007","Gabon","266'","2019","1","20082010'","  "," ananas pr?par? ou conserv? ? l'eau de vie ou ? l'alcool,avec ou sans sucre","20'","Preparations of vegetables, fruit, nuts or other parts of plants","2008'","Fruit, nuts and other edible parts of plants, otherwise prepared or preserved, whether or not contai","200820'"," - Pineapples","8","1","R","0","0","","","","0","0","0","0","0","0"
"765","","HS 2007","Harmonized System 2007","Gabon","266'","2019","1","20082090'","  "," ananas pr?par? ou conserv? autrement qu'? l'eau de vie ou l'alcool,avec ou sans sucre","20'","Preparations of vegetables, fruit, nuts or other parts of plants","2008'","Fruit, nuts and other edible parts of plants, otherwise prepared or preserved, whether or not contai","200820'"," - Pineapples","8","1","R","0","0","","","","0","0","0","0","0","0"
"766","","HS 2007","Harmonized System 2007","Gabon","266'","2019","1","20083010'","  "," agrumes pr?par?s ou conserv?s ? l'eau de vie ou l'alcool,avec ou sans sucre","20'","Preparations of vegetables, fruit, nuts or other parts of plants","2008'","Fruit, nuts and other edible parts of plants, otherwise prepared or preserved, whether or not contai","200830'"," - Citrus fruit","8","1","R","0","0","","","","0","0","0","0","0","0"
"767","","HS 2007","Harmonized System 2007","Gabon","266'","2019","1","20083090'","  "," agrumes pr?par?s ou conserv?s autrement qu'? l'eau de vie ou l'alcool,sucr?s ou non","20'","Preparations of vegetables, fruit, nuts or other parts of plants","2008'","Fruit, nuts and other edible parts of plants, otherwise prepared or preserved, whether or not contai","200830'"," - Citrus fruit","8","1","R","0","0","","","","0","0","0","0","0","0"
"768","","HS 2007","Harmonized System 2007","Gabon","266'","2019","1","20084010'","  "," poires pr?par?s ou conserv?s ? l'eau de vie ou l'alcool,avec ou sans sucre","20'","Preparations of vegetables, fruit, nuts or other parts of plants","2008'","Fruit, nuts and other edible parts of plants, otherwise prepared or preserved, whether or not contai","200840'"," - Pears","8","1","R","0","0","","","","0","0","0","0","0","0"
"769","","HS 2007","Harmonized System 2007","Gabon","266'","2019","1","20084090'","  "," poires pr?par?s ou conserv?s autrement qu'? l'eau de vie ou alcool,avec ou sans sucre","20'","Preparations of vegetables, fruit, nuts or other parts of plants","2008'","Fruit, nuts and other edible parts of plants, otherwise prepared or preserved, whether or not contai","200840'"," - Pears","8","1","R","0","0","","","","0","0","0","0","0","0"
"770","","HS 2007","Harmonized System 2007","Gabon","266'","2019","1","20085010'","  "," abricots pr?par?s ou conserv?s ? l'eau de vie ou l'alcool,avec ou sans sucre","20'","Preparations of vegetables, fruit, nuts or other parts of plants","2008'","Fruit, nuts and other edible parts of plants, otherwise prepared or preserved, whether or not contai","200850'"," - Apricots","8","1","R","0","0","","","","0","0","0","0","0","0"
"771","","HS 2007","Harmonized System 2007","Gabon","266'","2019","1","20085090'","  "," abricots pr?par?s ou conserv?s autrement qu'? l'eau de vie ou alcool,sucr? ou non","20'","Preparations of vegetables, fruit, nuts or other parts of plants","2008'","Fruit, nuts and other edible parts of plants, otherwise prepared or preserved, whether or not contai","200850'"," - Apricots","8","1","R","0","0","","","","0","0","0","0","0","0"
"772","","HS 2007","Harmonized System 2007","Gabon","266'","2019","1","20086010'","  "," cerises pr?par?s ou conserv?s ? l'eau de vie ou l'alcool,avec ou sans sucre","20'","Preparations of vegetables, fruit, nuts or other parts of plants","2008'","Fruit, nuts and other edible parts of plants, otherwise prepared or preserved, whether or not contai","200860'"," - Cherries","8","1","R","0","0","","","","0","0","0","0","0","0"
"773","","HS 2007","Harmonized System 2007","Gabon","266'","2019","1","20086090'","  "," cerises pr?par?s ou conserv?s autrement qu'? l'eau de vie ou alcool,sucr? ou non","20'","Preparations of vegetables, fruit, nuts or other parts of plants","2008'","Fruit, nuts and other edible parts of plants, otherwise prepared or preserved, whether or not contai","200860'"," - Cherries","8","1","R","0","0","","","","0","0","0","0","0","0"
"774","","HS 2007","Harmonized System 2007","Gabon","266'","2019","1","20087010'","  "," p?ches,brugnons,nectarines pr?par?s ou conserv ? l'eau de vie ou alcool,suc.ou non","20'","Preparations of vegetables, fruit, nuts or other parts of plants","2008'","Fruit, nuts and other edible parts of plants, otherwise prepared or preserved, whether or not contai","200870'"," - Peaches, including nectarines","8","1","R","0","0","","","","0","0","0","0","0","0"
"775","","HS 2007","Harmonized System 2007","Gabon","266'","2019","1","20087090'","  "," p?ches,brugnons,nectarines pr?p.conserv?sautr.qu'? l'eau de vie ou alcool,sucr/non","20'","Preparations of vegetables, fruit, nuts or other parts of plants","2008'","Fruit, nuts and other edible parts of plants, otherwise prepared or preserved, whether or not contai","200870'"," - Peaches, including nectarines","8","1","R","0","0","","","","0","0","0","0","0","0"
"776","","HS 2007","Harmonized System 2007","Gabon","266'","2019","1","20088010'","  "," fraises pr?par?s ou conserv?s ? l'eau de vie ou l'alcool,avec ou sans sucre","20'","Preparations of vegetables, fruit, nuts or other parts of plants","2008'","Fruit, nuts and other edible parts of plants, otherwise prepared or preserved, whether or not contai","200880'"," - Strawberries","8","1","R","0","0","","","","0","0","0","0","0","0"
"777","","HS 2007","Harmonized System 2007","Gabon","266'","2019","1","20088090'","  "," fraises pr?par?s ou conserv?s autrement qu?l'eau de vie ou alcool,avec ou sans sucre","20'","Preparations of vegetables, fruit, nuts or other parts of plants","2008'","Fruit, nuts and other edible parts of plants, otherwise prepared or preserved, whether or not contai","200880'"," - Strawberries","8","1","R","0","0","","","","0","0","0","0","0","0"
"778","","HS 2007","Harmonized System 2007","Gabon","266'","2019","1","20089110'","  "," coeurs de palmiers pr?par?s ou conserv?s ?l'eau de vie ou alcool,avec ou sans sucre","20'","Preparations of vegetables, fruit, nuts or other parts of plants","2008'","Fruit, nuts and other edible parts of plants, otherwise prepared or preserved, whether or not contai","200891'"," -- Palm hearts","8","1","R","0","0","","","","0","0","0","0","0","0"
"779","","HS 2007","Harmonized System 2007","Gabon","266'","2019","1","20089190'","  "," coeurs de palmiers pr?par?s ou conserv?s autre qu'? l'eau de vie ou alcool,sucr/non","20'","Preparations of vegetables, fruit, nuts or other parts of plants","2008'","Fruit, nuts and other edible parts of plants, otherwise prepared or preserved, whether or not contai","200891'"," -- Palm hearts","8","1","R","0","0","","","","0","0","0","0","0","0"
"780","","HS 2007","Harmonized System 2007","Gabon","266'","2019","1","20089210'","  "," m?langes de fruits,200819exclu,pr?par?s,conserv?s ? l'eau de vie ou alcool,suc/non","20'","Preparations of vegetables, fruit, nuts or other parts of plants","2008'","Fruit, nuts and other edible parts of plants, otherwise prepared or preserved, whether or not contai","200892'"," -- Mixtures","8","1","R","0","0","","","","0","0","0","0","0","0"
"781","","HS 2007","Harmonized System 2007","Gabon","266'","2019","1","20089290'","  "," m?langes de fruits,200819 exclu,pr?par?s ou conser autr qu'?l'eau de vie,alcool,suc/non","20'","Preparations of vegetables, fruit, nuts or other parts of plants","2008'","Fruit, nuts and other edible parts of plants, otherwise prepared or preserved, whether or not contai","200892'"," -- Mixtures","8","1","R","0","0","","","","0","0","0","0","0","0"
"782","","HS 2007","Harmonized System 2007","Gabon","266'","2019","1","20089910'","  "," fruits autres que du 200811 ?200892,pr?par?conserv?s ? l'eau de vie ou alcool,suc/non","20'","Preparations of vegetables, fruit, nuts or other parts of plants","2008'","Fruit, nuts and other edible parts of plants, otherwise prepared or preserved, whether or not contai","200899'"," -- Other","8","1","R","0","0","","","","0","0","0","0","0","0"
"783","","HS 2007","Harmonized System 2007","Gabon","266'","2019","1","20089991'","  "," M?langes de fruits,200819exclu,pr?par? ou conserves autre ? l'eau de vie ou alcool>20kg","20'","Preparations of vegetables, fruit, nuts or other parts of plants","2008'","Fruit, nuts and other edible parts of plants, otherwise prepared or preserved, whether or not contai","200899'"," -- Other","8","1","R","0","0","","","","0","0","0","0","0","0"
"784","","HS 2007","Harmonized System 2007","Gabon","266'","2019","1","20089999'","  "," Autres","20'","Preparations of vegetables, fruit, nuts or other parts of plants","2008'","Fruit, nuts and other edible parts of plants, otherwise prepared or preserved, whether or not contai","200899'"," -- Other","8","1","R","0","0","","","","0","0","0","0","0","0"
"785","","HS 2007","Harmonized System 2007","Gabon","266'","2019","1","20091100'","  "," -- Congel?s","20'","Preparations of vegetables, fruit, nuts or other parts of plants","2009'","Fruit juices (including grape must) and vegetable juices, unfermented and not containing added spiri","200911'"," -- Frozen","8","1","R","0","0","","","","0","0","0","0","0","0"
"786","","HS 2007","Harmonized System 2007","Gabon","266'","2019","1","20091200'","  "," -- Non congel?s, d?une valeur Brix n?exc?dant pas 20","20'","Preparations of vegetables, fruit, nuts or other parts of plants","2009'","Fruit juices (including grape must) and vegetable juices, unfermented and not containing added spiri","200912'"," -- Not frozen, of a Brix value not exceeding 20","8","1","R","0","0","","","","0","0","0","0","0","0"
"787","","HS 2007","Harmonized System 2007","Gabon","266'","2019","1","20091900'","  "," -- Autres","20'","Preparations of vegetables, fruit, nuts or other parts of plants","2009'","Fruit juices (including grape must) and vegetable juices, unfermented and not containing added spiri","200919'"," -- Other","8","1","R","0","0","","","","0","0","0","0","0","0"
"788","","HS 2007","Harmonized System 2007","Gabon","266'","2019","1","20092100'","  "," -- D?une valeur Brix n?exc?dant pas 20","20'","Preparations of vegetables, fruit, nuts or other parts of plants","2009'","Fruit juices (including grape must) and vegetable juices, unfermented and not containing added spiri","200921'"," -- Of a Brix value not exceeding 20","8","1","R","0","0","","","","0","0","0","0","0","0"
"789","","HS 2007","Harmonized System 2007","Gabon","266'","2019","1","20092900'","  "," -- Autres","20'","Preparations of vegetables, fruit, nuts or other parts of plants","2009'","Fruit juices (including grape must) and vegetable juices, unfermented and not containing added spiri","200929'"," -- Other","8","1","R","0","0","","","","0","0","0","0","0","0"
"790","","HS 2007","Harmonized System 2007","Gabon","266'","2019","1","20093100'","  "," -- D?une valeur Brix n?exc?dant pas 20","20'","Preparations of vegetables, fruit, nuts or other parts of plants","2009'","Fruit juices (including grape must) and vegetable juices, unfermented and not containing added spiri","200931'"," -- Of a Brix value not exceeding 20","8","1","R","0","0","","","","0","0","0","0","0","0"
"791","","HS 2007","Harmonized System 2007","Gabon","266'","2019","1","20093900'","  "," -- Autres","20'","Preparations of vegetables, fruit, nuts or other parts of plants","2009'","Fruit juices (including grape must) and vegetable juices, unfermented and not containing added spiri","200939'"," -- Other","8","1","R","0","0","","","","0","0","0","0","0","0"
"792","","HS 2007","Harmonized System 2007","Gabon","266'","2019","1","20094100'","  "," -- D?une valeur Brix n?exc?dant pas 20","20'","Preparations of vegetables, fruit, nuts or other parts of plants","2009'","Fruit juices (including grape must) and vegetable juices, unfermented and not containing added spiri","200941'"," -- Of a Brix value not exceeding 20","8","1","R","0","0","","","","0","0","0","0","0","0"
"793","","HS 2007","Harmonized System 2007","Gabon","266'","2019","1","20094900'","  "," -- Autres","20'","Preparations of vegetables, fruit, nuts or other parts of plants","2009'","Fruit juices (including grape must) and vegetable juices, unfermented and not containing added spiri","200949'"," -- Other","8","1","R","0","0","","","","0","0","0","0","0","0"
"794","","HS 2007","Harmonized System 2007","Gabon","266'","2019","1","20095000'","  "," - Jus de tomate","20'","Preparations of vegetables, fruit, nuts or other parts of plants","2009'","Fruit juices (including grape must) and vegetable juices, unfermented and not containing added spiri","200950'"," - Tomato juice","8","1","R","0","0","","","","0","0","0","0","0","0"
"795","","HS 2007","Harmonized System 2007","Gabon","266'","2019","1","20096100'","  "," -- D?une valeur Brix n?exc?dant pas 30","20'","Preparations of vegetables, fruit, nuts or other parts of plants","2009'","Fruit juices (including grape must) and vegetable juices, unfermented and not containing added spiri","200961'"," -- Of a Brix value not exceeding 30","8","1","R","0","0","","","","0","0","0","0","0","0"
"796","","HS 2007","Harmonized System 2007","Gabon","266'","2019","1","20096900'","  "," -- Autres","20'","Preparations of vegetables, fruit, nuts or other parts of plants","2009'","Fruit juices (including grape must) and vegetable juices, unfermented and not containing added spiri","200969'"," -- Other","8","1","R","0","0","","","","0","0","0","0","0","0"
"797","","HS 2007","Harmonized System 2007","Gabon","266'","2019","1","20097100'","  "," -- D?une valeur Brix n?exc?dant pas 20","20'","Preparations of vegetables, fruit, nuts or other parts of plants","2009'","Fruit juices (including grape must) and vegetable juices, unfermented and not containing added spiri","200971'"," -- Of a Brix value not exceeding 20","8","1","R","0","0","","","","0","0","0","0","0","0"
"798","","HS 2007","Harmonized System 2007","Gabon","266'","2019","1","20097900'","  "," -- Autres","20'","Preparations of vegetables, fruit, nuts or other parts of plants","2009'","Fruit juices (including grape must) and vegetable juices, unfermented and not containing added spiri","200979'"," -- Other","8","1","R","0","0","","","","0","0","0","0","0","0"
"799","","HS 2007","Harmonized System 2007","Gabon","266'","2019","1","20098010'","  "," jus de fruits ou l?gumes autres que du 200911 ? 200979,non sucr? ni ?dulc,sans alc","20'","Preparations of vegetables, fruit, nuts or other parts of plants","2009'","Fruit juices (including grape must) and vegetable juices, unfermented and not containing added spiri","200980'"," - Juice of any other single fruit or vegetable","8","1","R","0","0","","","","0","0","0","0","0","0"
"800","","HS 2007","Harmonized System 2007","Gabon","266'","2019","1","20098090'","  "," jus de fruits ou de l?gumes autres que du 200911 ? 200979,sucr?,?dulcor?,sans alcool","20'","Preparations of vegetables, fruit, nuts or other parts of plants","2009'","Fruit juices (including grape must) and vegetable juices, unfermented and not containing added spiri","200980'"," - Juice of any other single fruit or vegetable","8","1","R","0","0","","","","0","0","0","0","0","0"
"801","","HS 2007","Harmonized System 2007","Gabon","266'","2019","1","20099010'","  "," melanges de jus du 2009 non ferment?,ni sucr? ni ?dulcor?,sans alcool,","20'","Preparations of vegetables, fruit, nuts or other parts of plants","2009'","Fruit juices (including grape must) and vegetable juices, unfermented and not containing added spiri","200990'"," - Mixtures of juices","8","1","R","0","0","","","","0","0","0","0","0","0"
"802","","HS 2007","Harmonized System 2007","Gabon","266'","2019","1","20099090'","  "," m?langes de jus du 2009 non ferment?s,sucr??dulcore, sans alcool","20'","Preparations of vegetables, fruit, nuts or other parts of plants","2009'","Fruit juices (including grape must) and vegetable juices, unfermented and not containing added spiri","200990'"," - Mixtures of juices","8","1","R","0","0","","","","0","0","0","0","0","0"
"803","","HS 2007","Harmonized System 2007","Gabon","266'","2019","1","21011100'","  "," -- Extraits, essences et concentr?s","21'","Miscellaneous edible preparations","2101'","Extracts, essences and concentrates, of coffee, tea or mat? and preparations with a basis of these p","210111'"," -- Extracts, essences and concentrates","8","1","R","0","0","","","","0","0","0","0","0","0"
"804","","HS 2007","Harmonized System 2007","Gabon","266'","2019","1","21011200'","  "," -- Pr?parations ? base d'extraits, essences ou concentr?s ou ? base de caf?","21'","Miscellaneous edible preparations","2101'","Extracts, essences and concentrates, of coffee, tea or mat? and preparations with a basis of these p","210112'"," -- Preparations with a basis of extracts, essences or concentrates or with a basis of coffee","8","1","R","0","0","","","","0","0","0","0","0","0"
"805","","HS 2007","Harmonized System 2007","Gabon","266'","2019","1","21012000'","  "," - Extraits, essences et concentr?s de th? ou de mat? et pr?parations ? base de ces extraits, essences ou concentr?s ou ? base de th? ou de mat?","21'","Miscellaneous edible preparations","2101'","Extracts, essences and concentrates, of coffee, tea or mat? and preparations with a basis of these p","210120'"," - Extracts, essences and concentrates, of tea or mat?, and preparations with a basis of these extrac","8","1","R","0","0","","","","0","0","0","0","0","0"
"806","","HS 2007","Harmonized System 2007","Gabon","266'","2019","1","21013000'","  "," - Chicor?e torr?fi?e et autres succ?dan?s torr?fi?s du caf? et leurs extraits, essences et concentr?s","21'","Miscellaneous edible preparations","2101'","Extracts, essences and concentrates, of coffee, tea or mat? and preparations with a basis of these p","210130'"," - Roasted chicory and other roasted coffee substitutes, and extracts, essences and concentrates ther","8","1","R","0","0","","","","0","0","0","0","0","0"
"807","","HS 2007","Harmonized System 2007","Gabon","266'","2019","1","21021000'","  "," - Levures vivantes","21'","Miscellaneous edible preparations","2102'","Yeasts (active or inactive); other single-cell micro-organisms, dead (but not including vaccines of ","210210'"," - Active yeasts","8","1","R","0","0","","","","0","0","0","0","0","0"
"808","","HS 2007","Harmonized System 2007","Gabon","266'","2019","1","21022000'","  "," - Levures mortes; autres micro-organismes monocellulaires morts","21'","Miscellaneous edible preparations","2102'","Yeasts (active or inactive); other single-cell micro-organisms, dead (but not including vaccines of ","210220'"," - Inactive yeasts; other single-cell micro-organisms, dead","8","1","R","0","0","","","","0","0","0","0","0","0"
"809","","HS 2007","Harmonized System 2007","Gabon","266'","2019","1","21023000'","  "," - Poudres ? lever pr?par?es","21'","Miscellaneous edible preparations","2102'","Yeasts (active or inactive); other single-cell micro-organisms, dead (but not including vaccines of ","210230'"," - Prepared baking powders","8","1","R","0","0","","","","0","0","0","0","0","0"
"810","","HS 2007","Harmonized System 2007","Gabon","266'","2019","1","21031000'","  "," - Sauce de soja","21'","Miscellaneous edible preparations","2103'","Sauces and preparations therefor; mixed condiments and mixed seasonings; mustard flour and meal and ","210310'"," - Soya sauce","8","1","R","0","0","","","","0","0","0","0","0","0"
"811","","HS 2007","Harmonized System 2007","Gabon","266'","2019","1","21032000'","  "," - ?Tomato-ketchup? et autres sauces tomates","21'","Miscellaneous edible preparations","2103'","Sauces and preparations therefor; mixed condiments and mixed seasonings; mustard flour and meal and ","210320'"," - Tomato ketchup and other tomato sauces","8","1","R","0","0","","","","0","0","0","0","0","0"
"812","","HS 2007","Harmonized System 2007","Gabon","266'","2019","1","21033000'","  "," - Farine de moutarde et moutarde pr?par?e","21'","Miscellaneous edible preparations","2103'","Sauces and preparations therefor; mixed condiments and mixed seasonings; mustard flour and meal and ","210330'"," - Mustard flour and meal and prepared mustard","8","1","R","0","0","","","","0","0","0","0","0","0"
"813","","HS 2007","Harmonized System 2007","Gabon","266'","2019","1","21039000'","  "," - Autres","21'","Miscellaneous edible preparations","2103'","Sauces and preparations therefor; mixed condiments and mixed seasonings; mustard flour and meal and ","210390'"," - Other","8","1","R","0","0","","","","0","0","0","0","0","0"
"814","","HS 2007","Harmonized System 2007","Gabon","266'","2019","1","21041000'","  "," - Pr?parations pour soupes, potages ou bouillons; soupes, potages ou bouillons pr?par?s","21'","Miscellaneous edible preparations","2104'","Soups and broths and preparations therefor; homogenised composite food preparations.","210410'"," - Soups and broths and preparations therefor","8","1","R","0","0","","","","0","0","0","0","0","0"
"815","","HS 2007","Harmonized System 2007","Gabon","266'","2019","1","21042000'","  "," - Pr?parations alimentaires composites homog?n?is?es","21'","Miscellaneous edible preparations","2104'","Soups and broths and preparations therefor; homogenised composite food preparations.","210420'"," - Homogenised composite food preparations","8","1","R","0","0","","","","0","0","0","0","0","0"
"816","","HS 2007","Harmonized System 2007","Gabon","266'","2019","1","21050010'","  "," glaces de consommation contenant du cacao","21'","Miscellaneous edible preparations","2105'","Ice cream and other edible ice, whether or not containing cocoa.","210500'"," Ice cream and other edible ice, whether or not containing cocoa.","8","1","R","0","0","","","","0","0","0","0","0","0"
"817","","HS 2007","Harmonized System 2007","Gabon","266'","2019","1","21050090'","  "," glaces de consommation sans cacao","21'","Miscellaneous edible preparations","2105'","Ice cream and other edible ice, whether or not containing cocoa.","210500'"," Ice cream and other edible ice, whether or not containing cocoa.","8","1","R","0","0","","","","0","0","0","0","0","0"
"818","","HS 2007","Harmonized System 2007","Gabon","266'","2019","1","21061000'","  "," - Concentrats de prot?ines et substances prot?iques textur?es","21'","Miscellaneous edible preparations","2106'","Food preparations not elsewhere specified or included.","210610'"," - Protein concentrates and textured protein substances","8","1","R","0","0","","","","0","0","0","0","0","0"
"819","","HS 2007","Harmonized System 2007","Gabon","266'","2019","1","21069010'","  "," pr?parations,compos?s alcooliques ou nonpour la fabrication des boissons","21'","Miscellaneous edible preparations","2106'","Food preparations not elsewhere specified or included.","210690'"," - Other","8","1","R","0","0","","","","0","0","0","0","0","0"
"820","","HS 2007","Harmonized System 2007","Gabon","266'","2019","1","21069021'","  "," Am?liorants de panification","21'","Miscellaneous edible preparations","2106'","Food preparations not elsewhere specified or included.","210690'"," - Other","8","1","R","0","0","","","","0","0","0","0","0","0"
"821","","HS 2007","Harmonized System 2007","Gabon","266'","2019","1","21069029'","  "," Autres compos?es pour pr?parations industrielles","21'","Miscellaneous edible preparations","2106'","Food preparations not elsewhere specified or included.","210690'"," - Other","8","1","R","0","0","","","","0","0","0","0","0","0"
"822","","HS 2007","Harmonized System 2007","Gabon","266'","2019","1","21069090'","  "," pr?parations alimentaires du 21 autres que du 2101 ? 21069020. ndnca.","21'","Miscellaneous edible preparations","2106'","Food preparations not elsewhere specified or included.","210690'"," - Other","8","1","R","0","0","","","","0","0","0","0","0","0"
"823","","HS 2007","Harmonized System 2007","Gabon","266'","2019","1","22011010'","  "," eaux minrales naturelles","22'","Beverages, spirits and vinegar","2201'","Waters, including natural or artificial mineral waters and aerated waters, not containing added suga","220110'"," - Mineral waters and aerated waters","8","1","R","0","0","","","","0","0","0","0","0","0"
"824","","HS 2007","Harmonized System 2007","Gabon","266'","2019","1","22011011'","  "," Eaux minerales naturelles","22'","Beverages, spirits and vinegar","2201'","Waters, including natural or artificial mineral waters and aerated waters, not containing added suga","220110'"," - Mineral waters and aerated waters","8","1","R","0","0","","","","0","0","0","0","0","0"
"825","","HS 2007","Harmonized System 2007","Gabon","266'","2019","1","22011020'","  "," eaux minrales artificielles","22'","Beverages, spirits and vinegar","2201'","Waters, including natural or artificial mineral waters and aerated waters, not containing added suga","220110'"," - Mineral waters and aerated waters","8","1","R","0","0","","","","0","0","0","0","0","0"
"826","","HS 2007","Harmonized System 2007","Gabon","266'","2019","1","22011030'","  "," eaux gazifies","22'","Beverages, spirits and vinegar","2201'","Waters, including natural or artificial mineral waters and aerated waters, not containing added suga","220110'"," - Mineral waters and aerated waters","8","1","R","0","0","","","","0","0","0","0","0","0"
"827","","HS 2007","Harmonized System 2007","Gabon","266'","2019","1","22019000'","  "," - Autres","22'","Beverages, spirits and vinegar","2201'","Waters, including natural or artificial mineral waters and aerated waters, not containing added suga","220190'"," - Other","8","1","R","0","0","","","","0","0","0","0","0","0"
"828","","HS 2007","Harmonized System 2007","Gabon","266'","2019","1","22021000'","  "," - Eaux, y compris les eaux min?rales et les eaux gaz?ifi?es, additionn?es de sucre ou d'autres ?dulcorants ou aromatis?es","22'","Beverages, spirits and vinegar","2202'","Waters, including mineral waters and aerated waters, containing added sugar or other sweetening matt","220210'"," - Waters, including mineral waters and aerated waters, containing added sugar or other sweetening ma","8","1","R","0","0","","","","0","0","0","0","0","0"
"829","","HS 2007","Harmonized System 2007","Gabon","266'","2019","1","22029000'","  "," - Autres","22'","Beverages, spirits and vinegar","2202'","Waters, including mineral waters and aerated waters, containing added sugar or other sweetening matt","220290'"," - Other","8","1","R","0","0","","","","0","0","0","0","0","0"
"830","","HS 2007","Harmonized System 2007","Gabon","266'","2019","1","22030010'","  "," bi?res de malt titrant 6,5 % ou moins d'alcool","22'","Beverages, spirits and vinegar","2203'","Beer made from malt.","220300'"," Beer made from malt.","8","1","R","0","0","","","","0","0","0","0","0","0"
"831","","HS 2007","Harmonized System 2007","Gabon","266'","2019","1","22030090'","  "," bi?res de malt titrant plus de 6,5% d'alcool en volume","22'","Beverages, spirits and vinegar","2203'","Beer made from malt.","220300'"," Beer made from malt.","8","1","R","0","0","","","","0","0","0","0","0","0"
"832","","HS 2007","Harmonized System 2007","Gabon","266'","2019","1","22041010'","  "," champagne","22'","Beverages, spirits and vinegar","2204'","Wine of fresh grapes, including fortified wines; grape must other than that of heading 20.09.","220410'"," - Sparkling wine","8","1","R","0","0","","","","0","0","0","0","0","0"
"833","","HS 2007","Harmonized System 2007","Gabon","266'","2019","1","22041090'","  "," vin mousseux autre que le champagne","22'","Beverages, spirits and vinegar","2204'","Wine of fresh grapes, including fortified wines; grape must other than that of heading 20.09.","220410'"," - Sparkling wine","8","1","R","0","0","","","","0","0","0","0","0","0"
"834","","HS 2007","Harmonized System 2007","Gabon","266'","2019","1","22042110'","  "," vins autre que ceux du 220410 en r?cipientsd'une contenance n'excedant pas 2 Litres","22'","Beverages, spirits and vinegar","2204'","Wine of fresh grapes, including fortified wines; grape must other than that of heading 20.09.","220421'"," -- In containers holding 2 l or less","8","1","R","0","0","","","","0","0","0","0","0","0"
"835","","HS 2007","Harmonized System 2007","Gabon","266'","2019","1","22042120'","  "," Vins de liqueur, mistelles ou mo?ts de raisin dont la ferment a ?t? emp?ch?e ou arr?t?e","22'","Beverages, spirits and vinegar","2204'","Wine of fresh grapes, including fortified wines; grape must other than that of heading 20.09.","220421'"," -- In containers holding 2 l or less","8","1","R","0","0","","","","0","0","0","0","0","0"
"836","","HS 2007","Harmonized System 2007","Gabon","266'","2019","1","22042911'","  "," vins autres que ceux du 220421,pr?sent?s en r?cipient d'une contenance > 2L et <= 20L","22'","Beverages, spirits and vinegar","2204'","Wine of fresh grapes, including fortified wines; grape must other than that of heading 20.09.","220429'"," -- Other","8","1","R","0","0","","","","0","0","0","0","0","0"
"837","","HS 2007","Harmonized System 2007","Gabon","266'","2019","1","22042912'","  "," Vins utilis?s comme mati?re de base pour industrie","22'","Beverages, spirits and vinegar","2204'","Wine of fresh grapes, including fortified wines; grape must other than that of heading 20.09.","220429'"," -- Other","8","1","R","0","0","","","","0","0","0","0","0","0"
"838","","HS 2007","Harmonized System 2007","Gabon","266'","2019","1","22042919'","  "," vins autres que ceux du 220421 pr?sent?s enr?cipients d'une contenance sup?r ? 20L","22'","Beverages, spirits and vinegar","2204'","Wine of fresh grapes, including fortified wines; grape must other than that of heading 20.09.","220429'"," -- Other","8","1","R","0","0","","","","0","0","0","0","0","0"
"839","","HS 2007","Harmonized System 2007","Gabon","266'","2019","1","22042920'","  "," vins liqueur,mistelles,mo?t de raisin,ferm.arr?t? pr add d'alcool,prst? en r?cip. >2L","22'","Beverages, spirits and vinegar","2204'","Wine of fresh grapes, including fortified wines; grape must other than that of heading 20.09.","220429'"," -- Other","8","1","R","0","0","","","","0","0","0","0","0","0"
"840","","HS 2007","Harmonized System 2007","Gabon","266'","2019","1","22043000'","  "," - Autres mo?ts de raisin","22'","Beverages, spirits and vinegar","2204'","Wine of fresh grapes, including fortified wines; grape must other than that of heading 20.09.","220430'"," - Other grape must","8","1","R","0","0","","","","0","0","0","0","0","0"
"841","","HS 2007","Harmonized System 2007","Gabon","266'","2019","1","22051000'","  "," - En r?cipients d'une contenance n'exc?dant pas 2 l","22'","Beverages, spirits and vinegar","2205'","Vermouth and other wine of fresh grapes flavoured with plants or aromatic substances.","220510'"," - In containers holding 2 l or less","8","1","R","0","0","","","","0","0","0","0","0","0"
"842","","HS 2007","Harmonized System 2007","Gabon","266'","2019","1","22059000'","  "," - Autres","22'","Beverages, spirits and vinegar","2205'","Vermouth and other wine of fresh grapes flavoured with plants or aromatic substances.","220590'"," - Other","8","1","R","0","0","","","","0","0","0","0","0","0"
"843","","HS 2007","Harmonized System 2007","Gabon","266'","2019","1","22060000'","  "," Autres boissons ferment?es (cidre, poir?, hydromel, par exemple); m?langes de boissons ferment?es et m?langes de boissons ferment?es et de boissons non alcooliques, non d?nomm?s ni compris ailleurs.","22'","Beverages, spirits and vinegar","2206'","Other fermented beverages (for example, cider, perry, mead); mixtures of fermented beverages and mix","220600'"," Other fermented beverages (for example, cider, perry, mead); mixtures of fermented beverages and mix","8","1","R","0","0","","","","0","0","0","0","0","0"
"844","","HS 2007","Harmonized System 2007","Gabon","266'","2019","1","22071090'","  "," alcool ?thylique non d?natur? t.alc >=80%de volume pour usages non m?ducaux.","22'","Beverages, spirits and vinegar","2207'","Undenatured ethyl alcohol of an alcoholic strength by volume of 80% vol or higher; ethyl alcohol and","220710'"," - Undenatured ethyl alcohol of an alcoholic strength by volume of 80% vol or higher","8","1","R","0","0","","","","0","0","0","0","0","0"
"845","","HS 2007","Harmonized System 2007","Gabon","266'","2019","1","22072000'","  "," - Alcool ?thylique et eaux-de-vie d?natur?s de tous titres","22'","Beverages, spirits and vinegar","2207'","Undenatured ethyl alcohol of an alcoholic strength by volume of 80% vol or higher; ethyl alcohol and","220720'"," - Ethyl alcohol and other spirits, denatured, of any strength","8","1","R","0","0","","","","0","0","0","0","0","0"
"846","","HS 2007","Harmonized System 2007","Gabon","266'","2019","1","22082000'","  "," - Eaux-de-vie de vin ou de marc de raisin","22'","Beverages, spirits and vinegar","2208'","Undenatured ethyl alcohol of an alcoholic strength by volume of less than 80?% vol; spirits, liqueur","220820'"," - Spirits obtained by distilling grape wine or grape marc","8","1","R","0","0","","","","0","0","0","0","0","0"
"847","","HS 2007","Harmonized System 2007","Gabon","266'","2019","1","22083000'","  "," - Whiskies","22'","Beverages, spirits and vinegar","2208'","Undenatured ethyl alcohol of an alcoholic strength by volume of less than 80?% vol; spirits, liqueur","220830'"," - Whiskies","8","1","R","0","0","","","","0","0","0","0","0","0"
"848","","HS 2007","Harmonized System 2007","Gabon","266'","2019","1","22084000'","  "," - Rhum et autres eaux-de-vie provenant de la distillation, apr?s fermentation, de produits de cannes ? sucre","22'","Beverages, spirits and vinegar","2208'","Undenatured ethyl alcohol of an alcoholic strength by volume of less than 80?% vol; spirits, liqueur","220840'"," - Rum and other spirits obtained by distilling fermented sugar-cane products","8","1","R","0","0","","","","0","0","0","0","0","0"
"849","","HS 2007","Harmonized System 2007","Gabon","266'","2019","1","22085000'","  "," - Gin et geni?vre","22'","Beverages, spirits and vinegar","2208'","Undenatured ethyl alcohol of an alcoholic strength by volume of less than 80?% vol; spirits, liqueur","220850'"," - Gin and Geneva","8","1","R","0","0","","","","0","0","0","0","0","0"
"850","","HS 2007","Harmonized System 2007","Gabon","266'","2019","1","22086000'","  "," - Vodka","22'","Beverages, spirits and vinegar","2208'","Undenatured ethyl alcohol of an alcoholic strength by volume of less than 80?% vol; spirits, liqueur","220860'"," - Vodka","8","1","R","0","0","","","","0","0","0","0","0","0"
"851","","HS 2007","Harmonized System 2007","Gabon","266'","2019","1","22087000'","  "," - Liqueurs","22'","Beverages, spirits and vinegar","2208'","Undenatured ethyl alcohol of an alcoholic strength by volume of less than 80?% vol; spirits, liqueur","220870'"," - Liqueurs and cordials","8","1","R","0","0","","","","0","0","0","0","0","0"
"852","","HS 2007","Harmonized System 2007","Gabon","266'","2019","1","22089010'","  "," alcool ?thylique non d?natur? moins de 80%de volume.","22'","Beverages, spirits and vinegar","2208'","Undenatured ethyl alcohol of an alcoholic strength by volume of less than 80?% vol; spirits, liqueur","220890'"," - Other","8","1","R","0","0","","","","0","0","0","0","0","0"
"853","","HS 2007","Harmonized System 2007","Gabon","266'","2019","1","22089091'","  "," boissons spiritueuses d'un titre alcom?tricde moins de 15% de volume.","22'","Beverages, spirits and vinegar","2208'","Undenatured ethyl alcohol of an alcoholic strength by volume of less than 80?% vol; spirits, liqueur","220890'"," - Other","8","1","R","0","0","","","","0","0","0","0","0","0"
"854","","HS 2007","Harmonized System 2007","Gabon","266'","2019","1","22089092'","  "," boissons spiritueuses d'un titre alcom?tricsup?rieur ? 15 % de volume","22'","Beverages, spirits and vinegar","2208'","Undenatured ethyl alcohol of an alcoholic strength by volume of less than 80?% vol; spirits, liqueur","220890'"," - Other","8","1","R","0","0","","","","0","0","0","0","0","0"
"855","","HS 2007","Harmonized System 2007","Gabon","266'","2019","1","22090000'","  "," Vinaigres comestibles et succ?dan?s de vinaigre comestibles obtenus ? partir d'acide ac?tique.","22'","Beverages, spirits and vinegar","2209'","Vinegar and substitutes for vinegar obtained from acetic acid.","220900'"," Vinegar and substitutes for vinegar obtained from acetic acid.","8","1","R","0","0","","","","0","0","0","0","0","0"
"856","","HS 2007","Harmonized System 2007","Gabon","266'","2019","1","23011000'","  "," - Farines, poudres et agglom?r?s sous forme de pellets, de viandes ou d'abats; cretons","23'","Residues and waste from the food industries; prepared animal fodder","2301'","Flours, meals and pellets, of meat or meat offal, of fish or of crustaceans, molluscs or other aquat","230110'"," - Flours, meals and pellets, of meat or meat offal; greaves","8","1","R","0","0","","","","0","0","0","0","0","0"
"857","","HS 2007","Harmonized System 2007","Gabon","266'","2019","1","23012000'","  "," - Farines, poudres et agglom?r?s sous forme de pellets, de poissons ou de crustac?s, de mollusques ou d'autres invert?br?s aquatiques","23'","Residues and waste from the food industries; prepared animal fodder","2301'","Flours, meals and pellets, of meat or meat offal, of fish or of crustaceans, molluscs or other aquat","230120'"," - Flours, meals and pellets, of fish or of crustaceans, molluscs or other aquatic invertebrates","8","1","R","0","0","","","","0","0","0","0","0","0"
"858","","HS 2007","Harmonized System 2007","Gabon","266'","2019","1","23021000'","  "," - De ma?s","23'","Residues and waste from the food industries; prepared animal fodder","2302'","Bran, sharps and other residues, whether or not in the form of pellets, derived from the sifting, mi","230210'"," - Of maize (corn)","8","1","R","0","0","","","","0","0","0","0","0","0"
"859","","HS 2007","Harmonized System 2007","Gabon","266'","2019","1","23023000'","  "," - De froment","23'","Residues and waste from the food industries; prepared animal fodder","2302'","Bran, sharps and other residues, whether or not in the form of pellets, derived from the sifting, mi","230230'"," - Of wheat","8","1","R","0","0","","","","0","0","0","0","0","0"
"860","","HS 2007","Harmonized System 2007","Gabon","266'","2019","1","23024000'","  "," - D'autres c?r?ales","23'","Residues and waste from the food industries; prepared animal fodder","2302'","Bran, sharps and other residues, whether or not in the form of pellets, derived from the sifting, mi","230240'"," - Of other cereals","8","1","R","0","0","","","","0","0","0","0","0","0"
"861","","HS 2007","Harmonized System 2007","Gabon","266'","2019","1","23025000'","  "," - De l?gumineuses","23'","Residues and waste from the food industries; prepared animal fodder","2302'","Bran, sharps and other residues, whether or not in the form of pellets, derived from the sifting, mi","230250'"," - Of leguminous plants","8","1","R","0","0","","","","0","0","0","0","0","0"
"862","","HS 2007","Harmonized System 2007","Gabon","266'","2019","1","23031000'","  "," - R?sidus d'amidonnerie et r?sidus similaires","23'","Residues and waste from the food industries; prepared animal fodder","2303'","Residues of starch manufacture and similar residues, beet-pulp, bagasse and other waste of sugar man","230310'"," - Residues of starch manufacture and similar residues","8","1","R","0","0","","","","0","0","0","0","0","0"
"863","","HS 2007","Harmonized System 2007","Gabon","266'","2019","1","23032000'","  "," - Pulpes de betteraves, bagasses de cannes ? sucre et autres d?chets de sucrerie","23'","Residues and waste from the food industries; prepared animal fodder","2303'","Residues of starch manufacture and similar residues, beet-pulp, bagasse and other waste of sugar man","230320'"," - Beet-pulp, bagasse and other waste of sugar manufacture","8","1","R","0","0","","","","0","0","0","0","0","0"
"864","","HS 2007","Harmonized System 2007","Gabon","266'","2019","1","23033000'","  "," - Dr?ches et d?chets de brasserie ou de distillerie","23'","Residues and waste from the food industries; prepared animal fodder","2303'","Residues of starch manufacture and similar residues, beet-pulp, bagasse and other waste of sugar man","230330'"," - Brewing or distilling dregs and waste","8","1","R","0","0","","","","0","0","0","0","0","0"
"865","","HS 2007","Harmonized System 2007","Gabon","266'","2019","1","23040000'","  "," Tourteaux et autres r?sidus solides, m?me broy?s ou agglom?r?s sous forme de pellets, de l'extraction de l'huile de soja.","23'","Residues and waste from the food industries; prepared animal fodder","2304'","Oil-cake and other solid residues, whether or not ground or in the form of pellets, resulting from t","230400'"," Oil-cake and other solid residues, whether or not ground or in the form of pellets, resulting from t","8","1","R","0","0","","","","0","0","0","0","0","0"
"866","","HS 2007","Harmonized System 2007","Gabon","266'","2019","1","23050000'","  "," Tourteaux et autres r?sidus solides, m?me broy?s ou agglom?r?s sous forme de pellets, de l'extraction de l'huile d'arachide.","23'","Residues and waste from the food industries; prepared animal fodder","2305'","Oil-cake and other solid residues, whether or not ground or in the form of pellets, resulting from t","230500'"," Oil-cake and other solid residues, whether or not ground or in the form of pellets, resulting from t","8","1","R","0","0","","","","0","0","0","0","0","0"
"867","","HS 2007","Harmonized System 2007","Gabon","266'","2019","1","23061000'","  "," - De graines de coton","23'","Residues and waste from the food industries; prepared animal fodder","2306'","Oil-cake and other solid residues, whether or not ground or in the form of pellets, resulting from t","230610'"," - Of cotton seeds","8","1","R","0","0","","","","0","0","0","0","0","0"
"868","","HS 2007","Harmonized System 2007","Gabon","266'","2019","1","23062000'","  "," - De graines de lin","23'","Residues and waste from the food industries; prepared animal fodder","2306'","Oil-cake and other solid residues, whether or not ground or in the form of pellets, resulting from t","230620'"," - Of linseed","8","1","R","0","0","","","","0","0","0","0","0","0"
"869","","HS 2007","Harmonized System 2007","Gabon","266'","2019","1","23063000'","  "," - De graines de tournesol","23'","Residues and waste from the food industries; prepared animal fodder","2306'","Oil-cake and other solid residues, whether or not ground or in the form of pellets, resulting from t","230630'"," - Of sunflower seeds","8","1","R","0","0","","","","0","0","0","0","0","0"
"870","","HS 2007","Harmonized System 2007","Gabon","266'","2019","1","23064100'","  "," -- De graines de navette ou de colza ? faible teneur en acide ?rucique","23'","Residues and waste from the food industries; prepared animal fodder","2306'","Oil-cake and other solid residues, whether or not ground or in the form of pellets, resulting from t","230641'"," -- Of low erucic acid rape or colza seeds","8","1","R","0","0","","","","0","0","0","0","0","0"
"871","","HS 2007","Harmonized System 2007","Gabon","266'","2019","1","23064900'","  "," -- Autres","23'","Residues and waste from the food industries; prepared animal fodder","2306'","Oil-cake and other solid residues, whether or not ground or in the form of pellets, resulting from t","230649'"," -- Other","8","1","R","0","0","","","","0","0","0","0","0","0"
"872","","HS 2007","Harmonized System 2007","Gabon","266'","2019","1","23065000'","  "," - De noix de coco ou de coprah","23'","Residues and waste from the food industries; prepared animal fodder","2306'","Oil-cake and other solid residues, whether or not ground or in the form of pellets, resulting from t","230650'"," - Of coconut or copra","8","1","R","0","0","","","","0","0","0","0","0","0"
"873","","HS 2007","Harmonized System 2007","Gabon","266'","2019","1","23066000'","  "," - De noix ou d'amandes de palmiste","23'","Residues and waste from the food industries; prepared animal fodder","2306'","Oil-cake and other solid residues, whether or not ground or in the form of pellets, resulting from t","230660'"," - Of palm nuts or kernels","8","1","R","0","0","","","","0","0","0","0","0","0"
"874","","HS 2007","Harmonized System 2007","Gabon","266'","2019","1","23069010'","  "," Tourteaux de germe de mas","23'","Residues and waste from the food industries; prepared animal fodder","2306'","Oil-cake and other solid residues, whether or not ground or in the form of pellets, resulting from t","230690'"," - Other","8","1","R","0","0","","","","0","0","0","0","0","0"
"875","","HS 2007","Harmonized System 2007","Gabon","266'","2019","1","23069090'","  "," Autres","23'","Residues and waste from the food industries; prepared animal fodder","2306'","Oil-cake and other solid residues, whether or not ground or in the form of pellets, resulting from t","230690'"," - Other","8","1","R","0","0","","","","0","0","0","0","0","0"
"876","","HS 2007","Harmonized System 2007","Gabon","266'","2019","1","23070000'","  "," Lies de vin; tartre brut.","23'","Residues and waste from the food industries; prepared animal fodder","2307'","Wine lees; argol.","230700'"," Wine lees; argol.","8","1","R","0","0","","","","0","0","0","0","0","0"
"877","","HS 2007","Harmonized System 2007","Gabon","266'","2019","1","23080000'","  "," Mati?res v?g?tales et d?chets v?g?taux, r?sidus et sous-produits v?g?taux, m?me agglom?r?s sous forme de pellets, des types utilis?s pour l'alimentation des animaux, non d?nomm?s ni compris ailleurs.","23'","Residues and waste from the food industries; prepared animal fodder","2308'","Vegetable materials and vegetable waste, vegetable residues and by-products, whether or not in the f","230800'"," Vegetable materials and vegetable waste, vegetable residues and by-products, whether or not in the f","8","1","R","0","0","","","","0","0","0","0","0","0"
"878","","HS 2007","Harmonized System 2007","Gabon","266'","2019","1","23091000'","  "," - Aliments pour chiens ou chats, conditionn?s pour la vente au d?tail","23'","Residues and waste from the food industries; prepared animal fodder","2309'","Preparations of a kind used in animal feeding.","230910'"," - Dog or cat food, put up for retail sale","8","1","R","0","0","","","","0","0","0","0","0","0"
"879","","HS 2007","Harmonized System 2007","Gabon","266'","2019","1","23099010'","  "," pr?parations alimentaires de provenderie d'une concentration super ou ?gale ? 2%","23'","Residues and waste from the food industries; prepared animal fodder","2309'","Preparations of a kind used in animal feeding.","230990'"," - Other","8","1","R","0","0","","","","0","0","0","0","0","0"
"880","","HS 2007","Harmonized System 2007","Gabon","266'","2019","1","23099090'","  "," pr?parations alimentaires de provenderie autres que celles du 23099010.","23'","Residues and waste from the food industries; prepared animal fodder","2309'","Preparations of a kind used in animal feeding.","230990'"," - Other","8","1","R","0","0","","","","0","0","0","0","0","0"
"881","","HS 2007","Harmonized System 2007","Gabon","266'","2019","1","24011000'","  "," - Tabacs non ?c?t?s","24'","Tobacco and manufactured tobacco substitutes","2401'","Unmanufactured tobacco; tobacco refuse.","240110'"," - Tobacco, not stemmed/stripped","8","1","R","0","0","","","","0","0","0","0","0","0"
"882","","HS 2007","Harmonized System 2007","Gabon","266'","2019","1","24012000'","  "," - Tabacs partiellement ou totalement ?c?t?s","24'","Tobacco and manufactured tobacco substitutes","2401'","Unmanufactured tobacco; tobacco refuse.","240120'"," - Tobacco, partly or wholly stemmed/stripped","8","1","R","0","0","","","","0","0","0","0","0","0"
"883","","HS 2007","Harmonized System 2007","Gabon","266'","2019","1","24013000'","  "," - D?chets de tabac","24'","Tobacco and manufactured tobacco substitutes","2401'","Unmanufactured tobacco; tobacco refuse.","240130'"," - Tobacco refuse","8","1","R","0","0","","","","0","0","0","0","0","0"
"884","","HS 2007","Harmonized System 2007","Gabon","266'","2019","1","24021000'","  "," - Cigares (y compris ceux ? bouts coup?s) et cigarillos, contenant du tabac","24'","Tobacco and manufactured tobacco substitutes","2402'","Cigars, cheroots, cigarillos and cigarettes, of tobacco or of tobacco substitutes.","240210'"," - Cigars, cheroots and cigarillos, containing tobacco","8","1","R","0","0","","","","0","0","0","0","0","0"
"885","","HS 2007","Harmonized System 2007","Gabon","266'","2019","1","24022000'","  "," - Cigarettes contenant du tabac","24'","Tobacco and manufactured tobacco substitutes","2402'","Cigars, cheroots, cigarillos and cigarettes, of tobacco or of tobacco substitutes.","240220'"," - Cigarettes containing tobacco","8","1","R","0","0","","","","0","0","0","0","0","0"
"886","","HS 2007","Harmonized System 2007","Gabon","266'","2019","1","24029000'","  "," - Autres","24'","Tobacco and manufactured tobacco substitutes","2402'","Cigars, cheroots, cigarillos and cigarettes, of tobacco or of tobacco substitutes.","240290'"," - Other","8","1","R","0","0","","","","0","0","0","0","0","0"
"887","","HS 2007","Harmonized System 2007","Gabon","266'","2019","1","24031010'","  "," Tabac ? fumer (Scaferlati)","24'","Tobacco and manufactured tobacco substitutes","2403'","Other manufactured tobacco and manufactured tobacco substitutes; ?homogenised? or ?reconstituted? to","240310'"," - Smoking tobacco, whether or not containing tobacco substitutes in any proportion","8","1","R","0","0","","","","0","0","0","0","0","0"
"888","","HS 2007","Harmonized System 2007","Gabon","266'","2019","1","24031090'","  "," Tabac fumer autres que ceux du 24031010","24'","Tobacco and manufactured tobacco substitutes","2403'","Other manufactured tobacco and manufactured tobacco substitutes; ?homogenised? or ?reconstituted? to","240310'"," - Smoking tobacco, whether or not containing tobacco substitutes in any proportion","8","1","R","0","0","","","","0","0","0","0","0","0"
"889","","HS 2007","Harmonized System 2007","Gabon","266'","2019","1","24039100'","  "," -- Tabacs ?homog?n?is?s? ou ?reconstitu?s?","24'","Tobacco and manufactured tobacco substitutes","2403'","Other manufactured tobacco and manufactured tobacco substitutes; ?homogenised? or ?reconstituted? to","240391'"," -- ?Homogenised? or ?reconstituted? tobacco","8","1","R","0","0","","","","0","0","0","0","0","0"
"890","","HS 2007","Harmonized System 2007","Gabon","266'","2019","1","24039910'","  "," tabacs ? macher ou ? priser","24'","Tobacco and manufactured tobacco substitutes","2403'","Other manufactured tobacco and manufactured tobacco substitutes; ?homogenised? or ?reconstituted? to","240399'"," -- Other","8","1","R","0","0","","","","0","0","0","0","0","0"
"891","","HS 2007","Harmonized System 2007","Gabon","266'","2019","1","24039920'","  "," extraits et sauces de tabacs","24'","Tobacco and manufactured tobacco substitutes","2403'","Other manufactured tobacco and manufactured tobacco substitutes; ?homogenised? or ?reconstituted? to","240399'"," -- Other","8","1","R","0","0","","","","0","0","0","0","0","0"
"892","","HS 2007","Harmonized System 2007","Gabon","266'","2019","1","24039990'","  "," tabacs fabriqu?s autres que du 2402 ? 24039920.","24'","Tobacco and manufactured tobacco substitutes","2403'","Other manufactured tobacco and manufactured tobacco substitutes; ?homogenised? or ?reconstituted? to","240399'"," -- Other","8","1","R","0","0","","","","0","0","0","0","0","0"
"893","","HS 2007","Harmonized System 2007","Gabon","266'","2019","1","25010011'","  "," sel de table conditionn? pour la vente au d?tail","25'","Salt; sulphur; earths and stone; plastering materials, lime and cement","2501'","Salt (including table salt and denatured salt) and pure sodium chloride, whether or not in aqueous s","250100'"," Salt (including table salt and denatured salt) and pure sodium chloride, whether or not in aqueous s","8","1","R","0","0","","","","0","0","0","0","0","0"
"894","","HS 2007","Harmonized System 2007","Gabon","266'","2019","1","25010019'","  "," sel de table non conditionn? pour la vente au d?tail","25'","Salt; sulphur; earths and stone; plastering materials, lime and cement","2501'","Salt (including table salt and denatured salt) and pure sodium chloride, whether or not in aqueous s","250100'"," Salt (including table salt and denatured salt) and pure sodium chloride, whether or not in aqueous s","8","1","R","0","0","","","","0","0","0","0","0","0"
"895","","HS 2007","Harmonized System 2007","Gabon","266'","2019","1","25010090'","  "," chlorure de sodium pur,eau de mer et autres sels du 2501 ndnca","25'","Salt; sulphur; earths and stone; plastering materials, lime and cement","2501'","Salt (including table salt and denatured salt) and pure sodium chloride, whether or not in aqueous s","250100'"," Salt (including table salt and denatured salt) and pure sodium chloride, whether or not in aqueous s","8","1","R","0","0","","","","0","0","0","0","0","0"
"896","","HS 2007","Harmonized System 2007","Gabon","266'","2019","1","25020000'","  "," Pyrites de fer non grill?es.","25'","Salt; sulphur; earths and stone; plastering materials, lime and cement","2502'","Unroasted iron pyrites.","250200'"," Unroasted iron pyrites.","8","1","R","0","0","","","","0","0","0","0","0","0"
"897","","HS 2007","Harmonized System 2007","Gabon","266'","2019","1","25030010'","  "," souffres bruts et souffres non raffin?s","25'","Salt; sulphur; earths and stone; plastering materials, lime and cement","2503'","Sulphur of all kinds, other than sublimed sulphur, precipitated sulphur and colloidal sulphur.","250300'"," Sulphur of all kinds, other than sublimed sulphur, precipitated sulphur and colloidal sulphur.","8","1","R","0","0","","","","0","0","0","0","0","0"
"898","","HS 2007","Harmonized System 2007","Gabon","266'","2019","1","25030090'","  "," souffres de ttes esp?ces travaill?s;exclus souffre sublim?, pr?cipit? & colloidales","25'","Salt; sulphur; earths and stone; plastering materials, lime and cement","2503'","Sulphur of all kinds, other than sublimed sulphur, precipitated sulphur and colloidal sulphur.","250300'"," Sulphur of all kinds, other than sublimed sulphur, precipitated sulphur and colloidal sulphur.","8","1","R","0","0","","","","0","0","0","0","0","0"
"899","","HS 2007","Harmonized System 2007","Gabon","266'","2019","1","25041000'","  "," - En poudre ou en paillettes","25'","Salt; sulphur; earths and stone; plastering materials, lime and cement","2504'","Natural graphite.","250410'"," - In powder or in flakes","8","1","R","0","0","","","","0","0","0","0","0","0"
"900","","HS 2007","Harmonized System 2007","Gabon","266'","2019","1","25049000'","  "," - Autre","25'","Salt; sulphur; earths and stone; plastering materials, lime and cement","2504'","Natural graphite.","250490'"," - Other","8","1","R","0","0","","","","0","0","0","0","0","0"
"901","","HS 2007","Harmonized System 2007","Gabon","266'","2019","1","25051000'","  "," - Sables siliceux et sables quartzeux","25'","Salt; sulphur; earths and stone; plastering materials, lime and cement","2505'","Natural sands of all kinds, whether or not coloured, other than metalbearing sands of Chapter 26.","250510'"," - Silica sands and quartz sands","8","1","R","0","0","","","","0","0","0","0","0","0"
"902","","HS 2007","Harmonized System 2007","Gabon","266'","2019","1","25059000'","  "," - Autres sables","25'","Salt; sulphur; earths and stone; plastering materials, lime and cement","2505'","Natural sands of all kinds, whether or not coloured, other than metalbearing sands of Chapter 26.","250590'"," - Other","8","1","R","0","0","","","","0","0","0","0","0","0"
"903","","HS 2007","Harmonized System 2007","Gabon","266'","2019","1","25061000'","  "," - Quartz","25'","Salt; sulphur; earths and stone; plastering materials, lime and cement","2506'","Quartz (other than natural sands); quartzite, whether or not roughly trimmed or merely cut, by sawin","250610'"," - Quartz","8","1","R","0","0","","","","0","0","0","0","0","0"
"904","","HS 2007","Harmonized System 2007","Gabon","266'","2019","1","25062000'","  "," - Quartzites","25'","Salt; sulphur; earths and stone; plastering materials, lime and cement","2506'","Quartz (other than natural sands); quartzite, whether or not roughly trimmed or merely cut, by sawin","250620'"," - Quartzite","8","1","R","0","0","","","","0","0","0","0","0","0"
"905","","HS 2007","Harmonized System 2007","Gabon","266'","2019","1","25070000'","  "," Kaolin et autres argiles kaoliniques, m?me calcin?s.","25'","Salt; sulphur; earths and stone; plastering materials, lime and cement","2507'","Kaolin and other kaolinic clays, whether or not calcined.","250700'"," Kaolin and other kaolinic clays, whether or not calcined.","8","1","R","0","0","","","","0","0","0","0","0","0"
"906","","HS 2007","Harmonized System 2007","Gabon","266'","2019","1","25081000'","  "," - Bentonite","25'","Salt; sulphur; earths and stone; plastering materials, lime and cement","2508'","Other clays (not including expanded clays of heading?68.06), andalusite, kyanite and sillimanite, wh","250810'"," - Bentonite","8","1","R","0","0","","","","0","0","0","0","0","0"
"907","","HS 2007","Harmonized System 2007","Gabon","266'","2019","1","25083000'","  "," - Argiles r?fractaires","25'","Salt; sulphur; earths and stone; plastering materials, lime and cement","2508'","Other clays (not including expanded clays of heading?68.06), andalusite, kyanite and sillimanite, wh","250830'"," - Fire-clay","8","1","R","0","0","","","","0","0","0","0","0","0"
"908","","HS 2007","Harmonized System 2007","Gabon","266'","2019","1","25084000'","  "," - Autres argiles","25'","Salt; sulphur; earths and stone; plastering materials, lime and cement","2508'","Other clays (not including expanded clays of heading?68.06), andalusite, kyanite and sillimanite, wh","250840'"," - Other clays","8","1","R","0","0","","","","0","0","0","0","0","0"
"909","","HS 2007","Harmonized System 2007","Gabon","266'","2019","1","25085000'","  "," - Andalousite, cyanite et sillimanite","25'","Salt; sulphur; earths and stone; plastering materials, lime and cement","2508'","Other clays (not including expanded clays of heading?68.06), andalusite, kyanite and sillimanite, wh","250850'"," - Andalusite, kyanite and sillimanite","8","1","R","0","0","","","","0","0","0","0","0","0"
"910","","HS 2007","Harmonized System 2007","Gabon","266'","2019","1","25086000'","  "," - Mullite","25'","Salt; sulphur; earths and stone; plastering materials, lime and cement","2508'","Other clays (not including expanded clays of heading?68.06), andalusite, kyanite and sillimanite, wh","250860'"," - Mullite","8","1","R","0","0","","","","0","0","0","0","0","0"
"911","","HS 2007","Harmonized System 2007","Gabon","266'","2019","1","25087000'","  "," - Terres de chamotte ou de dinas","25'","Salt; sulphur; earths and stone; plastering materials, lime and cement","2508'","Other clays (not including expanded clays of heading?68.06), andalusite, kyanite and sillimanite, wh","250870'"," - Chamotte or dinas earths","8","1","R","0","0","","","","0","0","0","0","0","0"
"912","","HS 2007","Harmonized System 2007","Gabon","266'","2019","1","25090000'","  "," Craie.","25'","Salt; sulphur; earths and stone; plastering materials, lime and cement","2509'","Chalk.","250900'"," Chalk.","8","1","R","0","0","","","","0","0","0","0","0","0"
"913","","HS 2007","Harmonized System 2007","Gabon","266'","2019","1","25101000'","  "," - Non moulus","25'","Salt; sulphur; earths and stone; plastering materials, lime and cement","2510'","Natural calcium phosphates, natural aluminium calcium phosphates and phosphatic chalk.","251010'"," - Unground","8","1","R","0","0","","","","0","0","0","0","0","0"
"914","","HS 2007","Harmonized System 2007","Gabon","266'","2019","1","25102000'","  "," - Moulus","25'","Salt; sulphur; earths and stone; plastering materials, lime and cement","2510'","Natural calcium phosphates, natural aluminium calcium phosphates and phosphatic chalk.","251020'"," - Ground","8","1","R","0","0","","","","0","0","0","0","0","0"
"915","","HS 2007","Harmonized System 2007","Gabon","266'","2019","1","25111000'","  "," - Sulfate de baryum naturel (barytine)","25'","Salt; sulphur; earths and stone; plastering materials, lime and cement","2511'","Natural barium sulphate (barytes); natural barium carbonate (witherite), whether or not calcined, ot","251110'"," - Natural barium sulphate (barytes)","8","1","R","0","0","","","","0","0","0","0","0","0"
"916","","HS 2007","Harmonized System 2007","Gabon","266'","2019","1","25112000'","  "," - Carbonate de baryum naturel (with?rite)","25'","Salt; sulphur; earths and stone; plastering materials, lime and cement","2511'","Natural barium sulphate (barytes); natural barium carbonate (witherite), whether or not calcined, ot","251120'"," - Natural barium carbonate (witherite)","8","1","R","0","0","","","","0","0","0","0","0","0"
"917","","HS 2007","Harmonized System 2007","Gabon","266'","2019","1","25120000'","  "," Farines siliceuses fossiles (kieselguhr, tripolite, diatomite, par exemple) et autres terres siliceuses analogues, d'une densit? apparente n'exc?dant pas 1, m?me calcin?es.","25'","Salt; sulphur; earths and stone; plastering materials, lime and cement","2512'","Siliceous fossil meals (for example, kieselguhr, tripolite and diatomite) and similar siliceous eart","251200'"," Siliceous fossil meals (for example, kieselguhr, tripolite and diatomite) and similar siliceous eart","8","1","R","0","0","","","","0","0","0","0","0","0"
"918","","HS 2007","Harmonized System 2007","Gabon","266'","2019","1","25131000'","  "," - Pierre ponce","25'","Salt; sulphur; earths and stone; plastering materials, lime and cement","2513'","Pumice stone; emery; natural corundum, natural garnet and other natural abrasives, whether or not he","251310'"," - Pumice stone","8","1","R","0","0","","","","0","0","0","0","0","0"
"919","","HS 2007","Harmonized System 2007","Gabon","266'","2019","1","25132000'","  "," - Emeri, corindon naturel, grenat naturel et autres abrasifs naturels","25'","Salt; sulphur; earths and stone; plastering materials, lime and cement","2513'","Pumice stone; emery; natural corundum, natural garnet and other natural abrasives, whether or not he","251320'"," - Emery, natural corundum, natural garnet and other natural abrasives","8","1","R","0","0","","","","0","0","0","0","0","0"
"920","","HS 2007","Harmonized System 2007","Gabon","266'","2019","1","25140000'","  "," Ardoise, m?me d?grossie ou simplement d?bit?e, par sciage ou autrement, en blocs ou en plaques de forme carr?e ou rectangulaire.","25'","Salt; sulphur; earths and stone; plastering materials, lime and cement","2514'","Slate, whether or not roughly trimmed or merely cut, by sawing or otherwise, into blocks or slabs of","251400'"," Slate, whether or not roughly trimmed or merely cut, by sawing or otherwise, into blocks or slabs of","8","1","R","0","0","","","","0","0","0","0","0","0"
"921","","HS 2007","Harmonized System 2007","Gabon","266'","2019","1","25151100'","  "," -- Bruts ou d?grossis","25'","Salt; sulphur; earths and stone; plastering materials, lime and cement","2515'","Marble, travertine, ecaussine and other calcareous monumental or building stone of an apparent speci","251511'"," -- Crude or roughly trimmed","8","1","R","0","0","","","","0","0","0","0","0","0"
"922","","HS 2007","Harmonized System 2007","Gabon","266'","2019","1","25151200'","  "," -- Simplement d?bit?s, par sciage ou autrement, en blocs ou en plaques de forme carr?e ou rectangulaire","25'","Salt; sulphur; earths and stone; plastering materials, lime and cement","2515'","Marble, travertine, ecaussine and other calcareous monumental or building stone of an apparent speci","251512'"," -- Merely cut, by sawing or otherwise, into blocks or slabs of a rectangular (including square) shap","8","1","R","0","0","","","","0","0","0","0","0","0"
"923","","HS 2007","Harmonized System 2007","Gabon","266'","2019","1","25152000'","  "," - Ecaussines et autres pierres calcaires de taille ou de construction; alb?tre","25'","Salt; sulphur; earths and stone; plastering materials, lime and cement","2515'","Marble, travertine, ecaussine and other calcareous monumental or building stone of an apparent speci","251520'"," - Ecaussine and other calcareous monumental or building stone; alabaster","8","1","R","0","0","","","","0","0","0","0","0","0"
"924","","HS 2007","Harmonized System 2007","Gabon","266'","2019","1","25161100'","  "," -- Brut ou d?grossi","25'","Salt; sulphur; earths and stone; plastering materials, lime and cement","2516'","Granite, porphyry, basalt, sandstone and other monumental or building stone, whether or not roughly ","251611'"," -- Crude or roughly trimmed","8","1","R","0","0","","","","0","0","0","0","0","0"
"925","","HS 2007","Harmonized System 2007","Gabon","266'","2019","1","25161200'","  "," -- Simplement d?bit?, par sciage ou autrement, en blocs ou en plaques de forme carr?e ou rectangulaire","25'","Salt; sulphur; earths and stone; plastering materials, lime and cement","2516'","Granite, porphyry, basalt, sandstone and other monumental or building stone, whether or not roughly ","251612'"," -- Merely cut, by sawing or otherwise, into blocks or slabs of a rectangular (including square) shap","8","1","R","0","0","","","","0","0","0","0","0","0"
"926","","HS 2007","Harmonized System 2007","Gabon","266'","2019","1","25162000'","  "," - Gr?s","25'","Salt; sulphur; earths and stone; plastering materials, lime and cement","2516'","Granite, porphyry, basalt, sandstone and other monumental or building stone, whether or not roughly ","251620'"," - Sandstone","8","1","R","0","0","","","","0","0","0","0","0","0"
"927","","HS 2007","Harmonized System 2007","Gabon","266'","2019","1","25169000'","  "," - Autres pierres de taille ou de construction","25'","Salt; sulphur; earths and stone; plastering materials, lime and cement","2516'","Granite, porphyry, basalt, sandstone and other monumental or building stone, whether or not roughly ","251690'"," - Other monumental or building stone","8","1","R","0","0","","","","0","0","0","0","0","0"
"928","","HS 2007","Harmonized System 2007","Gabon","266'","2019","1","25171000'","  "," - Cailloux, graviers, pierres concass?es, des types g?n?ralement utilis?s pour le b?tonnage ou pour l'empierrement des routes, des voies ferr?es ou autres ballasts, galets et silex, m?me trait?s thermiquement","25'","Salt; sulphur; earths and stone; plastering materials, lime and cement","2517'","Pebbles, gravel, broken or crushed stone, of a kind commonly used for concrete aggregates, for road ","251710'"," - Pebbles, gravel, broken or crushed stone, of a kind commonly used for concrete aggregates, for roa","8","1","R","0","0","","","","0","0","0","0","0","0"
"929","","HS 2007","Harmonized System 2007","Gabon","266'","2019","1","25172000'","  "," - Macadam de laitier, de scories ou de d?chets industriels similaires, m?me comprenant des mati?res cit?es dans le n? 2517.10","25'","Salt; sulphur; earths and stone; plastering materials, lime and cement","2517'","Pebbles, gravel, broken or crushed stone, of a kind commonly used for concrete aggregates, for road ","251720'"," - Macadam of slag, dross or similar industrial waste, whether or not incorporating the materials cit","8","1","R","0","0","","","","0","0","0","0","0","0"
"930","","HS 2007","Harmonized System 2007","Gabon","266'","2019","1","25173000'","  "," - Tarmacadam","25'","Salt; sulphur; earths and stone; plastering materials, lime and cement","2517'","Pebbles, gravel, broken or crushed stone, of a kind commonly used for concrete aggregates, for road ","251730'"," - Tarred macadam","8","1","R","0","0","","","","0","0","0","0","0","0"
"931","","HS 2007","Harmonized System 2007","Gabon","266'","2019","1","25174100'","  "," -- De marbre","25'","Salt; sulphur; earths and stone; plastering materials, lime and cement","2517'","Pebbles, gravel, broken or crushed stone, of a kind commonly used for concrete aggregates, for road ","251741'"," -- Of marble","8","1","R","0","0","","","","0","0","0","0","0","0"
"932","","HS 2007","Harmonized System 2007","Gabon","266'","2019","1","25174900'","  "," -- Autres","25'","Salt; sulphur; earths and stone; plastering materials, lime and cement","2517'","Pebbles, gravel, broken or crushed stone, of a kind commonly used for concrete aggregates, for road ","251749'"," -- Other","8","1","R","0","0","","","","0","0","0","0","0","0"
"933","","HS 2007","Harmonized System 2007","Gabon","266'","2019","1","25181000'","  "," - Dolomie non calcin?e ni fritt?e, dite ?crue?","25'","Salt; sulphur; earths and stone; plastering materials, lime and cement","2518'","Dolomite, whether or not calcined or sintered, including dolomite roughly trimmed or merely cut, by ","251810'"," - Dolomite, not calcined or sintered","8","1","R","0","0","","","","0","0","0","0","0","0"
"934","","HS 2007","Harmonized System 2007","Gabon","266'","2019","1","25182000'","  "," - Dolomie calcin?e ou fritt?e","25'","Salt; sulphur; earths and stone; plastering materials, lime and cement","2518'","Dolomite, whether or not calcined or sintered, including dolomite roughly trimmed or merely cut, by ","251820'"," - Calcined or sintered dolomite","8","1","R","0","0","","","","0","0","0","0","0","0"
"935","","HS 2007","Harmonized System 2007","Gabon","266'","2019","1","25183000'","  "," - Pis? de dolomie","25'","Salt; sulphur; earths and stone; plastering materials, lime and cement","2518'","Dolomite, whether or not calcined or sintered, including dolomite roughly trimmed or merely cut, by ","251830'"," - Dolomite ramming mix","8","1","R","0","0","","","","0","0","0","0","0","0"
"936","","HS 2007","Harmonized System 2007","Gabon","266'","2019","1","25191000'","  "," - Carbonate de magn?sium naturel (magn?site)","25'","Salt; sulphur; earths and stone; plastering materials, lime and cement","2519'","Natural magnesium carbonate (magnesite); fused magnesia; dead-burned (sintered) magnesia, whether or","251910'"," - Natural magnesium carbonate (magnesite)","8","1","R","0","0","","","","0","0","0","0","0","0"
"937","","HS 2007","Harmonized System 2007","Gabon","266'","2019","1","25199000'","  "," - Autres","25'","Salt; sulphur; earths and stone; plastering materials, lime and cement","2519'","Natural magnesium carbonate (magnesite); fused magnesia; dead-burned (sintered) magnesia, whether or","251990'"," - Other","8","1","R","0","0","","","","0","0","0","0","0","0"
"938","","HS 2007","Harmonized System 2007","Gabon","266'","2019","1","25201000'","  "," - Gypse; anhydrite","25'","Salt; sulphur; earths and stone; plastering materials, lime and cement","2520'","Gypsum; anhydrite; plasters (consisting of calcined gypsum or calcium sulphate) whether or not colou","252010'"," - Gypsum; anhydrite","8","1","R","0","0","","","","0","0","0","0","0","0"
"939","","HS 2007","Harmonized System 2007","Gabon","266'","2019","1","25202010'","  "," platre sp?cialement pr?par? pour l'art dentaire","25'","Salt; sulphur; earths and stone; plastering materials, lime and cement","2520'","Gypsum; anhydrite; plasters (consisting of calcined gypsum or calcium sulphate) whether or not colou","252020'"," - Plasters","8","1","R","0","0","","","","0","0","0","0","0","0"
"940","","HS 2007","Harmonized System 2007","Gabon","266'","2019","1","25202090'","  "," platre autre que pour l'art dentaire","25'","Salt; sulphur; earths and stone; plastering materials, lime and cement","2520'","Gypsum; anhydrite; plasters (consisting of calcined gypsum or calcium sulphate) whether or not colou","252020'"," - Plasters","8","1","R","0","0","","","","0","0","0","0","0","0"
"941","","HS 2007","Harmonized System 2007","Gabon","266'","2019","1","25210000'","  "," Castines; pierres ? chaux ou ? ciment.","25'","Salt; sulphur; earths and stone; plastering materials, lime and cement","2521'","Limestone flux; limestone and other calcareous stone, of a kind used for the manufacture of lime or ","252100'"," Limestone flux; limestone and other calcareous stone, of a kind used for the manufacture of lime or ","8","1","R","0","0","","","","0","0","0","0","0","0"
"942","","HS 2007","Harmonized System 2007","Gabon","266'","2019","1","25221000'","  "," - Chaux vive","25'","Salt; sulphur; earths and stone; plastering materials, lime and cement","2522'","Quicklime, slaked lime and hydraulic lime, other than calcium oxide and hydroxide of heading 28.25.","252210'"," - Quicklime","8","1","R","0","0","","","","0","0","0","0","0","0"
"943","","HS 2007","Harmonized System 2007","Gabon","266'","2019","1","25222000'","  "," - Chaux ?teinte","25'","Salt; sulphur; earths and stone; plastering materials, lime and cement","2522'","Quicklime, slaked lime and hydraulic lime, other than calcium oxide and hydroxide of heading 28.25.","252220'"," - Slaked lime","8","1","R","0","0","","","","0","0","0","0","0","0"
"944","","HS 2007","Harmonized System 2007","Gabon","266'","2019","1","25223000'","  "," - Chaux hydraulique","25'","Salt; sulphur; earths and stone; plastering materials, lime and cement","2522'","Quicklime, slaked lime and hydraulic lime, other than calcium oxide and hydroxide of heading 28.25.","252230'"," - Hydraulic lime","8","1","R","0","0","","","","0","0","0","0","0","0"
"945","","HS 2007","Harmonized System 2007","Gabon","266'","2019","1","25231000'","  "," - Ciments non pulv?ris?s dits ?clinkers?","25'","Salt; sulphur; earths and stone; plastering materials, lime and cement","2523'","Portland cement, aluminous cement, slag cement, supersulphate cement and similar hydraulic cements, ","252310'"," - Cement clinkers","8","1","R","0","0","","","","0","0","0","0","0","0"
"946","","HS 2007","Harmonized System 2007","Gabon","266'","2019","1","25232100'","  "," -- Ciments blancs, m?me color?s artificiellement","25'","Salt; sulphur; earths and stone; plastering materials, lime and cement","2523'","Portland cement, aluminous cement, slag cement, supersulphate cement and similar hydraulic cements, ","252321'"," -- White cement, whether or not artificially coloured","8","1","R","0","0","","","","0","0","0","0","0","0"
"947","","HS 2007","Harmonized System 2007","Gabon","266'","2019","1","25232900'","  "," -- Autres","25'","Salt; sulphur; earths and stone; plastering materials, lime and cement","2523'","Portland cement, aluminous cement, slag cement, supersulphate cement and similar hydraulic cements, ","252329'"," -- Other","8","1","R","0","0","","","","0","0","0","0","0","0"
"948","","HS 2007","Harmonized System 2007","Gabon","266'","2019","1","25233000'","  "," - Ciments alumineux","25'","Salt; sulphur; earths and stone; plastering materials, lime and cement","2523'","Portland cement, aluminous cement, slag cement, supersulphate cement and similar hydraulic cements, ","252330'"," - Aluminous cement","8","1","R","0","0","","","","0","0","0","0","0","0"
"949","","HS 2007","Harmonized System 2007","Gabon","266'","2019","1","25239000'","  "," - Autres ciments hydrauliques","25'","Salt; sulphur; earths and stone; plastering materials, lime and cement","2523'","Portland cement, aluminous cement, slag cement, supersulphate cement and similar hydraulic cements, ","252390'"," - Other hydraulic cements","8","1","R","0","0","","","","0","0","0","0","0","0"
"950","","HS 2007","Harmonized System 2007","Gabon","266'","2019","1","25241000'","  "," - Crocidolite","25'","Salt; sulphur; earths and stone; plastering materials, lime and cement","2524'","Asbestos.","252410'"," - Crocidolite","8","1","R","0","0","","","","0","0","0","0","0","0"
"951","","HS 2007","Harmonized System 2007","Gabon","266'","2019","1","25249000'","  "," - Autres","25'","Salt; sulphur; earths and stone; plastering materials, lime and cement","2524'","Asbestos.","252490'"," - Other","8","1","R","0","0","","","","0","0","0","0","0","0"
"952","","HS 2007","Harmonized System 2007","Gabon","266'","2019","1","25251000'","  "," - Mica brut ou cliv? en feuilles ou lamelles irr?guli?res","25'","Salt; sulphur; earths and stone; plastering materials, lime and cement","2525'","Mica, including splittings; mica waste.","252510'"," - Crude mica and mica rifted into sheets or splittings","8","1","R","0","0","","","","0","0","0","0","0","0"
"953","","HS 2007","Harmonized System 2007","Gabon","266'","2019","1","25252000'","  "," - Mica en poudre","25'","Salt; sulphur; earths and stone; plastering materials, lime and cement","2525'","Mica, including splittings; mica waste.","252520'"," - Mica powder","8","1","R","0","0","","","","0","0","0","0","0","0"
"954","","HS 2007","Harmonized System 2007","Gabon","266'","2019","1","25253000'","  "," - D?chets de mica","25'","Salt; sulphur; earths and stone; plastering materials, lime and cement","2525'","Mica, including splittings; mica waste.","252530'"," - Mica waste","8","1","R","0","0","","","","0","0","0","0","0","0"
"955","","HS 2007","Harmonized System 2007","Gabon","266'","2019","1","25261000'","  "," - Non broy?s ni pulv?ris?s","25'","Salt; sulphur; earths and stone; plastering materials, lime and cement","2526'","Natural steatite, whether or not roughly trimmed or merely cut, by sawing or otherwise, into blocks ","252610'"," - Not crushed, not powdered","8","1","R","0","0","","","","0","0","0","0","0","0"
"956","","HS 2007","Harmonized System 2007","Gabon","266'","2019","1","25262000'","  "," - Broy?s ou pulv?ris?s","25'","Salt; sulphur; earths and stone; plastering materials, lime and cement","2526'","Natural steatite, whether or not roughly trimmed or merely cut, by sawing or otherwise, into blocks ","252620'"," - Crushed or powdered","8","1","R","0","0","","","","0","0","0","0","0","0"
"957","","HS 2007","Harmonized System 2007","Gabon","266'","2019","1","25281000'","  "," - Borates de sodium naturels et leurs concentr?s (m?me calcin?s)","25'","Salt; sulphur; earths and stone; plastering materials, lime and cement","2528'","Natural borates and concentrates thereof (whether or not calcined), but not including borates separa","252810'"," - Natural sodium borates and concentrates thereof (whether or not calcined)","8","1","R","0","0","","","","0","0","0","0","0","0"
"958","","HS 2007","Harmonized System 2007","Gabon","266'","2019","1","25289000'","  "," - Autres","25'","Salt; sulphur; earths and stone; plastering materials, lime and cement","2528'","Natural borates and concentrates thereof (whether or not calcined), but not including borates separa","252890'"," - Other","8","1","R","0","0","","","","0","0","0","0","0","0"
"959","","HS 2007","Harmonized System 2007","Gabon","266'","2019","1","25291000'","  "," - Feldspath","25'","Salt; sulphur; earths and stone; plastering materials, lime and cement","2529'","Feldspar; leucite, nepheline and nepheline syenite; fluorspar.","252910'"," - Feldspar","8","1","R","0","0","","","","0","0","0","0","0","0"
"960","","HS 2007","Harmonized System 2007","Gabon","266'","2019","1","25292100'","  "," -- Contenant en poids 97 % ou moins de fluorure de calcium","25'","Salt; sulphur; earths and stone; plastering materials, lime and cement","2529'","Feldspar; leucite, nepheline and nepheline syenite; fluorspar.","252921'"," -- Containing by weight 97% or less of calcium fluoride","8","1","R","0","0","","","","0","0","0","0","0","0"
"961","","HS 2007","Harmonized System 2007","Gabon","266'","2019","1","25292200'","  "," -- Contenant en poids plus de 97 % de fluorure de calcium","25'","Salt; sulphur; earths and stone; plastering materials, lime and cement","2529'","Feldspar; leucite, nepheline and nepheline syenite; fluorspar.","252922'"," -- Containing by weight more than 97% of calcium fluoride","8","1","R","0","0","","","","0","0","0","0","0","0"
"962","","HS 2007","Harmonized System 2007","Gabon","266'","2019","1","25293000'","  "," - Leucite; n?ph?line et n?ph?line sy?nite","25'","Salt; sulphur; earths and stone; plastering materials, lime and cement","2529'","Feldspar; leucite, nepheline and nepheline syenite; fluorspar.","252930'"," - Leucite; nepheline and nepheline syenite","8","1","R","0","0","","","","0","0","0","0","0","0"
"963","","HS 2007","Harmonized System 2007","Gabon","266'","2019","1","25301000'","  "," - Vermiculite, perlite et chlorites, non expans?es","25'","Salt; sulphur; earths and stone; plastering materials, lime and cement","2530'","Mineral substances not elsewhere specified or included.","253010'"," - Vermiculite, perlite and chlorites, unexpanded","8","1","R","0","0","","","","0","0","0","0","0","0"
"964","","HS 2007","Harmonized System 2007","Gabon","266'","2019","1","25302000'","  "," - Ki?s?rite, epsomite (sulfates de magn?sium naturels)","25'","Salt; sulphur; earths and stone; plastering materials, lime and cement","2530'","Mineral substances not elsewhere specified or included.","253020'"," - Kieserite, epsomite (natural magnesium sulphates)","8","1","R","0","0","","","","0","0","0","0","0","0"
"965","","HS 2007","Harmonized System 2007","Gabon","266'","2019","1","25309010'","  "," Natron","25'","Salt; sulphur; earths and stone; plastering materials, lime and cement","2530'","Mineral substances not elsewhere specified or included.","253090'"," - Other","8","1","R","0","0","","","","0","0","0","0","0","0"
"966","","HS 2007","Harmonized System 2007","Gabon","266'","2019","1","25309090'","  "," mati?res min?rales du ch 25 non reprises ailleurs","25'","Salt; sulphur; earths and stone; plastering materials, lime and cement","2530'","Mineral substances not elsewhere specified or included.","253090'"," - Other","8","1","R","0","0","","","","0","0","0","0","0","0"
"967","","HS 2007","Harmonized System 2007","Gabon","266'","2019","1","26011100'","  "," -- Non agglom?r?s","26'","Ores, slag and ash","2601'","Iron ores and concentrates, including roasted iron pyrites.","260111'"," -- Non-agglomerated","8","1","R","0","0","","","","0","0","0","0","0","0"
"968","","HS 2007","Harmonized System 2007","Gabon","266'","2019","1","26011200'","  "," -- Agglom?r?s","26'","Ores, slag and ash","2601'","Iron ores and concentrates, including roasted iron pyrites.","260112'"," -- Agglomerated","8","1","R","0","0","","","","0","0","0","0","0","0"
"969","","HS 2007","Harmonized System 2007","Gabon","266'","2019","1","26012000'","  "," - Pyrites de fer grill?es (cendres de pyrites)","26'","Ores, slag and ash","2601'","Iron ores and concentrates, including roasted iron pyrites.","260120'"," - Roasted iron pyrites","8","1","R","0","0","","","","0","0","0","0","0","0"
"970","","HS 2007","Harmonized System 2007","Gabon","266'","2019","1","26020011'","  "," Minerais de mangan?se type RSD (ROCHEUX)","26'","Ores, slag and ash","2602'","Manganese ores and concentrates, including ferruginous manganese ores and concentrates with a mangan","260200'"," Manganese ores and concentrates, including ferruginous manganese ores and concentrates with a mangan","8","1","R","0","0","","","","0","0","0","0","0","0"
"971","","HS 2007","Harmonized System 2007","Gabon","266'","2019","1","26020012'","  "," Minerais de mangan?se type HMF (FINES)","26'","Ores, slag and ash","2602'","Manganese ores and concentrates, including ferruginous manganese ores and concentrates with a mangan","260200'"," Manganese ores and concentrates, including ferruginous manganese ores and concentrates with a mangan","8","1","R","0","0","","","","0","0","0","0","0","0"
"972","","HS 2007","Harmonized System 2007","Gabon","266'","2019","1","26020013'","  "," Minerais de mangan?se type G (BIOXYDE NATUREL)","26'","Ores, slag and ash","2602'","Manganese ores and concentrates, including ferruginous manganese ores and concentrates with a mangan","260200'"," Manganese ores and concentrates, including ferruginous manganese ores and concentrates with a mangan","8","1","R","0","0","","","","0","0","0","0","0","0"
"973","","HS 2007","Harmonized System 2007","Gabon","266'","2019","1","26020014'","  "," Agglom?r?s de tous types","26'","Ores, slag and ash","2602'","Manganese ores and concentrates, including ferruginous manganese ores and concentrates with a mangan","260200'"," Manganese ores and concentrates, including ferruginous manganese ores and concentrates with a mangan","8","1","R","0","0","","","","0","0","0","0","0","0"
"974","","HS 2007","Harmonized System 2007","Gabon","266'","2019","1","26020019'","  "," Minerais de mangan?se type P (BIOXYDE NATUREL)","26'","Ores, slag and ash","2602'","Manganese ores and concentrates, including ferruginous manganese ores and concentrates with a mangan","260200'"," Manganese ores and concentrates, including ferruginous manganese ores and concentrates with a mangan","8","1","R","0","0","","","","0","0","0","0","0","0"
"975","","HS 2007","Harmonized System 2007","Gabon","266'","2019","1","26030000'","  "," Minerais de cuivre et leurs concentr?s.","26'","Ores, slag and ash","2603'","Copper ores and concentrates.","260300'"," Copper ores and concentrates.","8","1","R","0","0","","","","0","0","0","0","0","0"
"976","","HS 2007","Harmonized System 2007","Gabon","266'","2019","1","26040000'","  "," Minerais de nickel et leurs concentr?s.","26'","Ores, slag and ash","2604'","Nickel ores and concentrates.","260400'"," Nickel ores and concentrates.","8","1","R","0","0","","","","0","0","0","0","0","0"
"977","","HS 2007","Harmonized System 2007","Gabon","266'","2019","1","26050000'","  "," Minerais de cobalt et leurs concentr?s.","26'","Ores, slag and ash","2605'","Cobalt ores and concentrates.","260500'"," Cobalt ores and concentrates.","8","1","R","0","0","","","","0","0","0","0","0","0"
"978","","HS 2007","Harmonized System 2007","Gabon","266'","2019","1","26060000'","  "," Minerais d'aluminium et leurs concentr?s.","26'","Ores, slag and ash","2606'","Aluminium ores and concentrates.","260600'"," Aluminium ores and concentrates.","8","1","R","0","0","","","","0","0","0","0","0","0"
"979","","HS 2007","Harmonized System 2007","Gabon","266'","2019","1","26070000'","  "," Minerais de plomb et leurs concentr?s.","26'","Ores, slag and ash","2607'","Lead ores and concentrates.","260700'"," Lead ores and concentrates.","8","1","R","0","0","","","","0","0","0","0","0","0"
"980","","HS 2007","Harmonized System 2007","Gabon","266'","2019","1","26080000'","  "," Minerais de zinc et leurs concentr?s.","26'","Ores, slag and ash","2608'","Zinc ores and concentrates.","260800'"," Zinc ores and concentrates.","8","1","R","0","0","","","","0","0","0","0","0","0"
"981","","HS 2007","Harmonized System 2007","Gabon","266'","2019","1","26090000'","  "," Minerais d'?tain et leurs concentr?s.","26'","Ores, slag and ash","2609'","Tin ores and concentrates.","260900'"," Tin ores and concentrates.","8","1","R","0","0","","","","0","0","0","0","0","0"
"982","","HS 2007","Harmonized System 2007","Gabon","266'","2019","1","26100000'","  "," Minerais de chrome et leurs concentr?s.","26'","Ores, slag and ash","2610'","Chromium ores and concentrates.","261000'"," Chromium ores and concentrates.","8","1","R","0","0","","","","0","0","0","0","0","0"
"983","","HS 2007","Harmonized System 2007","Gabon","266'","2019","1","26110000'","  "," Minerais de tungst?ne et leurs concentr?s.","26'","Ores, slag and ash","2611'","Tungsten ores and concentrates.","261100'"," Tungsten ores and concentrates.","8","1","R","0","0","","","","0","0","0","0","0","0"
"984","","HS 2007","Harmonized System 2007","Gabon","266'","2019","1","26121000'","  "," - Minerais d'uranium et leurs concentr?s","26'","Ores, slag and ash","2612'","Uranium or thorium ores and concentrates.","261210'"," - Uranium ores and concentrates","8","1","R","0","0","","","","0","0","0","0","0","0"
"985","","HS 2007","Harmonized System 2007","Gabon","266'","2019","1","26122000'","  "," - Minerais de thorium et leurs concentr?s","26'","Ores, slag and ash","2612'","Uranium or thorium ores and concentrates.","261220'"," - Thorium ores and concentrates","8","1","R","0","0","","","","0","0","0","0","0","0"
"986","","HS 2007","Harmonized System 2007","Gabon","266'","2019","1","26131000'","  "," - Grill?s","26'","Ores, slag and ash","2613'","Molybdenum ores and concentrates.","261310'"," - Roasted","8","1","R","0","0","","","","0","0","0","0","0","0"
"987","","HS 2007","Harmonized System 2007","Gabon","266'","2019","1","26139000'","  "," - Autres","26'","Ores, slag and ash","2613'","Molybdenum ores and concentrates.","261390'"," - Other","8","1","R","0","0","","","","0","0","0","0","0","0"
"988","","HS 2007","Harmonized System 2007","Gabon","266'","2019","1","26140000'","  "," Minerais de titane et leurs concentr?s.","26'","Ores, slag and ash","2614'","Titanium ores and concentrates.","261400'"," Titanium ores and concentrates.","8","1","R","0","0","","","","0","0","0","0","0","0"
"989","","HS 2007","Harmonized System 2007","Gabon","266'","2019","1","26151000'","  "," - Minerais de zirconium et leurs concentr?s","26'","Ores, slag and ash","2615'","Niobium, tantalum, vanadium or zirconium ores and concentrates.","261510'"," - Zirconium ores and concentrates","8","1","R","0","0","","","","0","0","0","0","0","0"
"990","","HS 2007","Harmonized System 2007","Gabon","266'","2019","1","26159000'","  "," - Autres","26'","Ores, slag and ash","2615'","Niobium, tantalum, vanadium or zirconium ores and concentrates.","261590'"," - Other","8","1","R","0","0","","","","0","0","0","0","0","0"
"991","","HS 2007","Harmonized System 2007","Gabon","266'","2019","1","26161000'","  "," - Minerais d'argent et leurs concentr?s","26'","Ores, slag and ash","2616'","Precious metal ores and concentrates.","261610'"," - Silver ores and concentrates","8","1","R","0","0","","","","0","0","0","0","0","0"
"992","","HS 2007","Harmonized System 2007","Gabon","266'","2019","1","26169000'","  "," - Autres","26'","Ores, slag and ash","2616'","Precious metal ores and concentrates.","261690'"," - Other","8","1","R","0","0","","","","0","0","0","0","0","0"
"993","","HS 2007","Harmonized System 2007","Gabon","266'","2019","1","26171000'","  "," - Minerais d'antimoine et leurs concentr?s","26'","Ores, slag and ash","2617'","Other ores and concentrates.","261710'"," - Antimony ores and concentrates","8","1","R","0","0","","","","0","0","0","0","0","0"
"994","","HS 2007","Harmonized System 2007","Gabon","266'","2019","1","26179000'","  "," - Autres","26'","Ores, slag and ash","2617'","Other ores and concentrates.","261790'"," - Other","8","1","R","0","0","","","","0","0","0","0","0","0"
"995","","HS 2007","Harmonized System 2007","Gabon","266'","2019","1","26180000'","  "," Laitier granul? (sable-laitier) provenant de la fabrication de la fonte, du fer ou de l'acier.","26'","Ores, slag and ash","2618'","Granulated slag (slag sand) from the manufacture of iron or steel.","261800'"," Granulated slag (slag sand) from the manufacture of iron or steel.","8","1","R","0","0","","","","0","0","0","0","0","0"
"996","","HS 2007","Harmonized System 2007","Gabon","266'","2019","1","26190000'","  "," Scories, laitiers (autres que le laitier granul?), battitures et autres d?chets de la fabrication de la fontes, du fer ou de l'acier.","26'","Ores, slag and ash","2619'","Slag, dross (other than granulated slag), scalings and other waste from the manufacture of iron or s","261900'"," Slag, dross (other than granulated slag), scalings and other waste from the manufacture of iron or s","8","1","R","0","0","","","","0","0","0","0","0","0"
"997","","HS 2007","Harmonized System 2007","Gabon","266'","2019","1","26201100'","  "," -- Mattes de galvanisation","26'","Ores, slag and ash","2620'","Slag, ash and residues (other than from the manufacture of iron or steel) containing metals, arsenic","262011'"," -- Hard zinc spelter","8","1","R","0","0","","","","0","0","0","0","0","0"
"998","","HS 2007","Harmonized System 2007","Gabon","266'","2019","1","26201900'","  "," -- Autres","26'","Ores, slag and ash","2620'","Slag, ash and residues (other than from the manufacture of iron or steel) containing metals, arsenic","262019'"," -- Other","8","1","R","0","0","","","","0","0","0","0","0","0"
"999","","HS 2007","Harmonized System 2007","Gabon","266'","2019","1","26202100'","  "," -- Boues d'essence au plomb et boues de compos?s antid?tonants contenant du plomb","26'","Ores, slag and ash","2620'","Slag, ash and residues (other than from the manufacture of iron or steel) containing metals, arsenic","262021'"," -- Leaded gasoline sludges and leaded anti-knock compound sludges","8","1","R","0","0","","","","0","0","0","0","0","0"
"1000","","HS 2007","Harmonized System 2007","Gabon","266'","2019","1","26202900'","  "," -- Autres","26'","Ores, slag and ash","2620'","Slag, ash and residues (other than from the manufacture of iron or steel) containing metals, arsenic","262029'"," -- Other","8","1","R","0","0","","","","0","0","0","0","0","0"
"1001","","HS 2007","Harmonized System 2007","Gabon","266'","2019","1","26203000'","  "," - Contenant principalement du cuivre","26'","Ores, slag and ash","2620'","Slag, ash and residues (other than from the manufacture of iron or steel) containing metals, arsenic","262030'"," - Containing mainly copper","8","1","R","0","0","","","","0","0","0","0","0","0"
"1002","","HS 2007","Harmonized System 2007","Gabon","266'","2019","1","26204000'","  "," - Contenant principalement de l'aluminium","26'","Ores, slag and ash","2620'","Slag, ash and residues (other than from the manufacture of iron or steel) containing metals, arsenic","262040'"," - Containing mainly aluminium","8","1","R","0","0","","","","0","0","0","0","0","0"
"1003","","HS 2007","Harmonized System 2007","Gabon","266'","2019","1","26206000'","  "," - Contenant de l'arsenic, du mercure, du thallium ou leurs m?langes, des types utilis?s pour l'extraction de l'arsenic ou de ces m?taux ou pour la fabrication de leurs compos?s chimiques","26'","Ores, slag and ash","2620'","Slag, ash and residues (other than from the manufacture of iron or steel) containing metals, arsenic","262060'"," - Containing arsenic, mercury, thallium or their mixtures, of a kind used for the extraction of arse","8","1","R","0","0","","","","0","0","0","0","0","0"
"1004","","HS 2007","Harmonized System 2007","Gabon","266'","2019","1","26209100'","  "," -- Contenant de l'antimoine, du b?ryllium, du cadmium, du chrome ou leurs m?langes","26'","Ores, slag and ash","2620'","Slag, ash and residues (other than from the manufacture of iron or steel) containing metals, arsenic","262091'"," -- Containing antimony, beryllium, cadmium, chromium or their mixtures","8","1","R","0","0","","","","0","0","0","0","0","0"
"1005","","HS 2007","Harmonized System 2007","Gabon","266'","2019","1","26209900'","  "," -- Autres","26'","Ores, slag and ash","2620'","Slag, ash and residues (other than from the manufacture of iron or steel) containing metals, arsenic","262099'"," -- Other","8","1","R","0","0","","","","0","0","0","0","0","0"
"1006","","HS 2007","Harmonized System 2007","Gabon","266'","2019","1","26211000'","  "," - Cendres et r?sidus provenant de l'incin?ration des d?chets municipaux","26'","Ores, slag and ash","2621'","Other slag and ash, including seaweed ash (kelp); ash and residues from the incineration of municipa","262110'"," - Ash and residues from the incineration of municipal waste","8","1","R","0","0","","","","0","0","0","0","0","0"
"1007","","HS 2007","Harmonized System 2007","Gabon","266'","2019","1","26219000'","  "," - Autres","26'","Ores, slag and ash","2621'","Other slag and ash, including seaweed ash (kelp); ash and residues from the incineration of municipa","262190'"," - Other","8","1","R","0","0","","","","0","0","0","0","0","0"
"1008","","HS 2007","Harmonized System 2007","Gabon","266'","2019","1","27011100'","  "," -- Anthracite","27'","Mineral fuels, mineral oils and products of their distillation; bituminous substances; mineral waxes","2701'","Coal; briquettes, ovoids and similar solid fuels manufactured from coal.","270111'"," -- Anthracite","8","1","R","0","0","","","","0","0","0","0","0","0"
"1009","","HS 2007","Harmonized System 2007","Gabon","266'","2019","1","27011200'","  "," -- Houille bitumineuse","27'","Mineral fuels, mineral oils and products of their distillation; bituminous substances; mineral waxes","2701'","Coal; briquettes, ovoids and similar solid fuels manufactured from coal.","270112'"," -- Bituminous coal","8","1","R","0","0","","","","0","0","0","0","0","0"
"1010","","HS 2007","Harmonized System 2007","Gabon","266'","2019","1","27011900'","  "," -- Autres houilles","27'","Mineral fuels, mineral oils and products of their distillation; bituminous substances; mineral waxes","2701'","Coal; briquettes, ovoids and similar solid fuels manufactured from coal.","270119'"," -- Other coal","8","1","R","0","0","","","","0","0","0","0","0","0"
"1011","","HS 2007","Harmonized System 2007","Gabon","266'","2019","1","27012000'","  "," - Briquettes, boulets et combustibles solides similaires obtenus ? partir de la houille","27'","Mineral fuels, mineral oils and products of their distillation; bituminous substances; mineral waxes","2701'","Coal; briquettes, ovoids and similar solid fuels manufactured from coal.","270120'"," - Briquettes, ovoids and similar solid fuels manufactured from coal","8","1","R","0","0","","","","0","0","0","0","0","0"
"1012","","HS 2007","Harmonized System 2007","Gabon","266'","2019","1","27021000'","  "," - Lignites, m?me pulv?ris?s, mais non agglom?r?s","27'","Mineral fuels, mineral oils and products of their distillation; bituminous substances; mineral waxes","2702'","Lignite, whether or not agglomerated, excluding jet.","270210'"," - Lignite, whether or not pulverised, but not agglomerated","8","1","R","0","0","","","","0","0","0","0","0","0"
"1013","","HS 2007","Harmonized System 2007","Gabon","266'","2019","1","27022000'","  "," - Lignites agglom?r?s","27'","Mineral fuels, mineral oils and products of their distillation; bituminous substances; mineral waxes","2702'","Lignite, whether or not agglomerated, excluding jet.","270220'"," - Agglomerated lignite","8","1","R","0","0","","","","0","0","0","0","0","0"
"1014","","HS 2007","Harmonized System 2007","Gabon","266'","2019","1","27030000'","  "," Tourbe (y compris la tourbe pour liti?re), m?me agglom?r?e.","27'","Mineral fuels, mineral oils and products of their distillation; bituminous substances; mineral waxes","2703'","Peat (including peat litter), whether or not agglomerated.","270300'"," Peat (including peat litter), whether or not agglomerated.","8","1","R","0","0","","","","0","0","0","0","0","0"
"1015","","HS 2007","Harmonized System 2007","Gabon","266'","2019","1","27040000'","  "," Cokes et semi-cokes de houille, de lignite ou de tourbe, m?me agglom?r?s; charbon de cornue.","27'","Mineral fuels, mineral oils and products of their distillation; bituminous substances; mineral waxes","2704'","Coke and semi-coke of coal, of lignite or of peat, whether or not agglomerated; retort carbon.","270400'"," Coke and semi-coke of coal, of lignite or of peat, whether or not agglomerated; retort carbon.","8","1","R","0","0","","","","0","0","0","0","0","0"
"1016","","HS 2007","Harmonized System 2007","Gabon","266'","2019","1","27050000'","  "," Gaz de houille, gaz ? l'eau, gaz pauvre et gaz similaires, ? l'exclusion des gaz de p?trole et autres hydrocarbures gazeux.","27'","Mineral fuels, mineral oils and products of their distillation; bituminous substances; mineral waxes","2705'","Coal gas, water gas, producer gas and similar gases, other than petroleum gases and other gaseous hy","270500'"," Coal gas, water gas, producer gas and similar gases, other than petroleum gases and other gaseous hy","8","1","R","0","0","","","","0","0","0","0","0","0"
"1017","","HS 2007","Harmonized System 2007","Gabon","266'","2019","1","27060000'","  "," Goudrons de houille, de lignite ou de tourbe et autres goudrons min?raux, m?me d?shydrat?s ou ?t?t?s, y compris les goudrons reconstitu?s.","27'","Mineral fuels, mineral oils and products of their distillation; bituminous substances; mineral waxes","2706'","Tar distilled from coal, from lignite or from peat, and other mineral tars, whether or not dehydrate","270600'"," Tar distilled from coal, from lignite or from peat, and other mineral tars, whether or not dehydrate","8","1","R","0","0","","","","0","0","0","0","0","0"
"1018","","HS 2007","Harmonized System 2007","Gabon","266'","2019","1","27071000'","  "," - Benzol (benz?ne)","27'","Mineral fuels, mineral oils and products of their distillation; bituminous substances; mineral waxes","2707'","Oils and other products of the distillation of high temperature coal tar; similar products in which ","270710'"," - Benzol (benzene)","8","1","R","0","0","","","","0","0","0","0","0","0"
"1019","","HS 2007","Harmonized System 2007","Gabon","266'","2019","1","27072000'","  "," - Toluol (tolu?ne)","27'","Mineral fuels, mineral oils and products of their distillation; bituminous substances; mineral waxes","2707'","Oils and other products of the distillation of high temperature coal tar; similar products in which ","270720'"," - Toluol (toluene)","8","1","R","0","0","","","","0","0","0","0","0","0"
"1020","","HS 2007","Harmonized System 2007","Gabon","266'","2019","1","27073000'","  "," - Xylol (xyl?nes)","27'","Mineral fuels, mineral oils and products of their distillation; bituminous substances; mineral waxes","2707'","Oils and other products of the distillation of high temperature coal tar; similar products in which ","270730'"," - Xylol (xylenes)","8","1","R","0","0","","","","0","0","0","0","0","0"
"1021","","HS 2007","Harmonized System 2007","Gabon","266'","2019","1","27074000'","  "," - Naphtal?ne","27'","Mineral fuels, mineral oils and products of their distillation; bituminous substances; mineral waxes","2707'","Oils and other products of the distillation of high temperature coal tar; similar products in which ","270740'"," - Naphthalene","8","1","R","0","0","","","","0","0","0","0","0","0"
"1022","","HS 2007","Harmonized System 2007","Gabon","266'","2019","1","27075000'","  "," - Autres m?langes d'hydrocarbures aromatiques distillant 65?% ou plus de leur volume (y compris les pertes) ? 250??C d'apr?s la m?thode ASTM D 86","27'","Mineral fuels, mineral oils and products of their distillation; bituminous substances; mineral waxes","2707'","Oils and other products of the distillation of high temperature coal tar; similar products in which ","270750'"," - Other aromatic hydrocarbon mixtures of which 65% or more by volume (including losses) distils at 2","8","1","R","0","0","","","","0","0","0","0","0","0"
"1023","","HS 2007","Harmonized System 2007","Gabon","266'","2019","1","27079100'","  "," -- Huiles de cr?osote","27'","Mineral fuels, mineral oils and products of their distillation; bituminous substances; mineral waxes","2707'","Oils and other products of the distillation of high temperature coal tar; similar products in which ","270791'"," -- Creosote oils","8","1","R","0","0","","","","0","0","0","0","0","0"
"1024","","HS 2007","Harmonized System 2007","Gabon","266'","2019","1","27079900'","  "," -- Autres","27'","Mineral fuels, mineral oils and products of their distillation; bituminous substances; mineral waxes","2707'","Oils and other products of the distillation of high temperature coal tar; similar products in which ","270799'"," -- Other","8","1","R","0","0","","","","0","0","0","0","0","0"
"1025","","HS 2007","Harmonized System 2007","Gabon","266'","2019","1","27081000'","  "," - Brai","27'","Mineral fuels, mineral oils and products of their distillation; bituminous substances; mineral waxes","2708'","Pitch and pitch coke, obtained from coal tar or from other mineral tars.","270810'"," - Pitch","8","1","R","0","0","","","","0","0","0","0","0","0"
"1026","","HS 2007","Harmonized System 2007","Gabon","266'","2019","1","27082000'","  "," - Coke de brai","27'","Mineral fuels, mineral oils and products of their distillation; bituminous substances; mineral waxes","2708'","Pitch and pitch coke, obtained from coal tar or from other mineral tars.","270820'"," - Pitch coke","8","1","R","0","0","","","","0","0","0","0","0","0"
"1027","","HS 2007","Harmonized System 2007","Gabon","266'","2019","1","27090010'","  "," huiles brutes de p?trole","27'","Mineral fuels, mineral oils and products of their distillation; bituminous substances; mineral waxes","2709'","Petroleum oils and oils obtained from bituminous minerals, crude.","270900'"," Petroleum oils and oils obtained from bituminous minerals, crude.","8","1","R","0","0","","","","0","0","0","0","0","0"
"1028","","HS 2007","Harmonized System 2007","Gabon","266'","2019","1","27090090'","  "," huiles brutes de min?raux bitumineux autresque les huiles de p?trole","27'","Mineral fuels, mineral oils and products of their distillation; bituminous substances; mineral waxes","2709'","Petroleum oils and oils obtained from bituminous minerals, crude.","270900'"," Petroleum oils and oils obtained from bituminous minerals, crude.","8","1","R","0","0","","","","0","0","0","0","0","0"
"1029","","HS 2007","Harmonized System 2007","Gabon","266'","2019","1","27101111'","  "," essence destin?e ? l'aviation","27'","Mineral fuels, mineral oils and products of their distillation; bituminous substances; mineral waxes","2710'","Petroleum oils and oils obtained from bituminous minerals, other than crude; preparations not elsewh","271011'"," -- Light oils and preparations","8","1","R","0","0","","","","0","0","0","0","0","0"
"1030","","HS 2007","Harmonized System 2007","Gabon","266'","2019","1","27101112'","  "," essence ordinaire","27'","Mineral fuels, mineral oils and products of their distillation; bituminous substances; mineral waxes","2710'","Petroleum oils and oils obtained from bituminous minerals, other than crude; preparations not elsewh","271011'"," -- Light oils and preparations","8","1","R","0","0","","","","0","0","0","0","0","0"
"1031","","HS 2007","Harmonized System 2007","Gabon","266'","2019","1","27101113'","  "," super carburant","27'","Mineral fuels, mineral oils and products of their distillation; bituminous substances; mineral waxes","2710'","Petroleum oils and oils obtained from bituminous minerals, other than crude; preparations not elsewh","271011'"," -- Light oils and preparations","8","1","R","0","0","","","","0","0","0","0","0","0"
"1032","","HS 2007","Harmonized System 2007","Gabon","266'","2019","1","27101121'","  "," Naphta","27'","Mineral fuels, mineral oils and products of their distillation; bituminous substances; mineral waxes","2710'","Petroleum oils and oils obtained from bituminous minerals, other than crude; preparations not elsewh","271011'"," -- Light oils and preparations","8","1","R","0","0","","","","0","0","0","0","0","0"
"1033","","HS 2007","Harmonized System 2007","Gabon","266'","2019","1","27101122'","  "," White Spirit","27'","Mineral fuels, mineral oils and products of their distillation; bituminous substances; mineral waxes","2710'","Petroleum oils and oils obtained from bituminous minerals, other than crude; preparations not elsewh","271011'"," -- Light oils and preparations","8","1","R","0","0","","","","0","0","0","0","0","0"
"1034","","HS 2007","Harmonized System 2007","Gabon","266'","2019","1","27101123'","  "," Ptrole lampant","27'","Mineral fuels, mineral oils and products of their distillation; bituminous substances; mineral waxes","2710'","Petroleum oils and oils obtained from bituminous minerals, other than crude; preparations not elsewh","271011'"," -- Light oils and preparations","8","1","R","0","0","","","","0","0","0","0","0","0"
"1035","","HS 2007","Harmonized System 2007","Gabon","266'","2019","1","27101124'","  "," Carbureacteurs(de type essence ou petrole lampant)","27'","Mineral fuels, mineral oils and products of their distillation; bituminous substances; mineral waxes","2710'","Petroleum oils and oils obtained from bituminous minerals, other than crude; preparations not elsewh","271011'"," -- Light oils and preparations","8","1","R","0","0","","","","0","0","0","0","0","0"
"1036","","HS 2007","Harmonized System 2007","Gabon","266'","2019","1","27101160'","  "," Huiles dites agricoles ou de plantation","27'","Mineral fuels, mineral oils and products of their distillation; bituminous substances; mineral waxes","2710'","Petroleum oils and oils obtained from bituminous minerals, other than crude; preparations not elsewh","271011'"," -- Light oils and preparations","8","1","R","0","0","","","","0","0","0","0","0","0"
"1037","","HS 2007","Harmonized System 2007","Gabon","266'","2019","1","27101170'","  "," Autres huiles lgres ou moyennes","27'","Mineral fuels, mineral oils and products of their distillation; bituminous substances; mineral waxes","2710'","Petroleum oils and oils obtained from bituminous minerals, other than crude; preparations not elsewh","271011'"," -- Light oils and preparations","8","1","R","0","0","","","","0","0","0","0","0","0"
"1038","","HS 2007","Harmonized System 2007","Gabon","266'","2019","1","27101910'","  "," Gazoles","27'","Mineral fuels, mineral oils and products of their distillation; bituminous substances; mineral waxes","2710'","Petroleum oils and oils obtained from bituminous minerals, other than crude; preparations not elsewh","271019'"," -- Other","8","1","R","0","0","","","","0","0","0","0","0","0"
"1039","","HS 2007","Harmonized System 2007","Gabon","266'","2019","1","27101920'","  "," Fiouls intermdiaires","27'","Mineral fuels, mineral oils and products of their distillation; bituminous substances; mineral waxes","2710'","Petroleum oils and oils obtained from bituminous minerals, other than crude; preparations not elsewh","271019'"," -- Other","8","1","R","0","0","","","","0","0","0","0","0","0"
"1040","","HS 2007","Harmonized System 2007","Gabon","266'","2019","1","27101930'","  "," Fiouls lourds","27'","Mineral fuels, mineral oils and products of their distillation; bituminous substances; mineral waxes","2710'","Petroleum oils and oils obtained from bituminous minerals, other than crude; preparations not elsewh","271019'"," -- Other","8","1","R","0","0","","","","0","0","0","0","0","0"
"1041","","HS 2007","Harmonized System 2007","Gabon","266'","2019","1","27101940'","  "," Lubrifiants destins l'aviation","27'","Mineral fuels, mineral oils and products of their distillation; bituminous substances; mineral waxes","2710'","Petroleum oils and oils obtained from bituminous minerals, other than crude; preparations not elsewh","271019'"," -- Other","8","1","R","0","0","","","","0","0","0","0","0","0"
"1042","","HS 2007","Harmonized System 2007","Gabon","266'","2019","1","27101950'","  "," Lubrifiants industriels","27'","Mineral fuels, mineral oils and products of their distillation; bituminous substances; mineral waxes","2710'","Petroleum oils and oils obtained from bituminous minerals, other than crude; preparations not elsewh","271019'"," -- Other","8","1","R","0","0","","","","0","0","0","0","0","0"
"1043","","HS 2007","Harmonized System 2007","Gabon","266'","2019","1","27101960'","  "," Lubrifiants automobiles","27'","Mineral fuels, mineral oils and products of their distillation; bituminous substances; mineral waxes","2710'","Petroleum oils and oils obtained from bituminous minerals, other than crude; preparations not elsewh","271019'"," -- Other","8","1","R","0","0","","","","0","0","0","0","0","0"
"1044","","HS 2007","Harmonized System 2007","Gabon","266'","2019","1","27101970'","  "," Lubrifiants solides graisses","27'","Mineral fuels, mineral oils and products of their distillation; bituminous substances; mineral waxes","2710'","Petroleum oils and oils obtained from bituminous minerals, other than crude; preparations not elsewh","271019'"," -- Other","8","1","R","0","0","","","","0","0","0","0","0","0"
"1045","","HS 2007","Harmonized System 2007","Gabon","266'","2019","1","27101990'","  "," Huiles lubrifiants et prparations du 271019 autres que du 27101910 27101970","27'","Mineral fuels, mineral oils and products of their distillation; bituminous substances; mineral waxes","2710'","Petroleum oils and oils obtained from bituminous minerals, other than crude; preparations not elsewh","271019'"," -- Other","8","1","R","0","0","","","","0","0","0","0","0","0"
"1046","","HS 2007","Harmonized System 2007","Gabon","266'","2019","1","27109100'","  "," -- Contenant des diph?nyles polychlor?s (PCB), des terph?nyles polychlor?s (PCT) ou des diph?nyles polybrom?s (PBB)","27'","Mineral fuels, mineral oils and products of their distillation; bituminous substances; mineral waxes","2710'","Petroleum oils and oils obtained from bituminous minerals, other than crude; preparations not elsewh","271091'"," -- Containing polychlorinated biphenyls (PCBs), polychlorinated terphenyls (PCTs) or polybrominated ","8","1","R","0","0","","","","0","0","0","0","0","0"
"1047","","HS 2007","Harmonized System 2007","Gabon","266'","2019","1","27109900'","  "," -- Autres","27'","Mineral fuels, mineral oils and products of their distillation; bituminous substances; mineral waxes","2710'","Petroleum oils and oils obtained from bituminous minerals, other than crude; preparations not elsewh","271099'"," -- Other","8","1","R","0","0","","","","0","0","0","0","0","0"
"1048","","HS 2007","Harmonized System 2007","Gabon","266'","2019","1","27111100'","  "," -- Gaz naturel","27'","Mineral fuels, mineral oils and products of their distillation; bituminous substances; mineral waxes","2711'","Petroleum gases and other gaseous hydrocarbons.","271111'"," -- Natural gas","8","1","R","0","0","","","","0","0","0","0","0","0"
"1049","","HS 2007","Harmonized System 2007","Gabon","266'","2019","1","27111200'","  "," -- Propane","27'","Mineral fuels, mineral oils and products of their distillation; bituminous substances; mineral waxes","2711'","Petroleum gases and other gaseous hydrocarbons.","271112'"," -- Propane","8","1","R","0","0","","","","0","0","0","0","0","0"
"1050","","HS 2007","Harmonized System 2007","Gabon","266'","2019","1","27111300'","  "," -- Butanes","27'","Mineral fuels, mineral oils and products of their distillation; bituminous substances; mineral waxes","2711'","Petroleum gases and other gaseous hydrocarbons.","271113'"," -- Butanes","8","1","R","0","0","","","","0","0","0","0","0","0"
"1051","","HS 2007","Harmonized System 2007","Gabon","266'","2019","1","27111400'","  "," -- Ethyl?ne, propyl?ne, butyl?ne et butadi?ne","27'","Mineral fuels, mineral oils and products of their distillation; bituminous substances; mineral waxes","2711'","Petroleum gases and other gaseous hydrocarbons.","271114'"," -- Ethylene, propylene, butylene and butadiene","8","1","R","0","0","","","","0","0","0","0","0","0"
"1052","","HS 2007","Harmonized System 2007","Gabon","266'","2019","1","27111900'","  "," -- Autres","27'","Mineral fuels, mineral oils and products of their distillation; bituminous substances; mineral waxes","2711'","Petroleum gases and other gaseous hydrocarbons.","271119'"," -- Other","8","1","R","0","0","","","","0","0","0","0","0","0"
"1053","","HS 2007","Harmonized System 2007","Gabon","266'","2019","1","27112100'","  "," -- Gaz naturel","27'","Mineral fuels, mineral oils and products of their distillation; bituminous substances; mineral waxes","2711'","Petroleum gases and other gaseous hydrocarbons.","271121'"," -- Natural gas","8","1","R","0","0","","","","0","0","0","0","0","0"
"1054","","HS 2007","Harmonized System 2007","Gabon","266'","2019","1","27112900'","  "," -- Autres","27'","Mineral fuels, mineral oils and products of their distillation; bituminous substances; mineral waxes","2711'","Petroleum gases and other gaseous hydrocarbons.","271129'"," -- Other","8","1","R","0","0","","","","0","0","0","0","0","0"
"1055","","HS 2007","Harmonized System 2007","Gabon","266'","2019","1","27121000'","  "," - Vaseline","27'","Mineral fuels, mineral oils and products of their distillation; bituminous substances; mineral waxes","2712'","Petroleum jelly; paraffin wax, micro-crystalline petroleum wax, slack wax, ozokerite, lignite wax, p","271210'"," - Petroleum jelly","8","1","R","0","0","","","","0","0","0","0","0","0"
"1056","","HS 2007","Harmonized System 2007","Gabon","266'","2019","1","27122000'","  "," - Paraffine contenant en poids moins de 0,75 % d'huile","27'","Mineral fuels, mineral oils and products of their distillation; bituminous substances; mineral waxes","2712'","Petroleum jelly; paraffin wax, micro-crystalline petroleum wax, slack wax, ozokerite, lignite wax, p","271220'"," - Paraffin wax containing by weight less than 0.75% of oil","8","1","R","0","0","","","","0","0","0","0","0","0"
"1057","","HS 2007","Harmonized System 2007","Gabon","266'","2019","1","27129000'","  "," - Autres","27'","Mineral fuels, mineral oils and products of their distillation; bituminous substances; mineral waxes","2712'","Petroleum jelly; paraffin wax, micro-crystalline petroleum wax, slack wax, ozokerite, lignite wax, p","271290'"," - Other","8","1","R","0","0","","","","0","0","0","0","0","0"
"1058","","HS 2007","Harmonized System 2007","Gabon","266'","2019","1","27131100'","  "," -- Non calcin?","27'","Mineral fuels, mineral oils and products of their distillation; bituminous substances; mineral waxes","2713'","Petroleum coke, petroleum bitumen and other residues of petroleum oils or of oils obtained from bitu","271311'"," -- Not calcined","8","1","R","0","0","","","","0","0","0","0","0","0"
"1059","","HS 2007","Harmonized System 2007","Gabon","266'","2019","1","27131200'","  "," -- Calcin?","27'","Mineral fuels, mineral oils and products of their distillation; bituminous substances; mineral waxes","2713'","Petroleum coke, petroleum bitumen and other residues of petroleum oils or of oils obtained from bitu","271312'"," -- Calcined","8","1","R","0","0","","","","0","0","0","0","0","0"
"1060","","HS 2007","Harmonized System 2007","Gabon","266'","2019","1","27132000'","  "," - Bitume de p?trole","27'","Mineral fuels, mineral oils and products of their distillation; bituminous substances; mineral waxes","2713'","Petroleum coke, petroleum bitumen and other residues of petroleum oils or of oils obtained from bitu","271320'"," - Petroleum bitumen","8","1","R","0","0","","","","0","0","0","0","0","0"
"1061","","HS 2007","Harmonized System 2007","Gabon","266'","2019","1","27139000'","  "," - Autres r?sidus des huiles de p?trole ou de min?raux bitumineux","27'","Mineral fuels, mineral oils and products of their distillation; bituminous substances; mineral waxes","2713'","Petroleum coke, petroleum bitumen and other residues of petroleum oils or of oils obtained from bitu","271390'"," - Other residues of petroleum oils or of oils obtained from bituminous minerals","8","1","R","0","0","","","","0","0","0","0","0","0"
"1062","","HS 2007","Harmonized System 2007","Gabon","266'","2019","1","27141000'","  "," - Schistes et sables bitumineux","27'","Mineral fuels, mineral oils and products of their distillation; bituminous substances; mineral waxes","2714'","Bitumen and asphalt, natural; bituminous or oil shale and tar sands; asphaltites and asphaltic rocks","271410'"," - Bituminous or oil shale and tar sands","8","1","R","0","0","","","","0","0","0","0","0","0"
"1063","","HS 2007","Harmonized System 2007","Gabon","266'","2019","1","27149000'","  "," - Autres","27'","Mineral fuels, mineral oils and products of their distillation; bituminous substances; mineral waxes","2714'","Bitumen and asphalt, natural; bituminous or oil shale and tar sands; asphaltites and asphaltic rocks","271490'"," - Other","8","1","R","0","0","","","","0","0","0","0","0","0"
"1064","","HS 2007","Harmonized System 2007","Gabon","266'","2019","1","27150000'","  "," M?langes bitumineux ? base d'asphalte ou de bitume naturels, de bitume de p?trole, de goudron min?ral ou de brai de goudron min?ral (mastics bitumineux, ?cut-backs?, par exemple).","27'","Mineral fuels, mineral oils and products of their distillation; bituminous substances; mineral waxes","2715'","Bituminous mixtures based on natural asphalt, on natural bitumen, on petroleum bitumen, on mineral t","271500'"," Bituminous mixtures based on natural asphalt, on natural bitumen, on petroleum bitumen, on mineral t","8","1","R","0","0","","","","0","0","0","0","0","0"
"1065","","HS 2007","Harmonized System 2007","Gabon","266'","2019","1","27160000'","  "," Energie ?lectrique. (position facultative)","27'","Mineral fuels, mineral oils and products of their distillation; bituminous substances; mineral waxes","2716'","Electrical energy. (optional heading)","271600'"," Electrical energy. (optional heading)","8","1","R","0","0","","","","0","0","0","0","0","0"
"1066","","HS 2007","Harmonized System 2007","Gabon","266'","2019","1","28011000'","  "," - Chlore","28'","Inorganic chemicals; organic or inorganic compounds of precious metals, of rare- earth metals, of ra","2801'","Fluorine, chlorine, bromine and iodine.","280110'"," - Chlorine","8","1","R","0","0","","","","0","0","0","0","0","0"
"1067","","HS 2007","Harmonized System 2007","Gabon","266'","2019","1","28012000'","  "," - Iode","28'","Inorganic chemicals; organic or inorganic compounds of precious metals, of rare- earth metals, of ra","2801'","Fluorine, chlorine, bromine and iodine.","280120'"," - Iodine","8","1","R","0","0","","","","0","0","0","0","0","0"
"1068","","HS 2007","Harmonized System 2007","Gabon","266'","2019","1","28013000'","  "," - Fluor; brome","28'","Inorganic chemicals; organic or inorganic compounds of precious metals, of rare- earth metals, of ra","2801'","Fluorine, chlorine, bromine and iodine.","280130'"," - Fluorine; bromine","8","1","R","0","0","","","","0","0","0","0","0","0"
"1069","","HS 2007","Harmonized System 2007","Gabon","266'","2019","1","28020011'","  "," soufre sublim? ? usage agricole","28'","Inorganic chemicals; organic or inorganic compounds of precious metals, of rare- earth metals, of ra","2802'","Sulphur, sublimed or precipitated; colloidal sulphur.","280200'"," Sulphur, sublimed or precipitated; colloidal sulphur.","8","1","R","0","0","","","","0","0","0","0","0","0"
"1070","","HS 2007","Harmonized System 2007","Gabon","266'","2019","1","28020019'","  "," souffre sublim? ? usage autre qu'agricole","28'","Inorganic chemicals; organic or inorganic compounds of precious metals, of rare- earth metals, of ra","2802'","Sulphur, sublimed or precipitated; colloidal sulphur.","280200'"," Sulphur, sublimed or precipitated; colloidal sulphur.","8","1","R","0","0","","","","0","0","0","0","0","0"
"1071","","HS 2007","Harmonized System 2007","Gabon","266'","2019","1","28020020'","  "," soufre p?cipit? et soufre collo?dal","28'","Inorganic chemicals; organic or inorganic compounds of precious metals, of rare- earth metals, of ra","2802'","Sulphur, sublimed or precipitated; colloidal sulphur.","280200'"," Sulphur, sublimed or precipitated; colloidal sulphur.","8","1","R","0","0","","","","0","0","0","0","0","0"
"1072","","HS 2007","Harmonized System 2007","Gabon","266'","2019","1","28030000'","  "," Carbone (noirs de carbone et autres formes de carbone non d?nomm?es ni comprises ailleurs).","28'","Inorganic chemicals; organic or inorganic compounds of precious metals, of rare- earth metals, of ra","2803'","Carbon (carbon blacks and other forms of carbon not elsewhere specified or included).","280300'"," Carbon (carbon blacks and other forms of carbon not elsewhere specified or included).","8","1","R","0","0","","","","0","0","0","0","0","0"
"1073","","HS 2007","Harmonized System 2007","Gabon","266'","2019","1","28041000'","  "," - Hydrog?ne","28'","Inorganic chemicals; organic or inorganic compounds of precious metals, of rare- earth metals, of ra","2804'","Hydrogen, rare gases and other non-metals.","280410'"," - Hydrogen","8","1","R","0","0","","","","0","0","0","0","0","0"
"1074","","HS 2007","Harmonized System 2007","Gabon","266'","2019","1","28042100'","  "," -- Argon","28'","Inorganic chemicals; organic or inorganic compounds of precious metals, of rare- earth metals, of ra","2804'","Hydrogen, rare gases and other non-metals.","280421'"," -- Argon","8","1","R","0","0","","","","0","0","0","0","0","0"
"1075","","HS 2007","Harmonized System 2007","Gabon","266'","2019","1","28042900'","  "," -- Autres","28'","Inorganic chemicals; organic or inorganic compounds of precious metals, of rare- earth metals, of ra","2804'","Hydrogen, rare gases and other non-metals.","280429'"," -- Other","8","1","R","0","0","","","","0","0","0","0","0","0"
"1076","","HS 2007","Harmonized System 2007","Gabon","266'","2019","1","28043000'","  "," - Azote","28'","Inorganic chemicals; organic or inorganic compounds of precious metals, of rare- earth metals, of ra","2804'","Hydrogen, rare gases and other non-metals.","280430'"," - Nitrogen","8","1","R","0","0","","","","0","0","0","0","0","0"
"1077","","HS 2007","Harmonized System 2007","Gabon","266'","2019","1","28044000'","  "," - Oxyg?ne","28'","Inorganic chemicals; organic or inorganic compounds of precious metals, of rare- earth metals, of ra","2804'","Hydrogen, rare gases and other non-metals.","280440'"," - Oxygen","8","1","R","0","0","","","","0","0","0","0","0","0"
"1078","","HS 2007","Harmonized System 2007","Gabon","266'","2019","1","28045000'","  "," - Bore; tellure","28'","Inorganic chemicals; organic or inorganic compounds of precious metals, of rare- earth metals, of ra","2804'","Hydrogen, rare gases and other non-metals.","280450'"," - Boron; tellurium","8","1","R","0","0","","","","0","0","0","0","0","0"
"1079","","HS 2007","Harmonized System 2007","Gabon","266'","2019","1","28046100'","  "," -- Contenant en poids au moins 99,99 % de silicium","28'","Inorganic chemicals; organic or inorganic compounds of precious metals, of rare- earth metals, of ra","2804'","Hydrogen, rare gases and other non-metals.","280461'"," -- Containing by weight not less than 99.99% of silicon","8","1","R","0","0","","","","0","0","0","0","0","0"
"1080","","HS 2007","Harmonized System 2007","Gabon","266'","2019","1","28046900'","  "," -- Autre","28'","Inorganic chemicals; organic or inorganic compounds of precious metals, of rare- earth metals, of ra","2804'","Hydrogen, rare gases and other non-metals.","280469'"," -- Other","8","1","R","0","0","","","","0","0","0","0","0","0"
"1081","","HS 2007","Harmonized System 2007","Gabon","266'","2019","1","28047000'","  "," - Phosphore","28'","Inorganic chemicals; organic or inorganic compounds of precious metals, of rare- earth metals, of ra","2804'","Hydrogen, rare gases and other non-metals.","280470'"," - Phosphorus","8","1","R","0","0","","","","0","0","0","0","0","0"
"1082","","HS 2007","Harmonized System 2007","Gabon","266'","2019","1","28048000'","  "," - Arsenic","28'","Inorganic chemicals; organic or inorganic compounds of precious metals, of rare- earth metals, of ra","2804'","Hydrogen, rare gases and other non-metals.","280480'"," - Arsenic","8","1","R","0","0","","","","0","0","0","0","0","0"
"1083","","HS 2007","Harmonized System 2007","Gabon","266'","2019","1","28049000'","  "," - S?l?nium","28'","Inorganic chemicals; organic or inorganic compounds of precious metals, of rare- earth metals, of ra","2804'","Hydrogen, rare gases and other non-metals.","280490'"," - Selenium","8","1","R","0","0","","","","0","0","0","0","0","0"
"1084","","HS 2007","Harmonized System 2007","Gabon","266'","2019","1","28051100'","  "," -- Sodium","28'","Inorganic chemicals; organic or inorganic compounds of precious metals, of rare- earth metals, of ra","2805'","Alkali or alkaline-earth metals; rare-earth metals, scandium and yttrium, whether or not intermixed ","280511'"," -- Sodium","8","1","R","0","0","","","","0","0","0","0","0","0"
"1085","","HS 2007","Harmonized System 2007","Gabon","266'","2019","1","28051200'","  "," -- Calcium","28'","Inorganic chemicals; organic or inorganic compounds of precious metals, of rare- earth metals, of ra","2805'","Alkali or alkaline-earth metals; rare-earth metals, scandium and yttrium, whether or not intermixed ","280512'"," -- Calcium","8","1","R","0","0","","","","0","0","0","0","0","0"
"1086","","HS 2007","Harmonized System 2007","Gabon","266'","2019","1","28051900'","  "," -- Autres","28'","Inorganic chemicals; organic or inorganic compounds of precious metals, of rare- earth metals, of ra","2805'","Alkali or alkaline-earth metals; rare-earth metals, scandium and yttrium, whether or not intermixed ","280519'"," -- Other","8","1","R","0","0","","","","0","0","0","0","0","0"
"1087","","HS 2007","Harmonized System 2007","Gabon","266'","2019","1","28053000'","  "," - M?taux de terres rares, scandium et yttrium, m?me m?lang?s ou alli?s entre eux","28'","Inorganic chemicals; organic or inorganic compounds of precious metals, of rare- earth metals, of ra","2805'","Alkali or alkaline-earth metals; rare-earth metals, scandium and yttrium, whether or not intermixed ","280530'"," - Rare-earth metals, scandium and yttrium, whether or not intermixed or interalloyed","8","1","R","0","0","","","","0","0","0","0","0","0"
"1088","","HS 2007","Harmonized System 2007","Gabon","266'","2019","1","28054000'","  "," - Mercure","28'","Inorganic chemicals; organic or inorganic compounds of precious metals, of rare- earth metals, of ra","2805'","Alkali or alkaline-earth metals; rare-earth metals, scandium and yttrium, whether or not intermixed ","280540'"," - Mercury","8","1","R","0","0","","","","0","0","0","0","0","0"
"1089","","HS 2007","Harmonized System 2007","Gabon","266'","2019","1","28061000'","  "," - Chlorure d'hydrog?ne (acide chlorhydrique)","28'","Inorganic chemicals; organic or inorganic compounds of precious metals, of rare- earth metals, of ra","2806'","Hydrogen chloride (hydrochloric acid); chlorosulphuric acid.","280610'"," - Hydrogen chloride (hydrochloric acid)","8","1","R","0","0","","","","0","0","0","0","0","0"
"1090","","HS 2007","Harmonized System 2007","Gabon","266'","2019","1","28062000'","  "," - Acide chlorosulfurique","28'","Inorganic chemicals; organic or inorganic compounds of precious metals, of rare- earth metals, of ra","2806'","Hydrogen chloride (hydrochloric acid); chlorosulphuric acid.","280620'"," - Chlorosulphuric acid","8","1","R","0","0","","","","0","0","0","0","0","0"
"1091","","HS 2007","Harmonized System 2007","Gabon","266'","2019","1","28070000'","  "," Acide sulfurique; ol?um.","28'","Inorganic chemicals; organic or inorganic compounds of precious metals, of rare- earth metals, of ra","2807'","Sulphuric acid; oleum.","280700'"," Sulphuric acid; oleum.","8","1","R","0","0","","","","0","0","0","0","0","0"
"1092","","HS 2007","Harmonized System 2007","Gabon","266'","2019","1","28080000'","  "," Acide nitrique; acides sulfonitriques.","28'","Inorganic chemicals; organic or inorganic compounds of precious metals, of rare- earth metals, of ra","2808'","Nitric acid; sulphonitric acids.","280800'"," Nitric acid; sulphonitric acids.","8","1","R","0","0","","","","0","0","0","0","0","0"
"1093","","HS 2007","Harmonized System 2007","Gabon","266'","2019","1","28091000'","  "," - Pentaoxyde de diphosphore","28'","Inorganic chemicals; organic or inorganic compounds of precious metals, of rare- earth metals, of ra","2809'","Diphosphorus pentaoxide; phosphoric acid; polyphosphoric acids, whether or not chemically defined.","280910'"," - Diphosphorus pentaoxide","8","1","R","0","0","","","","0","0","0","0","0","0"
"1094","","HS 2007","Harmonized System 2007","Gabon","266'","2019","1","28092000'","  "," - Acide phosphorique et acides polyphosphoriques","28'","Inorganic chemicals; organic or inorganic compounds of precious metals, of rare- earth metals, of ra","2809'","Diphosphorus pentaoxide; phosphoric acid; polyphosphoric acids, whether or not chemically defined.","280920'"," - Phosphoric acid and polyphosphoric acids","8","1","R","0","0","","","","0","0","0","0","0","0"
"1095","","HS 2007","Harmonized System 2007","Gabon","266'","2019","1","28100000'","  "," Oxydes de bore; acides boriques.","28'","Inorganic chemicals; organic or inorganic compounds of precious metals, of rare- earth metals, of ra","2810'","Oxides of boron; boric acids.","281000'"," Oxides of boron; boric acids.","8","1","R","0","0","","","","0","0","0","0","0","0"
"1096","","HS 2007","Harmonized System 2007","Gabon","266'","2019","1","28111100'","  "," -- Fluorure d'hydrog?ne (acide fluorhydrique)","28'","Inorganic chemicals; organic or inorganic compounds of precious metals, of rare- earth metals, of ra","2811'","Other inorganic acids and other inorganic oxygen compounds of non-metals.","281111'"," -- Hydrogen fluoride (hydrofluoric acid)","8","1","R","0","0","","","","0","0","0","0","0","0"
"1097","","HS 2007","Harmonized System 2007","Gabon","266'","2019","1","28111900'","  "," -- Autres","28'","Inorganic chemicals; organic or inorganic compounds of precious metals, of rare- earth metals, of ra","2811'","Other inorganic acids and other inorganic oxygen compounds of non-metals.","281119'"," -- Other","8","1","R","0","0","","","","0","0","0","0","0","0"
"1098","","HS 2007","Harmonized System 2007","Gabon","266'","2019","1","28112100'","  "," -- Dioxyde de carbone","28'","Inorganic chemicals; organic or inorganic compounds of precious metals, of rare- earth metals, of ra","2811'","Other inorganic acids and other inorganic oxygen compounds of non-metals.","281121'"," -- Carbon dioxide","8","1","R","0","0","","","","0","0","0","0","0","0"
"1099","","HS 2007","Harmonized System 2007","Gabon","266'","2019","1","28112200'","  "," -- Dioxyde de silicium","28'","Inorganic chemicals; organic or inorganic compounds of precious metals, of rare- earth metals, of ra","2811'","Other inorganic acids and other inorganic oxygen compounds of non-metals.","281122'"," -- Silicon dioxide","8","1","R","0","0","","","","0","0","0","0","0","0"
"1100","","HS 2007","Harmonized System 2007","Gabon","266'","2019","1","28112900'","  "," -- Autres","28'","Inorganic chemicals; organic or inorganic compounds of precious metals, of rare- earth metals, of ra","2811'","Other inorganic acids and other inorganic oxygen compounds of non-metals.","281129'"," -- Other","8","1","R","0","0","","","","0","0","0","0","0","0"
"1101","","HS 2007","Harmonized System 2007","Gabon","266'","2019","1","28121000'","  "," - Chlorures et oxychlorures","28'","Inorganic chemicals; organic or inorganic compounds of precious metals, of rare- earth metals, of ra","2812'","Halides and halide oxides of non-metals.","281210'"," - Chlorides and chloride oxides","8","1","R","0","0","","","","0","0","0","0","0","0"
"1102","","HS 2007","Harmonized System 2007","Gabon","266'","2019","1","28129000'","  "," - Autres","28'","Inorganic chemicals; organic or inorganic compounds of precious metals, of rare- earth metals, of ra","2812'","Halides and halide oxides of non-metals.","281290'"," - Other","8","1","R","0","0","","","","0","0","0","0","0","0"
"1103","","HS 2007","Harmonized System 2007","Gabon","266'","2019","1","28131000'","  "," - Disulfure de carbone","28'","Inorganic chemicals; organic or inorganic compounds of precious metals, of rare- earth metals, of ra","2813'","Sulphides of non-metals; commercial phosphorus trisulphide.","281310'"," - Carbon disulphide","8","1","R","0","0","","","","0","0","0","0","0","0"
"1104","","HS 2007","Harmonized System 2007","Gabon","266'","2019","1","28139000'","  "," - Autres","28'","Inorganic chemicals; organic or inorganic compounds of precious metals, of rare- earth metals, of ra","2813'","Sulphides of non-metals; commercial phosphorus trisulphide.","281390'"," - Other","8","1","R","0","0","","","","0","0","0","0","0","0"
"1105","","HS 2007","Harmonized System 2007","Gabon","266'","2019","1","28141000'","  "," - Ammoniac anhydre","28'","Inorganic chemicals; organic or inorganic compounds of precious metals, of rare- earth metals, of ra","2814'","Ammonia, anhydrous or in aqueous solution.","281410'"," - Anhydrous ammonia","8","1","R","0","0","","","","0","0","0","0","0","0"
"1106","","HS 2007","Harmonized System 2007","Gabon","266'","2019","1","28142000'","  "," - Ammoniac en solution aqueuse (ammoniaque)","28'","Inorganic chemicals; organic or inorganic compounds of precious metals, of rare- earth metals, of ra","2814'","Ammonia, anhydrous or in aqueous solution.","281420'"," - Ammonia in aqueous solution","8","1","R","0","0","","","","0","0","0","0","0","0"
"1107","","HS 2007","Harmonized System 2007","Gabon","266'","2019","1","28151100'","  "," -- Solide","28'","Inorganic chemicals; organic or inorganic compounds of precious metals, of rare- earth metals, of ra","2815'","Sodium hydroxide (caustic soda); potassium hydroxide (caustic potash); peroxides of sodium or potass","281511'"," -- Solid","8","1","R","0","0","","","","0","0","0","0","0","0"
"1108","","HS 2007","Harmonized System 2007","Gabon","266'","2019","1","28151200'","  "," -- En solution aqueuse (lessive de soude caustique)","28'","Inorganic chemicals; organic or inorganic compounds of precious metals, of rare- earth metals, of ra","2815'","Sodium hydroxide (caustic soda); potassium hydroxide (caustic potash); peroxides of sodium or potass","281512'"," -- In aqueous solution (soda lye or liquid soda)","8","1","R","0","0","","","","0","0","0","0","0","0"
"1109","","HS 2007","Harmonized System 2007","Gabon","266'","2019","1","28152000'","  "," - Hydroxyde de potassium (potasse caustique)","28'","Inorganic chemicals; organic or inorganic compounds of precious metals, of rare- earth metals, of ra","2815'","Sodium hydroxide (caustic soda); potassium hydroxide (caustic potash); peroxides of sodium or potass","281520'"," - Potassium hydroxide (caustic potash)","8","1","R","0","0","","","","0","0","0","0","0","0"
"1110","","HS 2007","Harmonized System 2007","Gabon","266'","2019","1","28153000'","  "," - Peroxydes de sodium ou de potassium","28'","Inorganic chemicals; organic or inorganic compounds of precious metals, of rare- earth metals, of ra","2815'","Sodium hydroxide (caustic soda); potassium hydroxide (caustic potash); peroxides of sodium or potass","281530'"," - Peroxides of sodium or potassium","8","1","R","0","0","","","","0","0","0","0","0","0"
"1111","","HS 2007","Harmonized System 2007","Gabon","266'","2019","1","28161000'","  "," - Hydroxyde et peroxyde de magn?sium","28'","Inorganic chemicals; organic or inorganic compounds of precious metals, of rare- earth metals, of ra","2816'","Hydroxide and peroxide of magnesium; oxides, hydroxides and peroxides, of strontium or barium.","281610'"," - Hydroxide and peroxide of magnesium","8","1","R","0","0","","","","0","0","0","0","0","0"
"1112","","HS 2007","Harmonized System 2007","Gabon","266'","2019","1","28164000'","  "," - Oxydes, hydroxydes et peroxydes, de strontium ou de baryum","28'","Inorganic chemicals; organic or inorganic compounds of precious metals, of rare- earth metals, of ra","2816'","Hydroxide and peroxide of magnesium; oxides, hydroxides and peroxides, of strontium or barium.","281640'"," - Oxides, hydroxides and peroxides, of strontium or barium","8","1","R","0","0","","","","0","0","0","0","0","0"
"1113","","HS 2007","Harmonized System 2007","Gabon","266'","2019","1","28170000'","  "," Oxyde de zinc; peroxyde de zinc.","28'","Inorganic chemicals; organic or inorganic compounds of precious metals, of rare- earth metals, of ra","2817'","Zinc oxide; zinc peroxide.","281700'"," Zinc oxide; zinc peroxide.","8","1","R","0","0","","","","0","0","0","0","0","0"
"1114","","HS 2007","Harmonized System 2007","Gabon","266'","2019","1","28181000'","  "," - Corindon artificiel, chimiquement d?fini ou non","28'","Inorganic chemicals; organic or inorganic compounds of precious metals, of rare- earth metals, of ra","2818'","Artificial corundum, whether or not chemically defined; aluminium oxide; aluminium hydroxide.","281810'"," - Artificial corundum, whether or not chemically defined","8","1","R","0","0","","","","0","0","0","0","0","0"
"1115","","HS 2007","Harmonized System 2007","Gabon","266'","2019","1","28182000'","  "," - Oxyde d'aluminium autre que le corindon artificiel","28'","Inorganic chemicals; organic or inorganic compounds of precious metals, of rare- earth metals, of ra","2818'","Artificial corundum, whether or not chemically defined; aluminium oxide; aluminium hydroxide.","281820'"," - Aluminium oxide, other than artificial corundum","8","1","R","0","0","","","","0","0","0","0","0","0"
"1116","","HS 2007","Harmonized System 2007","Gabon","266'","2019","1","28183000'","  "," - Hydroxyde d'aluminium","28'","Inorganic chemicals; organic or inorganic compounds of precious metals, of rare- earth metals, of ra","2818'","Artificial corundum, whether or not chemically defined; aluminium oxide; aluminium hydroxide.","281830'"," - Aluminium hydroxide","8","1","R","0","0","","","","0","0","0","0","0","0"
"1117","","HS 2007","Harmonized System 2007","Gabon","266'","2019","1","28191000'","  "," - Trioxyde de chrome","28'","Inorganic chemicals; organic or inorganic compounds of precious metals, of rare- earth metals, of ra","2819'","Chromium oxides and hydroxides.","281910'"," - Chromium trioxide","8","1","R","0","0","","","","0","0","0","0","0","0"
"1118","","HS 2007","Harmonized System 2007","Gabon","266'","2019","1","28199000'","  "," - Autres","28'","Inorganic chemicals; organic or inorganic compounds of precious metals, of rare- earth metals, of ra","2819'","Chromium oxides and hydroxides.","281990'"," - Other","8","1","R","0","0","","","","0","0","0","0","0","0"
"1119","","HS 2007","Harmonized System 2007","Gabon","266'","2019","1","28201000'","  "," - Dioxyde de mangan?se","28'","Inorganic chemicals; organic or inorganic compounds of precious metals, of rare- earth metals, of ra","2820'","Manganese oxides.","282010'"," - Manganese dioxide","8","1","R","0","0","","","","0","0","0","0","0","0"
"1120","","HS 2007","Harmonized System 2007","Gabon","266'","2019","1","28209000'","  "," - Autres","28'","Inorganic chemicals; organic or inorganic compounds of precious metals, of rare- earth metals, of ra","2820'","Manganese oxides.","282090'"," - Other","8","1","R","0","0","","","","0","0","0","0","0","0"
"1121","","HS 2007","Harmonized System 2007","Gabon","266'","2019","1","28211000'","  "," - Oxydes et hydroxydes de fer","28'","Inorganic chemicals; organic or inorganic compounds of precious metals, of rare- earth metals, of ra","2821'","Iron oxides and hydroxides; earth colours containing 70% or more by weight of combined iron evaluate","282110'"," - Iron oxides and hydroxides","8","1","R","0","0","","","","0","0","0","0","0","0"
"1122","","HS 2007","Harmonized System 2007","Gabon","266'","2019","1","28212000'","  "," - Terres colorantes","28'","Inorganic chemicals; organic or inorganic compounds of precious metals, of rare- earth metals, of ra","2821'","Iron oxides and hydroxides; earth colours containing 70% or more by weight of combined iron evaluate","282120'"," - Earth colours","8","1","R","0","0","","","","0","0","0","0","0","0"
"1123","","HS 2007","Harmonized System 2007","Gabon","266'","2019","1","28220000'","  "," Oxydes et hydroxydes de cobalt; oxydes de cobalt du commerce.","28'","Inorganic chemicals; organic or inorganic compounds of precious metals, of rare- earth metals, of ra","2822'","Cobalt oxides and hydroxides; commercial cobalt oxides.","282200'"," Cobalt oxides and hydroxides; commercial cobalt oxides.","8","1","R","0","0","","","","0","0","0","0","0","0"
"1124","","HS 2007","Harmonized System 2007","Gabon","266'","2019","1","28230000'","  "," Oxydes de titane.","28'","Inorganic chemicals; organic or inorganic compounds of precious metals, of rare- earth metals, of ra","2823'","Titanium oxides.","282300'"," Titanium oxides.","8","1","R","0","0","","","","0","0","0","0","0","0"
"1125","","HS 2007","Harmonized System 2007","Gabon","266'","2019","1","28241000'","  "," - Monoxyde de plomb (litharge, massicot)","28'","Inorganic chemicals; organic or inorganic compounds of precious metals, of rare- earth metals, of ra","2824'","Lead oxides; red lead and orange lead.","282410'"," - Lead monoxide (litharge, massicot)","8","1","R","0","0","","","","0","0","0","0","0","0"
"1126","","HS 2007","Harmonized System 2007","Gabon","266'","2019","1","28249000'","  "," - Autres","28'","Inorganic chemicals; organic or inorganic compounds of precious metals, of rare- earth metals, of ra","2824'","Lead oxides; red lead and orange lead.","282490'"," - Other","8","1","R","0","0","","","","0","0","0","0","0","0"
"1127","","HS 2007","Harmonized System 2007","Gabon","266'","2019","1","28251000'","  "," - Hydrazine et hydroxylamine et leurs sels inorganiques","28'","Inorganic chemicals; organic or inorganic compounds of precious metals, of rare- earth metals, of ra","2825'","Hydrazine and hydroxylamine and their inorganic salts; other inorganic bases; other metal oxides, hy","282510'"," - Hydrazine and hydroxylamine and their inorganic salts","8","1","R","0","0","","","","0","0","0","0","0","0"
"1128","","HS 2007","Harmonized System 2007","Gabon","266'","2019","1","28252000'","  "," - Oxyde et hydroxyde de lithium","28'","Inorganic chemicals; organic or inorganic compounds of precious metals, of rare- earth metals, of ra","2825'","Hydrazine and hydroxylamine and their inorganic salts; other inorganic bases; other metal oxides, hy","282520'"," - Lithium oxide and hydroxide","8","1","R","0","0","","","","0","0","0","0","0","0"
"1129","","HS 2007","Harmonized System 2007","Gabon","266'","2019","1","28253000'","  "," - Oxydes et hydroxydes de vanadium","28'","Inorganic chemicals; organic or inorganic compounds of precious metals, of rare- earth metals, of ra","2825'","Hydrazine and hydroxylamine and their inorganic salts; other inorganic bases; other metal oxides, hy","282530'"," - Vanadium oxides and hydroxides","8","1","R","0","0","","","","0","0","0","0","0","0"
"1130","","HS 2007","Harmonized System 2007","Gabon","266'","2019","1","28254000'","  "," - Oxydes et hydroxydes de nickel","28'","Inorganic chemicals; organic or inorganic compounds of precious metals, of rare- earth metals, of ra","2825'","Hydrazine and hydroxylamine and their inorganic salts; other inorganic bases; other metal oxides, hy","282540'"," - Nickel oxides and hydroxides","8","1","R","0","0","","","","0","0","0","0","0","0"
"1131","","HS 2007","Harmonized System 2007","Gabon","266'","2019","1","28255000'","  "," - Oxydes et hydroxydes de cuivre","28'","Inorganic chemicals; organic or inorganic compounds of precious metals, of rare- earth metals, of ra","2825'","Hydrazine and hydroxylamine and their inorganic salts; other inorganic bases; other metal oxides, hy","282550'"," - Copper oxides and hydroxides","8","1","R","0","0","","","","0","0","0","0","0","0"
"1132","","HS 2007","Harmonized System 2007","Gabon","266'","2019","1","28256000'","  "," - Oxydes de germanium et dioxyde de zirconium","28'","Inorganic chemicals; organic or inorganic compounds of precious metals, of rare- earth metals, of ra","2825'","Hydrazine and hydroxylamine and their inorganic salts; other inorganic bases; other metal oxides, hy","282560'"," - Germanium oxides and zirconium dioxide","8","1","R","0","0","","","","0","0","0","0","0","0"
"1133","","HS 2007","Harmonized System 2007","Gabon","266'","2019","1","28257000'","  "," - Oxydes et hydroxydes de molybd?ne","28'","Inorganic chemicals; organic or inorganic compounds of precious metals, of rare- earth metals, of ra","2825'","Hydrazine and hydroxylamine and their inorganic salts; other inorganic bases; other metal oxides, hy","282570'"," - Molybdenum oxides and hydroxides","8","1","R","0","0","","","","0","0","0","0","0","0"
"1134","","HS 2007","Harmonized System 2007","Gabon","266'","2019","1","28258000'","  "," - Oxydes d'antimoine","28'","Inorganic chemicals; organic or inorganic compounds of precious metals, of rare- earth metals, of ra","2825'","Hydrazine and hydroxylamine and their inorganic salts; other inorganic bases; other metal oxides, hy","282580'"," - Antimony oxides","8","1","R","0","0","","","","0","0","0","0","0","0"
"1135","","HS 2007","Harmonized System 2007","Gabon","266'","2019","1","28259000'","  "," - Autres","28'","Inorganic chemicals; organic or inorganic compounds of precious metals, of rare- earth metals, of ra","2825'","Hydrazine and hydroxylamine and their inorganic salts; other inorganic bases; other metal oxides, hy","282590'"," - Other","8","1","R","0","0","","","","0","0","0","0","0","0"
"1136","","HS 2007","Harmonized System 2007","Gabon","266'","2019","1","28261200'","  "," -- D'aluminium","28'","Inorganic chemicals; organic or inorganic compounds of precious metals, of rare- earth metals, of ra","2826'","Fluorides; fluorosilicates, fluoroaluminates and other complex fluorine salts.","282612'"," -- Of aluminium","8","1","R","0","0","","","","0","0","0","0","0","0"
"1137","","HS 2007","Harmonized System 2007","Gabon","266'","2019","1","28261900'","  "," -- Autres","28'","Inorganic chemicals; organic or inorganic compounds of precious metals, of rare- earth metals, of ra","2826'","Fluorides; fluorosilicates, fluoroaluminates and other complex fluorine salts.","282619'"," -- Other","8","1","R","0","0","","","","0","0","0","0","0","0"
"1138","","HS 2007","Harmonized System 2007","Gabon","266'","2019","1","28263000'","  "," - Hexafluoroaluminate de sodium (cryolithe synth?tique)","28'","Inorganic chemicals; organic or inorganic compounds of precious metals, of rare- earth metals, of ra","2826'","Fluorides; fluorosilicates, fluoroaluminates and other complex fluorine salts.","282630'"," - Sodium hexafluoroaluminate (synthetic cryolite)","8","1","R","0","0","","","","0","0","0","0","0","0"
"1139","","HS 2007","Harmonized System 2007","Gabon","266'","2019","1","28269000'","  "," - Autres","28'","Inorganic chemicals; organic or inorganic compounds of precious metals, of rare- earth metals, of ra","2826'","Fluorides; fluorosilicates, fluoroaluminates and other complex fluorine salts.","282690'"," - Other","8","1","R","0","0","","","","0","0","0","0","0","0"
"1140","","HS 2007","Harmonized System 2007","Gabon","266'","2019","1","28271000'","  "," - Chlorure d'ammonium","28'","Inorganic chemicals; organic or inorganic compounds of precious metals, of rare- earth metals, of ra","2827'","Chlorides, chloride oxides and chloride hydroxides; bromides and bromide oxides; iodides and iodide ","282710'"," - Ammonium chloride","8","1","R","0","0","","","","0","0","0","0","0","0"
"1141","","HS 2007","Harmonized System 2007","Gabon","266'","2019","1","28272000'","  "," - Chlorure de calcium","28'","Inorganic chemicals; organic or inorganic compounds of precious metals, of rare- earth metals, of ra","2827'","Chlorides, chloride oxides and chloride hydroxides; bromides and bromide oxides; iodides and iodide ","282720'"," - Calcium chloride","8","1","R","0","0","","","","0","0","0","0","0","0"
"1142","","HS 2007","Harmonized System 2007","Gabon","266'","2019","1","28273100'","  "," -- De magn?sium","28'","Inorganic chemicals; organic or inorganic compounds of precious metals, of rare- earth metals, of ra","2827'","Chlorides, chloride oxides and chloride hydroxides; bromides and bromide oxides; iodides and iodide ","282731'"," -- Of magnesium","8","1","R","0","0","","","","0","0","0","0","0","0"
"1143","","HS 2007","Harmonized System 2007","Gabon","266'","2019","1","28273200'","  "," -- D'aluminium","28'","Inorganic chemicals; organic or inorganic compounds of precious metals, of rare- earth metals, of ra","2827'","Chlorides, chloride oxides and chloride hydroxides; bromides and bromide oxides; iodides and iodide ","282732'"," -- Of aluminium","8","1","R","0","0","","","","0","0","0","0","0","0"
"1144","","HS 2007","Harmonized System 2007","Gabon","266'","2019","1","28273500'","  "," -- De nickel","28'","Inorganic chemicals; organic or inorganic compounds of precious metals, of rare- earth metals, of ra","2827'","Chlorides, chloride oxides and chloride hydroxides; bromides and bromide oxides; iodides and iodide ","282735'"," -- Of nickel","8","1","R","0","0","","","","0","0","0","0","0","0"
"1145","","HS 2007","Harmonized System 2007","Gabon","266'","2019","1","28273900'","  "," -- Autres","28'","Inorganic chemicals; organic or inorganic compounds of precious metals, of rare- earth metals, of ra","2827'","Chlorides, chloride oxides and chloride hydroxides; bromides and bromide oxides; iodides and iodide ","282739'"," -- Other","8","1","R","0","0","","","","0","0","0","0","0","0"
"1146","","HS 2007","Harmonized System 2007","Gabon","266'","2019","1","28274100'","  "," -- De cuivre","28'","Inorganic chemicals; organic or inorganic compounds of precious metals, of rare- earth metals, of ra","2827'","Chlorides, chloride oxides and chloride hydroxides; bromides and bromide oxides; iodides and iodide ","282741'"," -- Of copper","8","1","R","0","0","","","","0","0","0","0","0","0"
"1147","","HS 2007","Harmonized System 2007","Gabon","266'","2019","1","28274900'","  "," -- Autres","28'","Inorganic chemicals; organic or inorganic compounds of precious metals, of rare- earth metals, of ra","2827'","Chlorides, chloride oxides and chloride hydroxides; bromides and bromide oxides; iodides and iodide ","282749'"," -- Other","8","1","R","0","0","","","","0","0","0","0","0","0"
"1148","","HS 2007","Harmonized System 2007","Gabon","266'","2019","1","28275100'","  "," -- Bromures de sodium ou de potassium","28'","Inorganic chemicals; organic or inorganic compounds of precious metals, of rare- earth metals, of ra","2827'","Chlorides, chloride oxides and chloride hydroxides; bromides and bromide oxides; iodides and iodide ","282751'"," -- Bromides of sodium or of potassium","8","1","R","0","0","","","","0","0","0","0","0","0"
"1149","","HS 2007","Harmonized System 2007","Gabon","266'","2019","1","28275900'","  "," -- Autres","28'","Inorganic chemicals; organic or inorganic compounds of precious metals, of rare- earth metals, of ra","2827'","Chlorides, chloride oxides and chloride hydroxides; bromides and bromide oxides; iodides and iodide ","282759'"," -- Other","8","1","R","0","0","","","","0","0","0","0","0","0"
"1150","","HS 2007","Harmonized System 2007","Gabon","266'","2019","1","28276000'","  "," - Iodures et oxyiodures","28'","Inorganic chemicals; organic or inorganic compounds of precious metals, of rare- earth metals, of ra","2827'","Chlorides, chloride oxides and chloride hydroxides; bromides and bromide oxides; iodides and iodide ","282760'"," - Iodides and iodide oxides","8","1","R","0","0","","","","0","0","0","0","0","0"
"1151","","HS 2007","Harmonized System 2007","Gabon","266'","2019","1","28281000'","  "," - Hypochlorite de calcium du commerce et autres hypochlorites de calcium","28'","Inorganic chemicals; organic or inorganic compounds of precious metals, of rare- earth metals, of ra","2828'","Hypochlorites; commercial calcium hypochlorite; chlorites; hypobromites.","282810'"," - Commercial calcium hypochlorite and other calcium hypochlorites","8","1","R","0","0","","","","0","0","0","0","0","0"
"1152","","HS 2007","Harmonized System 2007","Gabon","266'","2019","1","28289010'","  "," hypochlorite de sodium (eau de javel)","28'","Inorganic chemicals; organic or inorganic compounds of precious metals, of rare- earth metals, of ra","2828'","Hypochlorites; commercial calcium hypochlorite; chlorites; hypobromites.","282890'"," - Other","8","1","R","0","0","","","","0","0","0","0","0","0"
"1153","","HS 2007","Harmonized System 2007","Gabon","266'","2019","1","28289020'","  "," hypochlorite de potassium (eau de labarque)","28'","Inorganic chemicals; organic or inorganic compounds of precious metals, of rare- earth metals, of ra","2828'","Hypochlorites; commercial calcium hypochlorite; chlorites; hypobromites.","282890'"," - Other","8","1","R","0","0","","","","0","0","0","0","0","0"
"1154","","HS 2007","Harmonized System 2007","Gabon","266'","2019","1","28289030'","  "," hypobromites","28'","Inorganic chemicals; organic or inorganic compounds of precious metals, of rare- earth metals, of ra","2828'","Hypochlorites; commercial calcium hypochlorite; chlorites; hypobromites.","282890'"," - Other","8","1","R","0","0","","","","0","0","0","0","0","0"
"1155","","HS 2007","Harmonized System 2007","Gabon","266'","2019","1","28289040'","  "," chlorites","28'","Inorganic chemicals; organic or inorganic compounds of precious metals, of rare- earth metals, of ra","2828'","Hypochlorites; commercial calcium hypochlorite; chlorites; hypobromites.","282890'"," - Other","8","1","R","0","0","","","","0","0","0","0","0","0"
"1156","","HS 2007","Harmonized System 2007","Gabon","266'","2019","1","28289090'","  "," produits chimiques du 2828 autres que du 282810 ? 28289040.","28'","Inorganic chemicals; organic or inorganic compounds of precious metals, of rare- earth metals, of ra","2828'","Hypochlorites; commercial calcium hypochlorite; chlorites; hypobromites.","282890'"," - Other","8","1","R","0","0","","","","0","0","0","0","0","0"
"1157","","HS 2007","Harmonized System 2007","Gabon","266'","2019","1","28291100'","  "," -- De sodium","28'","Inorganic chemicals; organic or inorganic compounds of precious metals, of rare- earth metals, of ra","2829'","Chlorates and perchlorates; bromates and perbromates; iodates and periodates.","282911'"," -- Of sodium","8","1","R","0","0","","","","0","0","0","0","0","0"
"1158","","HS 2007","Harmonized System 2007","Gabon","266'","2019","1","28291900'","  "," -- Autres","28'","Inorganic chemicals; organic or inorganic compounds of precious metals, of rare- earth metals, of ra","2829'","Chlorates and perchlorates; bromates and perbromates; iodates and periodates.","282919'"," -- Other","8","1","R","0","0","","","","0","0","0","0","0","0"
"1159","","HS 2007","Harmonized System 2007","Gabon","266'","2019","1","28299000'","  "," - Autres","28'","Inorganic chemicals; organic or inorganic compounds of precious metals, of rare- earth metals, of ra","2829'","Chlorates and perchlorates; bromates and perbromates; iodates and periodates.","282990'"," - Other","8","1","R","0","0","","","","0","0","0","0","0","0"
"1160","","HS 2007","Harmonized System 2007","Gabon","266'","2019","1","28301000'","  "," - Sulfures de sodium","28'","Inorganic chemicals; organic or inorganic compounds of precious metals, of rare- earth metals, of ra","2830'","Sulphides; polysulphides, whether or not chemically defined.","283010'"," - Sodium sulphides","8","1","R","0","0","","","","0","0","0","0","0","0"
"1161","","HS 2007","Harmonized System 2007","Gabon","266'","2019","1","28309000'","  "," - Autres","28'","Inorganic chemicals; organic or inorganic compounds of precious metals, of rare- earth metals, of ra","2830'","Sulphides; polysulphides, whether or not chemically defined.","283090'"," - Other","8","1","R","0","0","","","","0","0","0","0","0","0"
"1162","","HS 2007","Harmonized System 2007","Gabon","266'","2019","1","28311000'","  "," - De sodium","28'","Inorganic chemicals; organic or inorganic compounds of precious metals, of rare- earth metals, of ra","2831'","Dithionites and sulphoxylates.","283110'"," - Of sodium","8","1","R","0","0","","","","0","0","0","0","0","0"
"1163","","HS 2007","Harmonized System 2007","Gabon","266'","2019","1","28319000'","  "," - Autres","28'","Inorganic chemicals; organic or inorganic compounds of precious metals, of rare- earth metals, of ra","2831'","Dithionites and sulphoxylates.","283190'"," - Other","8","1","R","0","0","","","","0","0","0","0","0","0"
"1164","","HS 2007","Harmonized System 2007","Gabon","266'","2019","1","28321000'","  "," - Sulfites de sodium","28'","Inorganic chemicals; organic or inorganic compounds of precious metals, of rare- earth metals, of ra","2832'","Sulphites; thiosulphates.","283210'"," - Sodium sulphites","8","1","R","0","0","","","","0","0","0","0","0","0"
"1165","","HS 2007","Harmonized System 2007","Gabon","266'","2019","1","28322000'","  "," - Autres sulfites","28'","Inorganic chemicals; organic or inorganic compounds of precious metals, of rare- earth metals, of ra","2832'","Sulphites; thiosulphates.","283220'"," - Other sulphites","8","1","R","0","0","","","","0","0","0","0","0","0"
"1166","","HS 2007","Harmonized System 2007","Gabon","266'","2019","1","28323000'","  "," - Thiosulfates","28'","Inorganic chemicals; organic or inorganic compounds of precious metals, of rare- earth metals, of ra","2832'","Sulphites; thiosulphates.","283230'"," - Thiosulphates","8","1","R","0","0","","","","0","0","0","0","0","0"
"1167","","HS 2007","Harmonized System 2007","Gabon","266'","2019","1","28331100'","  "," -- Sulfate de disodium","28'","Inorganic chemicals; organic or inorganic compounds of precious metals, of rare- earth metals, of ra","2833'","Sulphates; alums; peroxosulphates (persulphates).","283311'"," -- Disodium sulphate","8","1","R","0","0","","","","0","0","0","0","0","0"
"1168","","HS 2007","Harmonized System 2007","Gabon","266'","2019","1","28331900'","  "," -- Autres","28'","Inorganic chemicals; organic or inorganic compounds of precious metals, of rare- earth metals, of ra","2833'","Sulphates; alums; peroxosulphates (persulphates).","283319'"," -- Other","8","1","R","0","0","","","","0","0","0","0","0","0"
"1169","","HS 2007","Harmonized System 2007","Gabon","266'","2019","1","28332100'","  "," -- De magn?sium","28'","Inorganic chemicals; organic or inorganic compounds of precious metals, of rare- earth metals, of ra","2833'","Sulphates; alums; peroxosulphates (persulphates).","283321'"," -- Of magnesium","8","1","R","0","0","","","","0","0","0","0","0","0"
"1170","","HS 2007","Harmonized System 2007","Gabon","266'","2019","1","28332200'","  "," -- D'aluminium","28'","Inorganic chemicals; organic or inorganic compounds of precious metals, of rare- earth metals, of ra","2833'","Sulphates; alums; peroxosulphates (persulphates).","283322'"," -- Of aluminium","8","1","R","0","0","","","","0","0","0","0","0","0"
"1171","","HS 2007","Harmonized System 2007","Gabon","266'","2019","1","28332400'","  "," -- De nickel","28'","Inorganic chemicals; organic or inorganic compounds of precious metals, of rare- earth metals, of ra","2833'","Sulphates; alums; peroxosulphates (persulphates).","283324'"," -- Of nickel","8","1","R","0","0","","","","0","0","0","0","0","0"
"1172","","HS 2007","Harmonized System 2007","Gabon","266'","2019","1","28332500'","  "," -- De cuivre","28'","Inorganic chemicals; organic or inorganic compounds of precious metals, of rare- earth metals, of ra","2833'","Sulphates; alums; peroxosulphates (persulphates).","283325'"," -- Of copper","8","1","R","0","0","","","","0","0","0","0","0","0"
"1173","","HS 2007","Harmonized System 2007","Gabon","266'","2019","1","28332700'","  "," -- De baryum","28'","Inorganic chemicals; organic or inorganic compounds of precious metals, of rare- earth metals, of ra","2833'","Sulphates; alums; peroxosulphates (persulphates).","283327'"," -- Of barium","8","1","R","0","0","","","","0","0","0","0","0","0"
"1174","","HS 2007","Harmonized System 2007","Gabon","266'","2019","1","28332900'","  "," -- Autres","28'","Inorganic chemicals; organic or inorganic compounds of precious metals, of rare- earth metals, of ra","2833'","Sulphates; alums; peroxosulphates (persulphates).","283329'"," -- Other","8","1","R","0","0","","","","0","0","0","0","0","0"
"1175","","HS 2007","Harmonized System 2007","Gabon","266'","2019","1","28333000'","  "," - Aluns","28'","Inorganic chemicals; organic or inorganic compounds of precious metals, of rare- earth metals, of ra","2833'","Sulphates; alums; peroxosulphates (persulphates).","283330'"," - Alums","8","1","R","0","0","","","","0","0","0","0","0","0"
"1176","","HS 2007","Harmonized System 2007","Gabon","266'","2019","1","28334000'","  "," - Peroxosulfates (persulfates)","28'","Inorganic chemicals; organic or inorganic compounds of precious metals, of rare- earth metals, of ra","2833'","Sulphates; alums; peroxosulphates (persulphates).","283340'"," - Peroxosulphates (persulphates)","8","1","R","0","0","","","","0","0","0","0","0","0"
"1177","","HS 2007","Harmonized System 2007","Gabon","266'","2019","1","28341000'","  "," - Nitrites","28'","Inorganic chemicals; organic or inorganic compounds of precious metals, of rare- earth metals, of ra","2834'","Nitrites; nitrates.","283410'"," - Nitrites","8","1","R","0","0","","","","0","0","0","0","0","0"
"1178","","HS 2007","Harmonized System 2007","Gabon","266'","2019","1","28342110'","  "," nitrates de potassium ? usage d'engrais","28'","Inorganic chemicals; organic or inorganic compounds of precious metals, of rare- earth metals, of ra","2834'","Nitrites; nitrates.","283421'"," -- Of potassium","8","1","R","0","0","","","","0","0","0","0","0","0"
"1179","","HS 2007","Harmonized System 2007","Gabon","266'","2019","1","28342190'","  "," nitrates de potassium autres que d'engrais","28'","Inorganic chemicals; organic or inorganic compounds of precious metals, of rare- earth metals, of ra","2834'","Nitrites; nitrates.","283421'"," -- Of potassium","8","1","R","0","0","","","","0","0","0","0","0","0"
"1180","","HS 2007","Harmonized System 2007","Gabon","266'","2019","1","28342900'","  "," -- Autres","28'","Inorganic chemicals; organic or inorganic compounds of precious metals, of rare- earth metals, of ra","2834'","Nitrites; nitrates.","283429'"," -- Other","8","1","R","0","0","","","","0","0","0","0","0","0"
"1181","","HS 2007","Harmonized System 2007","Gabon","266'","2019","1","28351000'","  "," - Phosphinates (hypophosphites) et phosphonates (phosphites)","28'","Inorganic chemicals; organic or inorganic compounds of precious metals, of rare- earth metals, of ra","2835'","Phosphinates (hypophosphites), phosphonates (phosphites) and phosphates; polyphosphates, whether or ","283510'"," - Phosphinates (hypophosphites) and phosphonates (phosphites)","8","1","R","0","0","","","","0","0","0","0","0","0"
"1182","","HS 2007","Harmonized System 2007","Gabon","266'","2019","1","28352200'","  "," -- De mono- ou de disodium","28'","Inorganic chemicals; organic or inorganic compounds of precious metals, of rare- earth metals, of ra","2835'","Phosphinates (hypophosphites), phosphonates (phosphites) and phosphates; polyphosphates, whether or ","283522'"," -- Of mono- or disodium","8","1","R","0","0","","","","0","0","0","0","0","0"
"1183","","HS 2007","Harmonized System 2007","Gabon","266'","2019","1","28352410'","  "," phosphates de potassium ? usages d'engrais","28'","Inorganic chemicals; organic or inorganic compounds of precious metals, of rare- earth metals, of ra","2835'","Phosphinates (hypophosphites), phosphonates (phosphites) and phosphates; polyphosphates, whether or ","283524'"," -- Of potassium","8","1","R","0","0","","","","0","0","0","0","0","0"
"1184","","HS 2007","Harmonized System 2007","Gabon","266'","2019","1","28352490'","  "," phosphates de potassium autres qu'? usaged'engrais.","28'","Inorganic chemicals; organic or inorganic compounds of precious metals, of rare- earth metals, of ra","2835'","Phosphinates (hypophosphites), phosphonates (phosphites) and phosphates; polyphosphates, whether or ","283524'"," -- Of potassium","8","1","R","0","0","","","","0","0","0","0","0","0"
"1185","","HS 2007","Harmonized System 2007","Gabon","266'","2019","1","28352500'","  "," -- Hydrog?noorthophosphate de calcium (?phosphate dicalcique?)","28'","Inorganic chemicals; organic or inorganic compounds of precious metals, of rare- earth metals, of ra","2835'","Phosphinates (hypophosphites), phosphonates (phosphites) and phosphates; polyphosphates, whether or ","283525'"," -- Calcium hydrogenorthophosphate (?dicalcium phosphate?)","8","1","R","0","0","","","","0","0","0","0","0","0"
"1186","","HS 2007","Harmonized System 2007","Gabon","266'","2019","1","28352600'","  "," -- Autres phosphates de calcium","28'","Inorganic chemicals; organic or inorganic compounds of precious metals, of rare- earth metals, of ra","2835'","Phosphinates (hypophosphites), phosphonates (phosphites) and phosphates; polyphosphates, whether or ","283526'"," -- Other phosphates of calcium","8","1","R","0","0","","","","0","0","0","0","0","0"
"1187","","HS 2007","Harmonized System 2007","Gabon","266'","2019","1","28352900'","  "," -- Autres","28'","Inorganic chemicals; organic or inorganic compounds of precious metals, of rare- earth metals, of ra","2835'","Phosphinates (hypophosphites), phosphonates (phosphites) and phosphates; polyphosphates, whether or ","283529'"," -- Other","8","1","R","0","0","","","","0","0","0","0","0","0"
"1188","","HS 2007","Harmonized System 2007","Gabon","266'","2019","1","28353100'","  "," -- Triphosphate de sodium (tripolyphosphate de sodium)","28'","Inorganic chemicals; organic or inorganic compounds of precious metals, of rare- earth metals, of ra","2835'","Phosphinates (hypophosphites), phosphonates (phosphites) and phosphates; polyphosphates, whether or ","283531'"," -- Sodium triphosphate (sodium tripolyphosphate)","8","1","R","0","0","","","","0","0","0","0","0","0"
"1189","","HS 2007","Harmonized System 2007","Gabon","266'","2019","1","28353900'","  "," -- Autres","28'","Inorganic chemicals; organic or inorganic compounds of precious metals, of rare- earth metals, of ra","2835'","Phosphinates (hypophosphites), phosphonates (phosphites) and phosphates; polyphosphates, whether or ","283539'"," -- Other","8","1","R","0","0","","","","0","0","0","0","0","0"
"1190","","HS 2007","Harmonized System 2007","Gabon","266'","2019","1","28362000'","  "," - Carbonate de disodium","28'","Inorganic chemicals; organic or inorganic compounds of precious metals, of rare- earth metals, of ra","2836'","Carbonates; peroxocarbonates (percarbonates); commercial ammonium carbonate containing ammonium carb","283620'"," - Disodium carbonate","8","1","R","0","0","","","","0","0","0","0","0","0"
"1191","","HS 2007","Harmonized System 2007","Gabon","266'","2019","1","28363000'","  "," - Hydrog?nocarbonate (bicarbonate) de sodium","28'","Inorganic chemicals; organic or inorganic compounds of precious metals, of rare- earth metals, of ra","2836'","Carbonates; peroxocarbonates (percarbonates); commercial ammonium carbonate containing ammonium carb","283630'"," - Sodium hydrogencarbonate (sodium bicarbonate)","8","1","R","0","0","","","","0","0","0","0","0","0"
"1192","","HS 2007","Harmonized System 2007","Gabon","266'","2019","1","28364000'","  "," - Carbonates de potassium","28'","Inorganic chemicals; organic or inorganic compounds of precious metals, of rare- earth metals, of ra","2836'","Carbonates; peroxocarbonates (percarbonates); commercial ammonium carbonate containing ammonium carb","283640'"," - Potassium carbonates","8","1","R","0","0","","","","0","0","0","0","0","0"
"1193","","HS 2007","Harmonized System 2007","Gabon","266'","2019","1","28365000'","  "," - Carbonate de calcium","28'","Inorganic chemicals; organic or inorganic compounds of precious metals, of rare- earth metals, of ra","2836'","Carbonates; peroxocarbonates (percarbonates); commercial ammonium carbonate containing ammonium carb","283650'"," - Calcium carbonate","8","1","R","0","0","","","","0","0","0","0","0","0"
"1194","","HS 2007","Harmonized System 2007","Gabon","266'","2019","1","28366000'","  "," - Carbonate de baryum","28'","Inorganic chemicals; organic or inorganic compounds of precious metals, of rare- earth metals, of ra","2836'","Carbonates; peroxocarbonates (percarbonates); commercial ammonium carbonate containing ammonium carb","283660'"," - Barium carbonate","8","1","R","0","0","","","","0","0","0","0","0","0"
"1195","","HS 2007","Harmonized System 2007","Gabon","266'","2019","1","28369100'","  "," -- Carbonates de lithium","28'","Inorganic chemicals; organic or inorganic compounds of precious metals, of rare- earth metals, of ra","2836'","Carbonates; peroxocarbonates (percarbonates); commercial ammonium carbonate containing ammonium carb","283691'"," -- Lithium carbonates","8","1","R","0","0","","","","0","0","0","0","0","0"
"1196","","HS 2007","Harmonized System 2007","Gabon","266'","2019","1","28369200'","  "," -- Carbonate de strontium","28'","Inorganic chemicals; organic or inorganic compounds of precious metals, of rare- earth metals, of ra","2836'","Carbonates; peroxocarbonates (percarbonates); commercial ammonium carbonate containing ammonium carb","283692'"," -- Strontium carbonate","8","1","R","0","0","","","","0","0","0","0","0","0"
"1197","","HS 2007","Harmonized System 2007","Gabon","266'","2019","1","28369900'","  "," -- Autres","28'","Inorganic chemicals; organic or inorganic compounds of precious metals, of rare- earth metals, of ra","2836'","Carbonates; peroxocarbonates (percarbonates); commercial ammonium carbonate containing ammonium carb","283699'"," -- Other","8","1","R","0","0","","","","0","0","0","0","0","0"
"1198","","HS 2007","Harmonized System 2007","Gabon","266'","2019","1","28371100'","  "," -- De sodium","28'","Inorganic chemicals; organic or inorganic compounds of precious metals, of rare- earth metals, of ra","2837'","Cyanides, cyanide oxides and complex cyanides.","283711'"," -- Of sodium","8","1","R","0","0","","","","0","0","0","0","0","0"
"1199","","HS 2007","Harmonized System 2007","Gabon","266'","2019","1","28371900'","  "," -- Autres","28'","Inorganic chemicals; organic or inorganic compounds of precious metals, of rare- earth metals, of ra","2837'","Cyanides, cyanide oxides and complex cyanides.","283719'"," -- Other","8","1","R","0","0","","","","0","0","0","0","0","0"
"1200","","HS 2007","Harmonized System 2007","Gabon","266'","2019","1","28372000'","  "," - Cyanures complexes","28'","Inorganic chemicals; organic or inorganic compounds of precious metals, of rare- earth metals, of ra","2837'","Cyanides, cyanide oxides and complex cyanides.","283720'"," - Complex cyanides","8","1","R","0","0","","","","0","0","0","0","0","0"
"1201","","HS 2007","Harmonized System 2007","Gabon","266'","2019","1","28391100'","  "," -- M?tasilicates","28'","Inorganic chemicals; organic or inorganic compounds of precious metals, of rare- earth metals, of ra","2839'","Silicates; commercial alkali metal silicates.","283911'"," -- Sodium metasilicates","8","1","R","0","0","","","","0","0","0","0","0","0"
"1202","","HS 2007","Harmonized System 2007","Gabon","266'","2019","1","28391900'","  "," -- Autres","28'","Inorganic chemicals; organic or inorganic compounds of precious metals, of rare- earth metals, of ra","2839'","Silicates; commercial alkali metal silicates.","283919'"," -- Other","8","1","R","0","0","","","","0","0","0","0","0","0"
"1203","","HS 2007","Harmonized System 2007","Gabon","266'","2019","1","28399000'","  "," - Autres","28'","Inorganic chemicals; organic or inorganic compounds of precious metals, of rare- earth metals, of ra","2839'","Silicates; commercial alkali metal silicates.","283990'"," - Other","8","1","R","0","0","","","","0","0","0","0","0","0"
"1204","","HS 2007","Harmonized System 2007","Gabon","266'","2019","1","28401100'","  "," -- Anhydre","28'","Inorganic chemicals; organic or inorganic compounds of precious metals, of rare- earth metals, of ra","2840'","Borates; peroxoborates (perborates).","284011'"," -- Anhydrous","8","1","R","0","0","","","","0","0","0","0","0","0"
"1205","","HS 2007","Harmonized System 2007","Gabon","266'","2019","1","28401900'","  "," -- Autre","28'","Inorganic chemicals; organic or inorganic compounds of precious metals, of rare- earth metals, of ra","2840'","Borates; peroxoborates (perborates).","284019'"," -- Other","8","1","R","0","0","","","","0","0","0","0","0","0"
"1206","","HS 2007","Harmonized System 2007","Gabon","266'","2019","1","28402000'","  "," - Autres borates","28'","Inorganic chemicals; organic or inorganic compounds of precious metals, of rare- earth metals, of ra","2840'","Borates; peroxoborates (perborates).","284020'"," - Other borates","8","1","R","0","0","","","","0","0","0","0","0","0"
"1207","","HS 2007","Harmonized System 2007","Gabon","266'","2019","1","28403000'","  "," - Peroxoborates (perborates)","28'","Inorganic chemicals; organic or inorganic compounds of precious metals, of rare- earth metals, of ra","2840'","Borates; peroxoborates (perborates).","284030'"," - Peroxoborates (perborates)","8","1","R","0","0","","","","0","0","0","0","0","0"
"1208","","HS 2007","Harmonized System 2007","Gabon","266'","2019","1","28413000'","  "," - Dichromate de sodium","28'","Inorganic chemicals; organic or inorganic compounds of precious metals, of rare- earth metals, of ra","2841'","Salts of oxometallic or peroxometallic acids.","284130'"," - Sodium dichromate","8","1","R","0","0","","","","0","0","0","0","0","0"
"1209","","HS 2007","Harmonized System 2007","Gabon","266'","2019","1","28415000'","  "," - Autres chromates et dichromates; peroxochromates","28'","Inorganic chemicals; organic or inorganic compounds of precious metals, of rare- earth metals, of ra","2841'","Salts of oxometallic or peroxometallic acids.","284150'"," - Other chromates and dichromates; peroxochromates","8","1","R","0","0","","","","0","0","0","0","0","0"
"1210","","HS 2007","Harmonized System 2007","Gabon","266'","2019","1","28416100'","  "," -- Permanganate de potassium","28'","Inorganic chemicals; organic or inorganic compounds of precious metals, of rare- earth metals, of ra","2841'","Salts of oxometallic or peroxometallic acids.","284161'"," -- Potassium permanganate","8","1","R","0","0","","","","0","0","0","0","0","0"
"1211","","HS 2007","Harmonized System 2007","Gabon","266'","2019","1","28416900'","  "," -- Autres","28'","Inorganic chemicals; organic or inorganic compounds of precious metals, of rare- earth metals, of ra","2841'","Salts of oxometallic or peroxometallic acids.","284169'"," -- Other","8","1","R","0","0","","","","0","0","0","0","0","0"
"1212","","HS 2007","Harmonized System 2007","Gabon","266'","2019","1","28417000'","  "," - Molybdates","28'","Inorganic chemicals; organic or inorganic compounds of precious metals, of rare- earth metals, of ra","2841'","Salts of oxometallic or peroxometallic acids.","284170'"," - Molybdates","8","1","R","0","0","","","","0","0","0","0","0","0"
"1213","","HS 2007","Harmonized System 2007","Gabon","266'","2019","1","28418000'","  "," - Tungstates (wolframates)","28'","Inorganic chemicals; organic or inorganic compounds of precious metals, of rare- earth metals, of ra","2841'","Salts of oxometallic or peroxometallic acids.","284180'"," - Tungstates (wolframates)","8","1","R","0","0","","","","0","0","0","0","0","0"
"1214","","HS 2007","Harmonized System 2007","Gabon","266'","2019","1","28419000'","  "," - Autres","28'","Inorganic chemicals; organic or inorganic compounds of precious metals, of rare- earth metals, of ra","2841'","Salts of oxometallic or peroxometallic acids.","284190'"," - Other","8","1","R","0","0","","","","0","0","0","0","0","0"
"1215","","HS 2007","Harmonized System 2007","Gabon","266'","2019","1","28421000'","  "," - Silicates doubles ou complexes, y compris les aluminosilicates de constitution chimique d?finie ou non","28'","Inorganic chemicals; organic or inorganic compounds of precious metals, of rare- earth metals, of ra","2842'","Other salts of inorganic acids or peroxoacids (including aluminosilicates whether or not chemically ","284210'"," - Double or complex silicates, including aluminosilicates whether or not chemically defined","8","1","R","0","0","","","","0","0","0","0","0","0"
"1216","","HS 2007","Harmonized System 2007","Gabon","266'","2019","1","28429010'","  "," ars?nates de plomb pour l'agriculture etl'hoticulture pr?sent?s en f?ts,cont> 1kg","28'","Inorganic chemicals; organic or inorganic compounds of precious metals, of rare- earth metals, of ra","2842'","Other salts of inorganic acids or peroxoacids (including aluminosilicates whether or not chemically ","284290'"," - Other","8","1","R","0","0","","","","0","0","0","0","0","0"
"1217","","HS 2007","Harmonized System 2007","Gabon","266'","2019","1","28429090'","  "," sels de acides ou peroxoacides inorganiques? l'exclusion des azotes ; ars?nates .","28'","Inorganic chemicals; organic or inorganic compounds of precious metals, of rare- earth metals, of ra","2842'","Other salts of inorganic acids or peroxoacids (including aluminosilicates whether or not chemically ","284290'"," - Other","8","1","R","0","0","","","","0","0","0","0","0","0"
"1218","","HS 2007","Harmonized System 2007","Gabon","266'","2019","1","28431000'","  "," - M?taux pr?cieux ? l'?tat collo?dal","28'","Inorganic chemicals; organic or inorganic compounds of precious metals, of rare- earth metals, of ra","2843'","Colloidal precious metals; inorganic or organic compounds of precious metals, whether or not chemica","284310'"," - Colloidal precious metals","8","1","R","0","0","","","","0","0","0","0","0","0"
"1219","","HS 2007","Harmonized System 2007","Gabon","266'","2019","1","28432100'","  "," -- Nitrate d'argent","28'","Inorganic chemicals; organic or inorganic compounds of precious metals, of rare- earth metals, of ra","2843'","Colloidal precious metals; inorganic or organic compounds of precious metals, whether or not chemica","284321'"," -- Silver nitrate","8","1","R","0","0","","","","0","0","0","0","0","0"
"1220","","HS 2007","Harmonized System 2007","Gabon","266'","2019","1","28432900'","  "," -- Autres","28'","Inorganic chemicals; organic or inorganic compounds of precious metals, of rare- earth metals, of ra","2843'","Colloidal precious metals; inorganic or organic compounds of precious metals, whether or not chemica","284329'"," -- Other","8","1","R","0","0","","","","0","0","0","0","0","0"
"1221","","HS 2007","Harmonized System 2007","Gabon","266'","2019","1","28433000'","  "," - Compos?s d'or","28'","Inorganic chemicals; organic or inorganic compounds of precious metals, of rare- earth metals, of ra","2843'","Colloidal precious metals; inorganic or organic compounds of precious metals, whether or not chemica","284330'"," - Gold compounds","8","1","R","0","0","","","","0","0","0","0","0","0"
"1222","","HS 2007","Harmonized System 2007","Gabon","266'","2019","1","28439000'","  "," - Autres compos?s; amalgames","28'","Inorganic chemicals; organic or inorganic compounds of precious metals, of rare- earth metals, of ra","2843'","Colloidal precious metals; inorganic or organic compounds of precious metals, whether or not chemica","284390'"," - Other compounds; amalgams","8","1","R","0","0","","","","0","0","0","0","0","0"
"1223","","HS 2007","Harmonized System 2007","Gabon","266'","2019","1","28441000'","  "," - Uranium naturel et ses compos?s; alliages, dispersions (y compris les cermets), produits c?ramiques et m?langes renfermant de l'uranium naturel ou des compos?s de l'uranium naturel","28'","Inorganic chemicals; organic or inorganic compounds of precious metals, of rare- earth metals, of ra","2844'","Radioactive chemical elements and radioactive isotopes (including the fissile or fertile chemical el","284410'"," - Natural uranium and its compounds; alloys, dispersions (including cermets), ceramic products and m","8","1","R","0","0","","","","0","0","0","0","0","0"
"1224","","HS 2007","Harmonized System 2007","Gabon","266'","2019","1","28442000'","  "," - Uranium enrichi en U 235 et ses compos?s; plutonium et ses compos?s; alliages, dispersions (y compris les cermets), produits c?ramiques et m?langes renfermant de l'uranium enrichi en U 235, du plutonium ou des compos?s de ces produits","28'","Inorganic chemicals; organic or inorganic compounds of precious metals, of rare- earth metals, of ra","2844'","Radioactive chemical elements and radioactive isotopes (including the fissile or fertile chemical el","284420'"," - Uranium enriched in U 235 and its compounds; plutonium and its compounds; alloys, dispersions (inc","8","1","R","0","0","","","","0","0","0","0","0","0"
"1225","","HS 2007","Harmonized System 2007","Gabon","266'","2019","1","28443000'","  "," - Uranium appauvri en U 235 et ses compos?s; thorium et ses compos?s; alliages, dispersions (y compris les cermets), produits c?ramiques et m?langes renfermant de l'uranium appauvri en U 235, du thorium ou des compos?s de ces produits","28'","Inorganic chemicals; organic or inorganic compounds of precious metals, of rare- earth metals, of ra","2844'","Radioactive chemical elements and radioactive isotopes (including the fissile or fertile chemical el","284430'"," - Uranium depleted in U 235 and its compounds; thorium and its compounds; alloys, dispersions (inclu","8","1","R","0","0","","","","0","0","0","0","0","0"
"1226","","HS 2007","Harmonized System 2007","Gabon","266'","2019","1","28444000'","  "," - El?ments et isotopes et compos?s radioactifs autres que ceux des n?s 2844.10, 2844.20 ou 2844.30; alliages, dispersions (y compris les cermets), produits c?ramiques et m?langes renfermant ces ?l?ments, isotopes ou compos?s; r?sidus radioactifs","28'","Inorganic chemicals; organic or inorganic compounds of precious metals, of rare- earth metals, of ra","2844'","Radioactive chemical elements and radioactive isotopes (including the fissile or fertile chemical el","284440'"," - Radioactive elements and isotopes and compounds other than those of subheading 2844.10, 2844.20 or","8","1","R","0","0","","","","0","0","0","0","0","0"
"1227","","HS 2007","Harmonized System 2007","Gabon","266'","2019","1","28445000'","  "," - El?ments combustibles (cartouches) us?s (irradi?s) de r?acteurs nucl?aires","28'","Inorganic chemicals; organic or inorganic compounds of precious metals, of rare- earth metals, of ra","2844'","Radioactive chemical elements and radioactive isotopes (including the fissile or fertile chemical el","284450'"," - Spent (irradiated) fuel elements (cartridges) of nuclear reactors","8","1","R","0","0","","","","0","0","0","0","0","0"
"1228","","HS 2007","Harmonized System 2007","Gabon","266'","2019","1","28451000'","  "," - Eau lourde (oxyde de deut?rium)","28'","Inorganic chemicals; organic or inorganic compounds of precious metals, of rare- earth metals, of ra","2845'","Isotopes other than those of heading 28.44; compounds, inorganic or organic, of such isotopes, wheth","284510'"," - Heavy water (deuterium oxide)","8","1","R","0","0","","","","0","0","0","0","0","0"
"1229","","HS 2007","Harmonized System 2007","Gabon","266'","2019","1","28459000'","  "," - Autres","28'","Inorganic chemicals; organic or inorganic compounds of precious metals, of rare- earth metals, of ra","2845'","Isotopes other than those of heading 28.44; compounds, inorganic or organic, of such isotopes, wheth","284590'"," - Other","8","1","R","0","0","","","","0","0","0","0","0","0"
"1230","","HS 2007","Harmonized System 2007","Gabon","266'","2019","1","28461000'","  "," - Compos?s de c?rium","28'","Inorganic chemicals; organic or inorganic compounds of precious metals, of rare- earth metals, of ra","2846'","Compounds, inorganic or organic, of rare-earth metals, of yttrium or of scandium or of mixtures of t","284610'"," - Cerium compounds","8","1","R","0","0","","","","0","0","0","0","0","0"
"1231","","HS 2007","Harmonized System 2007","Gabon","266'","2019","1","28469000'","  "," - Autres","28'","Inorganic chemicals; organic or inorganic compounds of precious metals, of rare- earth metals, of ra","2846'","Compounds, inorganic or organic, of rare-earth metals, of yttrium or of scandium or of mixtures of t","284690'"," - Other","8","1","R","0","0","","","","0","0","0","0","0","0"
"1232","","HS 2007","Harmonized System 2007","Gabon","266'","2019","1","28470000'","  "," Peroxyde d'hydrog?ne (eau oxyg?n?e) m?me solidifi? avec de l'ur?e.","28'","Inorganic chemicals; organic or inorganic compounds of precious metals, of rare- earth metals, of ra","2847'","Hydrogen peroxide, whether or not solidified with urea.","284700'"," Hydrogen peroxide, whether or not solidified with urea.","8","1","R","0","0","","","","0","0","0","0","0","0"
"1233","","HS 2007","Harmonized System 2007","Gabon","266'","2019","1","28480000'","  "," Phosphures, de constitution chimique d?finie ou non, ? l'exclusion des ferrophosphores.","28'","Inorganic chemicals; organic or inorganic compounds of precious metals, of rare- earth metals, of ra","2848'","Phosphides, whether or not chemically defined, excluding ferrophosphorus.","284800'"," Phosphides, whether or not chemically defined, excluding ferrophosphorus.","8","1","R","0","0","","","","0","0","0","0","0","0"
"1234","","HS 2007","Harmonized System 2007","Gabon","266'","2019","1","28491000'","  "," - De calcium","28'","Inorganic chemicals; organic or inorganic compounds of precious metals, of rare- earth metals, of ra","2849'","Carbides, whether or not chemically defined.","284910'"," - Of calcium","8","1","R","0","0","","","","0","0","0","0","0","0"
"1235","","HS 2007","Harmonized System 2007","Gabon","266'","2019","1","28492000'","  "," - De silicium","28'","Inorganic chemicals; organic or inorganic compounds of precious metals, of rare- earth metals, of ra","2849'","Carbides, whether or not chemically defined.","284920'"," - Of silicon","8","1","R","0","0","","","","0","0","0","0","0","0"
"1236","","HS 2007","Harmonized System 2007","Gabon","266'","2019","1","28499000'","  "," - Autres","28'","Inorganic chemicals; organic or inorganic compounds of precious metals, of rare- earth metals, of ra","2849'","Carbides, whether or not chemically defined.","284990'"," - Other","8","1","R","0","0","","","","0","0","0","0","0","0"
"1237","","HS 2007","Harmonized System 2007","Gabon","266'","2019","1","28500000'","  "," Hydrures, nitrures, azotures, siliciures et borures, de constitution chimique d?finie ou non, autres que les compos?s qui constituent ?galement des carbures du n??28.49.","28'","Inorganic chemicals; organic or inorganic compounds of precious metals, of rare- earth metals, of ra","2850'","Hydrides, nitrides, azides, silicides and borides, whether or not chemically defined, other than com","285000'"," Hydrides, nitrides, azides, silicides and borides, whether or not chemically defined, other than com","8","1","R","0","0","","","","0","0","0","0","0","0"
"1238","","HS 2007","Harmonized System 2007","Gabon","266'","2019","1","28520000'","  "," Compos?s, inorganiques ou organiques, du mercure, ? l'exclusion des amalgames.","28'","Inorganic chemicals; organic or inorganic compounds of precious metals, of rare- earth metals, of ra","2852'","Compounds, inorganic or organic, of mercury, excluding amalgams.","285200'"," Compounds, inorganic or organic, of mercury, excluding amalgams.","8","1","R","0","0","","","","0","0","0","0","0","0"
"1239","","HS 2007","Harmonized System 2007","Gabon","266'","2019","1","28530000'","  "," Autres compos?s inorganiques (y compris les eaux distill?es, de conductibilit? ou de m?me degr? de puret?); air liquide (y compris l'air liquide dont les gaz rares ont ?t? ?limin?s); air comprim?; amalgames autres que de m?taux pr?cieux.","28'","Inorganic chemicals; organic or inorganic compounds of precious metals, of rare- earth metals, of ra","2853'","Other inorganic compounds (including distilled or conductivity water and water of similar purity); l","285300'"," Other inorganic compounds (including distilled or conductivity water and water of similar purity); l","8","1","R","0","0","","","","0","0","0","0","0","0"
"1240","","HS 2007","Harmonized System 2007","Gabon","266'","2019","1","29011000'","  "," - Satur?s","29'","Organic chemicals","2901'","Acyclic hydrocarbons.","290110'"," - Saturated","8","1","R","0","0","","","","0","0","0","0","0","0"
"1241","","HS 2007","Harmonized System 2007","Gabon","266'","2019","1","29012100'","  "," -- Ethyl?ne","29'","Organic chemicals","2901'","Acyclic hydrocarbons.","290121'"," -- Ethylene","8","1","R","0","0","","","","0","0","0","0","0","0"
"1242","","HS 2007","Harmonized System 2007","Gabon","266'","2019","1","29012200'","  "," -- Prop?ne (propyl?ne)","29'","Organic chemicals","2901'","Acyclic hydrocarbons.","290122'"," -- Propene (propylene)","8","1","R","0","0","","","","0","0","0","0","0","0"
"1243","","HS 2007","Harmonized System 2007","Gabon","266'","2019","1","29012300'","  "," -- But?ne (butyl?ne) et ses isom?res","29'","Organic chemicals","2901'","Acyclic hydrocarbons.","290123'"," -- Butene (butylene) and isomers thereof","8","1","R","0","0","","","","0","0","0","0","0","0"
"1244","","HS 2007","Harmonized System 2007","Gabon","266'","2019","1","29012400'","  "," -- Buta-1,3-di?ne et isopr?ne","29'","Organic chemicals","2901'","Acyclic hydrocarbons.","290124'"," -- Buta-1,3-diene and isoprene","8","1","R","0","0","","","","0","0","0","0","0","0"
"1245","","HS 2007","Harmonized System 2007","Gabon","266'","2019","1","29012900'","  "," -- Autres","29'","Organic chemicals","2901'","Acyclic hydrocarbons.","290129'"," -- Other","8","1","R","0","0","","","","0","0","0","0","0","0"
"1246","","HS 2007","Harmonized System 2007","Gabon","266'","2019","1","29021100'","  "," -- Cyclohexane","29'","Organic chemicals","2902'","Cyclic hydrocarbons.","290211'"," -- Cyclohexane","8","1","R","0","0","","","","0","0","0","0","0","0"
"1247","","HS 2007","Harmonized System 2007","Gabon","266'","2019","1","29021900'","  "," -- Autres","29'","Organic chemicals","2902'","Cyclic hydrocarbons.","290219'"," -- Other","8","1","R","0","0","","","","0","0","0","0","0","0"
"1248","","HS 2007","Harmonized System 2007","Gabon","266'","2019","1","29022000'","  "," - Benz?ne","29'","Organic chemicals","2902'","Cyclic hydrocarbons.","290220'"," - Benzene","8","1","R","0","0","","","","0","0","0","0","0","0"
"1249","","HS 2007","Harmonized System 2007","Gabon","266'","2019","1","29023000'","  "," - Tolu?ne","29'","Organic chemicals","2902'","Cyclic hydrocarbons.","290230'"," - Toluene","8","1","R","0","0","","","","0","0","0","0","0","0"
"1250","","HS 2007","Harmonized System 2007","Gabon","266'","2019","1","29024100'","  "," -- o-Xyl?ne","29'","Organic chemicals","2902'","Cyclic hydrocarbons.","290241'"," -- o-Xylene","8","1","R","0","0","","","","0","0","0","0","0","0"
"1251","","HS 2007","Harmonized System 2007","Gabon","266'","2019","1","29024200'","  "," -- m-Xyl?ne","29'","Organic chemicals","2902'","Cyclic hydrocarbons.","290242'"," -- m-Xylene","8","1","R","0","0","","","","0","0","0","0","0","0"
"1252","","HS 2007","Harmonized System 2007","Gabon","266'","2019","1","29024300'","  "," -- p-Xyl?ne","29'","Organic chemicals","2902'","Cyclic hydrocarbons.","290243'"," -- p-Xylene","8","1","R","0","0","","","","0","0","0","0","0","0"
"1253","","HS 2007","Harmonized System 2007","Gabon","266'","2019","1","29024400'","  "," -- Isom?res du xyl?ne en m?lange","29'","Organic chemicals","2902'","Cyclic hydrocarbons.","290244'"," -- Mixed xylene isomers","8","1","R","0","0","","","","0","0","0","0","0","0"
"1254","","HS 2007","Harmonized System 2007","Gabon","266'","2019","1","29025000'","  "," - Styr?ne","29'","Organic chemicals","2902'","Cyclic hydrocarbons.","290250'"," - Styrene","8","1","R","0","0","","","","0","0","0","0","0","0"
"1255","","HS 2007","Harmonized System 2007","Gabon","266'","2019","1","29026000'","  "," - Ethylbenz?ne","29'","Organic chemicals","2902'","Cyclic hydrocarbons.","290260'"," - Ethylbenzene","8","1","R","0","0","","","","0","0","0","0","0","0"
"1256","","HS 2007","Harmonized System 2007","Gabon","266'","2019","1","29027000'","  "," - Cum?ne","29'","Organic chemicals","2902'","Cyclic hydrocarbons.","290270'"," - Cumene","8","1","R","0","0","","","","0","0","0","0","0","0"
"1257","","HS 2007","Harmonized System 2007","Gabon","266'","2019","1","29029000'","  "," - Autres","29'","Organic chemicals","2902'","Cyclic hydrocarbons.","290290'"," - Other","8","1","R","0","0","","","","0","0","0","0","0","0"
"1258","","HS 2007","Harmonized System 2007","Gabon","266'","2019","1","29031100'","  "," -- Chlorom?thane (chlorure de m?thyle) et chloro?thane (chlorure d'?thyle)","29'","Organic chemicals","2903'","Halogenated derivatives of hydrocarbons.","290311'"," -- Chloromethane (methyl chloride) and chloroethane (ethyl chloride)","8","1","R","0","0","","","","0","0","0","0","0","0"
"1259","","HS 2007","Harmonized System 2007","Gabon","266'","2019","1","29031200'","  "," -- Dichlorom?thane (chlorure de m?thyl?ne)","29'","Organic chemicals","2903'","Halogenated derivatives of hydrocarbons.","290312'"," -- Dichloromethane (methylene chloride)","8","1","R","0","0","","","","0","0","0","0","0","0"
"1260","","HS 2007","Harmonized System 2007","Gabon","266'","2019","1","29031300'","  "," -- Chloroforme (trichlorom?thane)","29'","Organic chemicals","2903'","Halogenated derivatives of hydrocarbons.","290313'"," -- Chloroform (trichloromethane)","8","1","R","0","0","","","","0","0","0","0","0","0"
"1261","","HS 2007","Harmonized System 2007","Gabon","266'","2019","1","29031400'","  "," -- T?trachlorure de carbone","29'","Organic chemicals","2903'","Halogenated derivatives of hydrocarbons.","290314'"," -- Carbon tetrachloride","8","1","R","0","0","","","","0","0","0","0","0","0"
"1262","","HS 2007","Harmonized System 2007","Gabon","266'","2019","1","29031500'","  "," -- Dichlorure d??thyl?ne (ISO) (1,2-dichloro?thane)","29'","Organic chemicals","2903'","Halogenated derivatives of hydrocarbons.","290315'"," -- Ethylene dichloride (ISO) (1,2-dichloroethane)","8","1","R","0","0","","","","0","0","0","0","0","0"
"1263","","HS 2007","Harmonized System 2007","Gabon","266'","2019","1","29031900'","  "," -- Autres","29'","Organic chemicals","2903'","Halogenated derivatives of hydrocarbons.","290319'"," -- Other","8","1","R","0","0","","","","0","0","0","0","0","0"
"1264","","HS 2007","Harmonized System 2007","Gabon","266'","2019","1","29032100'","  "," -- Chlorure de vinyle (chloro?thyl?ne)","29'","Organic chemicals","2903'","Halogenated derivatives of hydrocarbons.","290321'"," -- Vinyl chloride (chloroethylene)","8","1","R","0","0","","","","0","0","0","0","0","0"
"1265","","HS 2007","Harmonized System 2007","Gabon","266'","2019","1","29032200'","  "," -- Trichloro?thyl?ne","29'","Organic chemicals","2903'","Halogenated derivatives of hydrocarbons.","290322'"," -- Trichloroethylene","8","1","R","0","0","","","","0","0","0","0","0","0"
"1266","","HS 2007","Harmonized System 2007","Gabon","266'","2019","1","29032300'","  "," -- T?trachloro?thyl?ne (perchloro?thyl?ne)","29'","Organic chemicals","2903'","Halogenated derivatives of hydrocarbons.","290323'"," -- Tetrachloroethylene (perchloroethylene)","8","1","R","0","0","","","","0","0","0","0","0","0"
"1267","","HS 2007","Harmonized System 2007","Gabon","266'","2019","1","29032900'","  "," -- Autres","29'","Organic chemicals","2903'","Halogenated derivatives of hydrocarbons.","290329'"," -- Other","8","1","R","0","0","","","","0","0","0","0","0","0"
"1268","","HS 2007","Harmonized System 2007","Gabon","266'","2019","1","29033100'","  "," -- Dibromure d'?thyl?ne (ISO) (1,2-dibromo?thane)","29'","Organic chemicals","2903'","Halogenated derivatives of hydrocarbons.","290331'"," -- Ethylene dibromide (ISO) (1,2-dibromoethane)","8","1","R","0","0","","","","0","0","0","0","0","0"
"1269","","HS 2007","Harmonized System 2007","Gabon","266'","2019","1","29033900'","  "," -- Autres","29'","Organic chemicals","2903'","Halogenated derivatives of hydrocarbons.","290339'"," -- Other","8","1","R","0","0","","","","0","0","0","0","0","0"
"1270","","HS 2007","Harmonized System 2007","Gabon","266'","2019","1","29034100'","  "," -- Trichlorofluorom?thane","29'","Organic chemicals","2903'","Halogenated derivatives of hydrocarbons.","290341'"," -- Trichlorofluoromethane","8","1","R","0","0","","","","0","0","0","0","0","0"
"1271","","HS 2007","Harmonized System 2007","Gabon","266'","2019","1","29034200'","  "," -- Dichlorodifluorom?thane","29'","Organic chemicals","2903'","Halogenated derivatives of hydrocarbons.","290342'"," -- Dichlorodifluoromethane","8","1","R","0","0","","","","0","0","0","0","0","0"
"1272","","HS 2007","Harmonized System 2007","Gabon","266'","2019","1","29034300'","  "," -- Trichlorotrifluoro?thanes","29'","Organic chemicals","2903'","Halogenated derivatives of hydrocarbons.","290343'"," -- Trichlorotrifluoroethanes","8","1","R","0","0","","","","0","0","0","0","0","0"
"1273","","HS 2007","Harmonized System 2007","Gabon","266'","2019","1","29034400'","  "," -- Dichlorot?trafluoro?thanes et chloropentafluoro?thane","29'","Organic chemicals","2903'","Halogenated derivatives of hydrocarbons.","290344'"," -- Dichlorotetrafluoroethanes and chloropentafluoroethane","8","1","R","0","0","","","","0","0","0","0","0","0"
"1274","","HS 2007","Harmonized System 2007","Gabon","266'","2019","1","29034500'","  "," -- Autres d?riv?s perhalog?n?s uniquement avec du fluor et du chlore","29'","Organic chemicals","2903'","Halogenated derivatives of hydrocarbons.","290345'"," -- Other derivatives perhalogenated only with fluorine and chlorine","8","1","R","0","0","","","","0","0","0","0","0","0"
"1275","","HS 2007","Harmonized System 2007","Gabon","266'","2019","1","29034600'","  "," -- Bromochlorodifluorom?thane, bromotrifluorom?thane et dibromot?trafluoro?thanes","29'","Organic chemicals","2903'","Halogenated derivatives of hydrocarbons.","290346'"," -- Bromochlorodifluoromethane, bromotrifluoromethane and dibromotetrafluoroethanes","8","1","R","0","0","","","","0","0","0","0","0","0"
"1276","","HS 2007","Harmonized System 2007","Gabon","266'","2019","1","29034700'","  "," -- Autres d?riv?s perhalog?n?s","29'","Organic chemicals","2903'","Halogenated derivatives of hydrocarbons.","290347'"," -- Other perhalogenated derivatives","8","1","R","0","0","","","","0","0","0","0","0","0"
"1277","","HS 2007","Harmonized System 2007","Gabon","266'","2019","1","29034900'","  "," -- Autres","29'","Organic chemicals","2903'","Halogenated derivatives of hydrocarbons.","290349'"," -- Other","8","1","R","0","0","","","","0","0","0","0","0","0"
"1278","","HS 2007","Harmonized System 2007","Gabon","266'","2019","1","29035100'","  "," -- 1,2,3,4,5,6-Hexachlorocyclohexane (HCH (ISO)), y compris lindane (ISO, DCI)","29'","Organic chemicals","2903'","Halogenated derivatives of hydrocarbons.","290351'"," -- 1,2,3,4,5,6-Hexachlorocyclohexane (HCH (ISO)), including lindane (ISO, INN)","8","1","R","0","0","","","","0","0","0","0","0","0"
"1279","","HS 2007","Harmonized System 2007","Gabon","266'","2019","1","29035200'","  "," -- Aldrine (ISO), chlordane (ISO) et heptachlore (ISO)","29'","Organic chemicals","2903'","Halogenated derivatives of hydrocarbons.","290352'"," -- Aldrin (ISO), chlordane (ISO) and heptachlor (ISO)","8","1","R","0","0","","","","0","0","0","0","0","0"
"1280","","HS 2007","Harmonized System 2007","Gabon","266'","2019","1","29035900'","  "," -- Autres","29'","Organic chemicals","2903'","Halogenated derivatives of hydrocarbons.","290359'"," -- Other","8","1","R","0","0","","","","0","0","0","0","0","0"
"1281","","HS 2007","Harmonized System 2007","Gabon","266'","2019","1","29036100'","  "," -- Chlorobenz?ne, o-dichlorobenz?ne et p-dichlorobenz?ne","29'","Organic chemicals","2903'","Halogenated derivatives of hydrocarbons.","290361'"," -- Chlorobenzene, o-dichlorobenzene and p-dichlorobenzene","8","1","R","0","0","","","","0","0","0","0","0","0"
"1282","","HS 2007","Harmonized System 2007","Gabon","266'","2019","1","29036200'","  "," -- Hexachlorobenz?ne (ISO) et DDT (ISO) (clof?notane (DCI), 1,1,1-trichloro-2,2-bis(p-chloroph?nyl)?thane)","29'","Organic chemicals","2903'","Halogenated derivatives of hydrocarbons.","290362'"," -- Hexachlorobenzene (ISO) and DDT (ISO) (clofenotane (INN), 1,1,1-trichloro-2,2-bis(p-chlorophenyl)","8","1","R","0","0","","","","0","0","0","0","0","0"
"1283","","HS 2007","Harmonized System 2007","Gabon","266'","2019","1","29036900'","  "," -- Autres","29'","Organic chemicals","2903'","Halogenated derivatives of hydrocarbons.","290369'"," -- Other","8","1","R","0","0","","","","0","0","0","0","0","0"
"1284","","HS 2007","Harmonized System 2007","Gabon","266'","2019","1","29041000'","  "," - D?riv?s seulement sulfon?s, leurs sels et leurs esters ?thyliques","29'","Organic chemicals","2904'","Sulphonated, nitrated or nitrosated derivatives of hydrocarbons, whether or not halogenated.","290410'"," - Derivatives containing only sulpho groups, their salts and ethyl esters","8","1","R","0","0","","","","0","0","0","0","0","0"
"1285","","HS 2007","Harmonized System 2007","Gabon","266'","2019","1","29042000'","  "," - D?riv?s seulement nitr?s ou seulement nitros?s","29'","Organic chemicals","2904'","Sulphonated, nitrated or nitrosated derivatives of hydrocarbons, whether or not halogenated.","290420'"," - Derivatives containing only nitro or only nitroso groups","8","1","R","0","0","","","","0","0","0","0","0","0"
"1286","","HS 2007","Harmonized System 2007","Gabon","266'","2019","1","29049000'","  "," - Autres","29'","Organic chemicals","2904'","Sulphonated, nitrated or nitrosated derivatives of hydrocarbons, whether or not halogenated.","290490'"," - Other","8","1","R","0","0","","","","0","0","0","0","0","0"
"1287","","HS 2007","Harmonized System 2007","Gabon","266'","2019","1","29051100'","  "," -- M?thanol (alcool m?thylique)","29'","Organic chemicals","2905'","Acyclic alcohols and their halogenated, sulphonated, nitrated or nitrosated derivatives.","290511'"," -- Methanol (methyl alcohol)","8","1","R","0","0","","","","0","0","0","0","0","0"
"1288","","HS 2007","Harmonized System 2007","Gabon","266'","2019","1","29051200'","  "," -- Propane-1-ol (alcool propylique) et propane-2-ol (alcool isopropylique)","29'","Organic chemicals","2905'","Acyclic alcohols and their halogenated, sulphonated, nitrated or nitrosated derivatives.","290512'"," -- Propan-1-ol (propyl alcohol) and propan-2-ol (isopropyl alcohol)","8","1","R","0","0","","","","0","0","0","0","0","0"
"1289","","HS 2007","Harmonized System 2007","Gabon","266'","2019","1","29051300'","  "," -- Butane-1-ol (alcool n-butylique)","29'","Organic chemicals","2905'","Acyclic alcohols and their halogenated, sulphonated, nitrated or nitrosated derivatives.","290513'"," -- Butan-1-ol (n-butyl alcohol)","8","1","R","0","0","","","","0","0","0","0","0","0"
"1290","","HS 2007","Harmonized System 2007","Gabon","266'","2019","1","29051400'","  "," -- Autres butanols","29'","Organic chemicals","2905'","Acyclic alcohols and their halogenated, sulphonated, nitrated or nitrosated derivatives.","290514'"," -- Other butanols","8","1","R","0","0","","","","0","0","0","0","0","0"
"1291","","HS 2007","Harmonized System 2007","Gabon","266'","2019","1","29051600'","  "," -- Octanol (alcool octylique) et ses isom?res","29'","Organic chemicals","2905'","Acyclic alcohols and their halogenated, sulphonated, nitrated or nitrosated derivatives.","290516'"," -- Octanol (octyl alcohol) and isomers thereof","8","1","R","0","0","","","","0","0","0","0","0","0"
"1292","","HS 2007","Harmonized System 2007","Gabon","266'","2019","1","29051700'","  "," -- Dod?cane-1-ol (alcool laurique), hexad?cane-1-ol (alcool c?tylique) et octad?cane-1-ol (alcool st?arique)","29'","Organic chemicals","2905'","Acyclic alcohols and their halogenated, sulphonated, nitrated or nitrosated derivatives.","290517'"," -- Dodecan-1-ol (lauryl alcohol), hexadecan-1-ol (cetyl alcohol) and octadecan-1-ol (stearyl alcohol","8","1","R","0","0","","","","0","0","0","0","0","0"
"1293","","HS 2007","Harmonized System 2007","Gabon","266'","2019","1","29051900'","  "," -- Autres","29'","Organic chemicals","2905'","Acyclic alcohols and their halogenated, sulphonated, nitrated or nitrosated derivatives.","290519'"," -- Other","8","1","R","0","0","","","","0","0","0","0","0","0"
"1294","","HS 2007","Harmonized System 2007","Gabon","266'","2019","1","29052200'","  "," -- Alcools terp?niques acycliques","29'","Organic chemicals","2905'","Acyclic alcohols and their halogenated, sulphonated, nitrated or nitrosated derivatives.","290522'"," -- Acyclic terpene alcohols","8","1","R","0","0","","","","0","0","0","0","0","0"
"1295","","HS 2007","Harmonized System 2007","Gabon","266'","2019","1","29052900'","  "," -- Autres","29'","Organic chemicals","2905'","Acyclic alcohols and their halogenated, sulphonated, nitrated or nitrosated derivatives.","290529'"," -- Other","8","1","R","0","0","","","","0","0","0","0","0","0"
"1296","","HS 2007","Harmonized System 2007","Gabon","266'","2019","1","29053100'","  "," -- Ethyl?ne glycol (?thanediol)","29'","Organic chemicals","2905'","Acyclic alcohols and their halogenated, sulphonated, nitrated or nitrosated derivatives.","290531'"," -- Ethylene glycol (ethanediol)","8","1","R","0","0","","","","0","0","0","0","0","0"
"1297","","HS 2007","Harmonized System 2007","Gabon","266'","2019","1","29053200'","  "," -- Propyl?ne glycol (propane-1,2-diol)","29'","Organic chemicals","2905'","Acyclic alcohols and their halogenated, sulphonated, nitrated or nitrosated derivatives.","290532'"," -- Propylene glycol (propane-1,2-diol)","8","1","R","0","0","","","","0","0","0","0","0","0"
"1298","","HS 2007","Harmonized System 2007","Gabon","266'","2019","1","29053900'","  "," -- Autres","29'","Organic chemicals","2905'","Acyclic alcohols and their halogenated, sulphonated, nitrated or nitrosated derivatives.","290539'"," -- Other","8","1","R","0","0","","","","0","0","0","0","0","0"
"1299","","HS 2007","Harmonized System 2007","Gabon","266'","2019","1","29054100'","  "," -- 2-Ethyl-2-(hydroxym?thyl)propane-1,3-diol (trim?thylolpropane)","29'","Organic chemicals","2905'","Acyclic alcohols and their halogenated, sulphonated, nitrated or nitrosated derivatives.","290541'"," -- 2-Ethyl-2-(hydroxymethyl)propane-1,3-diol (trimethylolpropane)","8","1","R","0","0","","","","0","0","0","0","0","0"
"1300","","HS 2007","Harmonized System 2007","Gabon","266'","2019","1","29054200'","  "," -- Penta?rythritol (penta?rythrite)","29'","Organic chemicals","2905'","Acyclic alcohols and their halogenated, sulphonated, nitrated or nitrosated derivatives.","290542'"," -- Pentaerythritol","8","1","R","0","0","","","","0","0","0","0","0","0"
"1301","","HS 2007","Harmonized System 2007","Gabon","266'","2019","1","29054300'","  "," -- Mannitol","29'","Organic chemicals","2905'","Acyclic alcohols and their halogenated, sulphonated, nitrated or nitrosated derivatives.","290543'"," -- Mannitol","8","1","R","0","0","","","","0","0","0","0","0","0"
"1302","","HS 2007","Harmonized System 2007","Gabon","266'","2019","1","29054400'","  "," -- D-glucitol (sorbitol)","29'","Organic chemicals","2905'","Acyclic alcohols and their halogenated, sulphonated, nitrated or nitrosated derivatives.","290544'"," -- D-glucitol (sorbitol)","8","1","R","0","0","","","","0","0","0","0","0","0"
"1303","","HS 2007","Harmonized System 2007","Gabon","266'","2019","1","29054500'","  "," -- Glyc?rol","29'","Organic chemicals","2905'","Acyclic alcohols and their halogenated, sulphonated, nitrated or nitrosated derivatives.","290545'"," -- Glycerol","8","1","R","0","0","","","","0","0","0","0","0","0"
"1304","","HS 2007","Harmonized System 2007","Gabon","266'","2019","1","29054900'","  "," -- Autres","29'","Organic chemicals","2905'","Acyclic alcohols and their halogenated, sulphonated, nitrated or nitrosated derivatives.","290549'"," -- Other","8","1","R","0","0","","","","0","0","0","0","0","0"
"1305","","HS 2007","Harmonized System 2007","Gabon","266'","2019","1","29055100'","  "," -- Ethchlorvynol (DCI)","29'","Organic chemicals","2905'","Acyclic alcohols and their halogenated, sulphonated, nitrated or nitrosated derivatives.","290551'"," -- Ethchlorvynol (INN)","8","1","R","0","0","","","","0","0","0","0","0","0"
"1306","","HS 2007","Harmonized System 2007","Gabon","266'","2019","1","29055900'","  "," -- Autres","29'","Organic chemicals","2905'","Acyclic alcohols and their halogenated, sulphonated, nitrated or nitrosated derivatives.","290559'"," -- Other","8","1","R","0","0","","","","0","0","0","0","0","0"
"1307","","HS 2007","Harmonized System 2007","Gabon","266'","2019","1","29061100'","  "," -- Menthol","29'","Organic chemicals","2906'","Cyclic alcohols and their halogenated, sulphonated, nitrated or nitrosated derivatives.","290611'"," -- Menthol","8","1","R","0","0","","","","0","0","0","0","0","0"
"1308","","HS 2007","Harmonized System 2007","Gabon","266'","2019","1","29061200'","  "," -- Cyclohexanol, m?thylcyclohexanols et dim?thylcyclohexanols","29'","Organic chemicals","2906'","Cyclic alcohols and their halogenated, sulphonated, nitrated or nitrosated derivatives.","290612'"," -- Cyclohexanol, methylcyclohexanols and dimethylcyclo-hexanols","8","1","R","0","0","","","","0","0","0","0","0","0"
"1309","","HS 2007","Harmonized System 2007","Gabon","266'","2019","1","29061300'","  "," -- St?rols et inositols","29'","Organic chemicals","2906'","Cyclic alcohols and their halogenated, sulphonated, nitrated or nitrosated derivatives.","290613'"," -- Sterols and inositols","8","1","R","0","0","","","","0","0","0","0","0","0"
"1310","","HS 2007","Harmonized System 2007","Gabon","266'","2019","1","29061900'","  "," -- Autres","29'","Organic chemicals","2906'","Cyclic alcohols and their halogenated, sulphonated, nitrated or nitrosated derivatives.","290619'"," -- Other","8","1","R","0","0","","","","0","0","0","0","0","0"
"1311","","HS 2007","Harmonized System 2007","Gabon","266'","2019","1","29062100'","  "," -- Alcool benzylique","29'","Organic chemicals","2906'","Cyclic alcohols and their halogenated, sulphonated, nitrated or nitrosated derivatives.","290621'"," -- Benzyl alcohol","8","1","R","0","0","","","","0","0","0","0","0","0"
"1312","","HS 2007","Harmonized System 2007","Gabon","266'","2019","1","29062900'","  "," -- Autres","29'","Organic chemicals","2906'","Cyclic alcohols and their halogenated, sulphonated, nitrated or nitrosated derivatives.","290629'"," -- Other","8","1","R","0","0","","","","0","0","0","0","0","0"
"1313","","HS 2007","Harmonized System 2007","Gabon","266'","2019","1","29071100'","  "," -- Ph?nol (hydroxybenz?ne) et ses sels","29'","Organic chemicals","2907'","Phenols; phenol-alcohols.","290711'"," -- Phenol (hydroxybenzene) and its salts","8","1","R","0","0","","","","0","0","0","0","0","0"
"1314","","HS 2007","Harmonized System 2007","Gabon","266'","2019","1","29071200'","  "," -- Cr?sols et leurs sels","29'","Organic chemicals","2907'","Phenols; phenol-alcohols.","290712'"," -- Cresols and their salts","8","1","R","0","0","","","","0","0","0","0","0","0"
"1315","","HS 2007","Harmonized System 2007","Gabon","266'","2019","1","29071300'","  "," -- Octylph?nol, nonylph?nol et leurs isom?res; sels de ces produits","29'","Organic chemicals","2907'","Phenols; phenol-alcohols.","290713'"," -- Octylphenol, nonylphenol and their isomers; salts thereof","8","1","R","0","0","","","","0","0","0","0","0","0"
"1316","","HS 2007","Harmonized System 2007","Gabon","266'","2019","1","29071500'","  "," -- Naphtols et leurs sels","29'","Organic chemicals","2907'","Phenols; phenol-alcohols.","290715'"," -- Naphthols and their salts","8","1","R","0","0","","","","0","0","0","0","0","0"
"1317","","HS 2007","Harmonized System 2007","Gabon","266'","2019","1","29071900'","  "," -- Autres","29'","Organic chemicals","2907'","Phenols; phenol-alcohols.","290719'"," -- Other","8","1","R","0","0","","","","0","0","0","0","0","0"
"1318","","HS 2007","Harmonized System 2007","Gabon","266'","2019","1","29072100'","  "," -- R?sorcinol et ses sels","29'","Organic chemicals","2907'","Phenols; phenol-alcohols.","290721'"," -- Resorcinol and its salts","8","1","R","0","0","","","","0","0","0","0","0","0"
"1319","","HS 2007","Harmonized System 2007","Gabon","266'","2019","1","29072200'","  "," -- Hydroquinone et ses sels","29'","Organic chemicals","2907'","Phenols; phenol-alcohols.","290722'"," -- Hydroquinone (quinol) and its salts","8","1","R","0","0","","","","0","0","0","0","0","0"
"1320","","HS 2007","Harmonized System 2007","Gabon","266'","2019","1","29072300'","  "," -- 4,4'-Isopropylid?nediph?nol (bisph?nol A, diph?nylolpropane) et ses sels","29'","Organic chemicals","2907'","Phenols; phenol-alcohols.","290723'"," -- 4,4'-Isopropylidenediphenol (bisphenol A, diphenylolpropane) and its salts","8","1","R","0","0","","","","0","0","0","0","0","0"
"1321","","HS 2007","Harmonized System 2007","Gabon","266'","2019","1","29072900'","  "," -- Autres","29'","Organic chemicals","2907'","Phenols; phenol-alcohols.","290729'"," -- Other","8","1","R","0","0","","","","0","0","0","0","0","0"
"1322","","HS 2007","Harmonized System 2007","Gabon","266'","2019","1","29081100'","  "," -- Pentachloroph?nol (ISO)","29'","Organic chemicals","2908'","Halogenated, sulphonated, nitrated or nitrosated derivatives of phenols or phenol-alcohols.","290811'"," -- Pentachlorophenol (ISO)","8","1","R","0","0","","","","0","0","0","0","0","0"
"1323","","HS 2007","Harmonized System 2007","Gabon","266'","2019","1","29081900'","  "," -- Autres","29'","Organic chemicals","2908'","Halogenated, sulphonated, nitrated or nitrosated derivatives of phenols or phenol-alcohols.","290819'"," -- Other","8","1","R","0","0","","","","0","0","0","0","0","0"
"1324","","HS 2007","Harmonized System 2007","Gabon","266'","2019","1","29089100'","  "," -- Dinos?be (ISO) et ses sels","29'","Organic chemicals","2908'","Halogenated, sulphonated, nitrated or nitrosated derivatives of phenols or phenol-alcohols.","290891'"," -- Dinoseb (ISO) and its salts","8","1","R","0","0","","","","0","0","0","0","0","0"
"1325","","HS 2007","Harmonized System 2007","Gabon","266'","2019","1","29089900'","  "," -- Autres","29'","Organic chemicals","2908'","Halogenated, sulphonated, nitrated or nitrosated derivatives of phenols or phenol-alcohols.","290899'"," -- Other","8","1","R","0","0","","","","0","0","0","0","0","0"
"1326","","HS 2007","Harmonized System 2007","Gabon","266'","2019","1","29091100'","  "," -- Ether di?thylique (oxyde de di?thyle)","29'","Organic chemicals","2909'","Ethers, ether-alcohols, ether-phenols, ether-alcohol-phenols, alcohol peroxides, ether peroxides, ke","290911'"," -- Diethyl ether","8","1","R","0","0","","","","0","0","0","0","0","0"
"1327","","HS 2007","Harmonized System 2007","Gabon","266'","2019","1","29091900'","  "," -- Autres","29'","Organic chemicals","2909'","Ethers, ether-alcohols, ether-phenols, ether-alcohol-phenols, alcohol peroxides, ether peroxides, ke","290919'"," -- Other","8","1","R","0","0","","","","0","0","0","0","0","0"
"1328","","HS 2007","Harmonized System 2007","Gabon","266'","2019","1","29092000'","  "," - Ethers cyclaniques, cycl?niques, cycloterp?niques et leurs d?riv?s halog?n?s, sulfon?s, nitr?s ou nitros?s","29'","Organic chemicals","2909'","Ethers, ether-alcohols, ether-phenols, ether-alcohol-phenols, alcohol peroxides, ether peroxides, ke","290920'"," - Cyclanic, cyclenic or cycloterpenic ethers and their halogenated, sulphonated, nitrated or nitrosa","8","1","R","0","0","","","","0","0","0","0","0","0"
"1329","","HS 2007","Harmonized System 2007","Gabon","266'","2019","1","29093000'","  "," - Ethers aromatiques et leurs d?riv?s halog?n?s, sulfon?s, nitr?s ou nitros?s","29'","Organic chemicals","2909'","Ethers, ether-alcohols, ether-phenols, ether-alcohol-phenols, alcohol peroxides, ether peroxides, ke","290930'"," - Aromatic ethers and their halogenated, sulphonated, nitrated or nitrosated derivatives","8","1","R","0","0","","","","0","0","0","0","0","0"
"1330","","HS 2007","Harmonized System 2007","Gabon","266'","2019","1","29094100'","  "," -- 2,2'-Oxydi?thanol (di?thyl?ne glycol)","29'","Organic chemicals","2909'","Ethers, ether-alcohols, ether-phenols, ether-alcohol-phenols, alcohol peroxides, ether peroxides, ke","290941'"," -- 2,2'-Oxydiethanol (diethylene glycol, digol)","8","1","R","0","0","","","","0","0","0","0","0","0"
"1331","","HS 2007","Harmonized System 2007","Gabon","266'","2019","1","29094300'","  "," -- Ethers monobutyliques de l'?thyl?ne glycol ou du di?thyl?ne glycol","29'","Organic chemicals","2909'","Ethers, ether-alcohols, ether-phenols, ether-alcohol-phenols, alcohol peroxides, ether peroxides, ke","290943'"," -- Monobutyl ethers of ethylene glycol or of diethylene glycol","8","1","R","0","0","","","","0","0","0","0","0","0"
"1332","","HS 2007","Harmonized System 2007","Gabon","266'","2019","1","29094400'","  "," -- Autres ?thers monoalkyliques de l'?thyl?ne glycol ou du di?thyl?ne glycol","29'","Organic chemicals","2909'","Ethers, ether-alcohols, ether-phenols, ether-alcohol-phenols, alcohol peroxides, ether peroxides, ke","290944'"," -- Other monoalkylethers of ethylene glycol or of diethylene glycol","8","1","R","0","0","","","","0","0","0","0","0","0"
"1333","","HS 2007","Harmonized System 2007","Gabon","266'","2019","1","29094900'","  "," -- Autres","29'","Organic chemicals","2909'","Ethers, ether-alcohols, ether-phenols, ether-alcohol-phenols, alcohol peroxides, ether peroxides, ke","290949'"," -- Other","8","1","R","0","0","","","","0","0","0","0","0","0"
"1334","","HS 2007","Harmonized System 2007","Gabon","266'","2019","1","29095000'","  "," - Ethers-ph?nols, ?thers-alcools-ph?nols et leurs d?riv?s halog?n?s, sulfon?s, nitr?s ou nitros?s","29'","Organic chemicals","2909'","Ethers, ether-alcohols, ether-phenols, ether-alcohol-phenols, alcohol peroxides, ether peroxides, ke","290950'"," - Ether-phenols, ether-alcohol-phenols and their halogenated, sulphonated, nitrated or nitrosated de","8","1","R","0","0","","","","0","0","0","0","0","0"
"1335","","HS 2007","Harmonized System 2007","Gabon","266'","2019","1","29096000'","  "," - Peroxydes d'alcools, peroxydes d'?thers, peroxydes de c?tones, et leurs d?riv?s halog?n?s, sulfon?s, nitr?s ou nitros?s","29'","Organic chemicals","2909'","Ethers, ether-alcohols, ether-phenols, ether-alcohol-phenols, alcohol peroxides, ether peroxides, ke","290960'"," - Alcohol peroxides, ether peroxides, ketone peroxides and their halogenated, sulphonated, nitrated ","8","1","R","0","0","","","","0","0","0","0","0","0"
"1336","","HS 2007","Harmonized System 2007","Gabon","266'","2019","1","29101000'","  "," - Oxiranne (oxyde d'?thyl?ne)","29'","Organic chemicals","2910'","Epoxides, epoxyalcohols, epoxyphenols and epoxyethers, with a three-membered ring, and their halogen","291010'"," - Oxirane (ethylene oxide)","8","1","R","0","0","","","","0","0","0","0","0","0"
"1337","","HS 2007","Harmonized System 2007","Gabon","266'","2019","1","29102000'","  "," - M?thyloxiranne (oxyde de propyl?ne)","29'","Organic chemicals","2910'","Epoxides, epoxyalcohols, epoxyphenols and epoxyethers, with a three-membered ring, and their halogen","291020'"," - Methyloxirane (propylene oxide)","8","1","R","0","0","","","","0","0","0","0","0","0"
"1338","","HS 2007","Harmonized System 2007","Gabon","266'","2019","1","29103000'","  "," - 1-Chloro-2,3-?poxypropane (?pichlorhydrine)","29'","Organic chemicals","2910'","Epoxides, epoxyalcohols, epoxyphenols and epoxyethers, with a three-membered ring, and their halogen","291030'"," - 1-Chloro-2,3-epoxypropane (epichlorohydrin)","8","1","R","0","0","","","","0","0","0","0","0","0"
"1339","","HS 2007","Harmonized System 2007","Gabon","266'","2019","1","29104000'","  "," - Dieldrine (ISO, DCI)","29'","Organic chemicals","2910'","Epoxides, epoxyalcohols, epoxyphenols and epoxyethers, with a three-membered ring, and their halogen","291040'"," - Dieldrin (ISO, INN)","8","1","R","0","0","","","","0","0","0","0","0","0"
"1340","","HS 2007","Harmonized System 2007","Gabon","266'","2019","1","29109000'","  "," - Autres","29'","Organic chemicals","2910'","Epoxides, epoxyalcohols, epoxyphenols and epoxyethers, with a three-membered ring, and their halogen","291090'"," - Other","8","1","R","0","0","","","","0","0","0","0","0","0"
"1341","","HS 2007","Harmonized System 2007","Gabon","266'","2019","1","29110000'","  "," Ac?tals et h?mi-ac?tals, m?me contenant d'autres fonctions oxyg?n?es, et leurs d?riv?s halog?n?s, sulfon?s, nitr?s ou nitros?s.","29'","Organic chemicals","2911'","Acetals and hemiacetals, whether or not with other oxygen function, and their halogenated, sulphonat","291100'"," Acetals and hemiacetals, whether or not with other oxygen function, and their halogenated, sulphonat","8","1","R","0","0","","","","0","0","0","0","0","0"
"1342","","HS 2007","Harmonized System 2007","Gabon","266'","2019","1","29121100'","  "," -- M?thanal (formald?hyde)","29'","Organic chemicals","2912'","Aldehydes, whether or not with other oxygen function; cyclic polymers of aldehydes; paraformaldehyde","291211'"," -- Methanal (formaldehyde)","8","1","R","0","0","","","","0","0","0","0","0","0"
"1343","","HS 2007","Harmonized System 2007","Gabon","266'","2019","1","29121200'","  "," -- Ethanal (ac?tald?hyde)","29'","Organic chemicals","2912'","Aldehydes, whether or not with other oxygen function; cyclic polymers of aldehydes; paraformaldehyde","291212'"," -- Ethanal (acetaldehyde)","8","1","R","0","0","","","","0","0","0","0","0","0"
"1344","","HS 2007","Harmonized System 2007","Gabon","266'","2019","1","29121900'","  "," -- Autres","29'","Organic chemicals","2912'","Aldehydes, whether or not with other oxygen function; cyclic polymers of aldehydes; paraformaldehyde","291219'"," -- Other","8","1","R","0","0","","","","0","0","0","0","0","0"
"1345","","HS 2007","Harmonized System 2007","Gabon","266'","2019","1","29122100'","  "," -- Benzald?hyde (ald?hyde benzo?que)","29'","Organic chemicals","2912'","Aldehydes, whether or not with other oxygen function; cyclic polymers of aldehydes; paraformaldehyde","291221'"," -- Benzaldehyde","8","1","R","0","0","","","","0","0","0","0","0","0"
"1346","","HS 2007","Harmonized System 2007","Gabon","266'","2019","1","29122900'","  "," -- Autres","29'","Organic chemicals","2912'","Aldehydes, whether or not with other oxygen function; cyclic polymers of aldehydes; paraformaldehyde","291229'"," -- Other","8","1","R","0","0","","","","0","0","0","0","0","0"
"1347","","HS 2007","Harmonized System 2007","Gabon","266'","2019","1","29123000'","  "," - Ald?hydes-alcools","29'","Organic chemicals","2912'","Aldehydes, whether or not with other oxygen function; cyclic polymers of aldehydes; paraformaldehyde","291230'"," - Aldehyde-alcohols","8","1","R","0","0","","","","0","0","0","0","0","0"
"1348","","HS 2007","Harmonized System 2007","Gabon","266'","2019","1","29124100'","  "," -- Vanilline (ald?hyde m?thylprotocat?chique)","29'","Organic chemicals","2912'","Aldehydes, whether or not with other oxygen function; cyclic polymers of aldehydes; paraformaldehyde","291241'"," -- Vanillin (4-hydroxy-3-methoxybenzaldehyde)","8","1","R","0","0","","","","0","0","0","0","0","0"
"1349","","HS 2007","Harmonized System 2007","Gabon","266'","2019","1","29124200'","  "," -- Ethylvanilline (ald?hyde ?thylprotocat?chique)","29'","Organic chemicals","2912'","Aldehydes, whether or not with other oxygen function; cyclic polymers of aldehydes; paraformaldehyde","291242'"," -- Ethylvanillin (3-ethoxy-4-hydroxybenzaldehyde)","8","1","R","0","0","","","","0","0","0","0","0","0"
"1350","","HS 2007","Harmonized System 2007","Gabon","266'","2019","1","29124900'","  "," -- Autres","29'","Organic chemicals","2912'","Aldehydes, whether or not with other oxygen function; cyclic polymers of aldehydes; paraformaldehyde","291249'"," -- Other","8","1","R","0","0","","","","0","0","0","0","0","0"
"1351","","HS 2007","Harmonized System 2007","Gabon","266'","2019","1","29125000'","  "," - Polym?res cycliques des ald?hydes","29'","Organic chemicals","2912'","Aldehydes, whether or not with other oxygen function; cyclic polymers of aldehydes; paraformaldehyde","291250'"," - Cyclic polymers of aldehydes","8","1","R","0","0","","","","0","0","0","0","0","0"
"1352","","HS 2007","Harmonized System 2007","Gabon","266'","2019","1","29126000'","  "," - Paraformald?hyde","29'","Organic chemicals","2912'","Aldehydes, whether or not with other oxygen function; cyclic polymers of aldehydes; paraformaldehyde","291260'"," - Paraformaldehyde","8","1","R","0","0","","","","0","0","0","0","0","0"
"1353","","HS 2007","Harmonized System 2007","Gabon","266'","2019","1","29130000'","  "," D?riv?s halog?n?s, sulfon?s, nitr?s ou nitros?s des produits du n? 29.12.","29'","Organic chemicals","2913'","Halogenated, sulphonated, nitrated or nitrosated derivatives of products of heading 29.12.","291300'"," Halogenated, sulphonated, nitrated or nitrosated derivatives of products of heading 29.12.","8","1","R","0","0","","","","0","0","0","0","0","0"
"1354","","HS 2007","Harmonized System 2007","Gabon","266'","2019","1","29141100'","  "," -- Ac?tone","29'","Organic chemicals","2914'","Ketones and quinones, whether or not with other oxygen function, and their halogenated, sulphonated,","291411'"," -- Acetone","8","1","R","0","0","","","","0","0","0","0","0","0"
"1355","","HS 2007","Harmonized System 2007","Gabon","266'","2019","1","29141200'","  "," -- Butanone (m?thyl?thylc?tone)","29'","Organic chemicals","2914'","Ketones and quinones, whether or not with other oxygen function, and their halogenated, sulphonated,","291412'"," -- Butanone (methyl ethyl ketone)","8","1","R","0","0","","","","0","0","0","0","0","0"
"1356","","HS 2007","Harmonized System 2007","Gabon","266'","2019","1","29141300'","  "," -- 4-M?thylpentane-2-one (m?thylisobutylc?tone)","29'","Organic chemicals","2914'","Ketones and quinones, whether or not with other oxygen function, and their halogenated, sulphonated,","291413'"," -- 4-Methylpentan-2-one (methyl isobutyl ketone)","8","1","R","0","0","","","","0","0","0","0","0","0"
"1357","","HS 2007","Harmonized System 2007","Gabon","266'","2019","1","29141900'","  "," -- Autres","29'","Organic chemicals","2914'","Ketones and quinones, whether or not with other oxygen function, and their halogenated, sulphonated,","291419'"," -- Other","8","1","R","0","0","","","","0","0","0","0","0","0"
"1358","","HS 2007","Harmonized System 2007","Gabon","266'","2019","1","29142100'","  "," -- Camphre","29'","Organic chemicals","2914'","Ketones and quinones, whether or not with other oxygen function, and their halogenated, sulphonated,","291421'"," -- Camphor","8","1","R","0","0","","","","0","0","0","0","0","0"
"1359","","HS 2007","Harmonized System 2007","Gabon","266'","2019","1","29142200'","  "," -- Cyclohexanone et m?thylcyclohexanones","29'","Organic chemicals","2914'","Ketones and quinones, whether or not with other oxygen function, and their halogenated, sulphonated,","291422'"," -- Cyclohexanone and methylcyclohexanones","8","1","R","0","0","","","","0","0","0","0","0","0"
"1360","","HS 2007","Harmonized System 2007","Gabon","266'","2019","1","29142300'","  "," -- Ionones et m?thylionones","29'","Organic chemicals","2914'","Ketones and quinones, whether or not with other oxygen function, and their halogenated, sulphonated,","291423'"," -- Ionones and methylionones","8","1","R","0","0","","","","0","0","0","0","0","0"
"1361","","HS 2007","Harmonized System 2007","Gabon","266'","2019","1","29142900'","  "," -- Autres","29'","Organic chemicals","2914'","Ketones and quinones, whether or not with other oxygen function, and their halogenated, sulphonated,","291429'"," -- Other","8","1","R","0","0","","","","0","0","0","0","0","0"
"1362","","HS 2007","Harmonized System 2007","Gabon","266'","2019","1","29143100'","  "," -- Ph?nylac?tone (ph?nylpropane-2-one)","29'","Organic chemicals","2914'","Ketones and quinones, whether or not with other oxygen function, and their halogenated, sulphonated,","291431'"," -- Phenylacetone (phenylpropan-2-one)","8","1","R","0","0","","","","0","0","0","0","0","0"
"1363","","HS 2007","Harmonized System 2007","Gabon","266'","2019","1","29143900'","  "," -- Autres","29'","Organic chemicals","2914'","Ketones and quinones, whether or not with other oxygen function, and their halogenated, sulphonated,","291439'"," -- Other","8","1","R","0","0","","","","0","0","0","0","0","0"
"1364","","HS 2007","Harmonized System 2007","Gabon","266'","2019","1","29144000'","  "," - C?tones-alcools et c?tones-ald?hydes","29'","Organic chemicals","2914'","Ketones and quinones, whether or not with other oxygen function, and their halogenated, sulphonated,","291440'"," - Ketone-alcohols and ketone-aldehydes","8","1","R","0","0","","","","0","0","0","0","0","0"
"1365","","HS 2007","Harmonized System 2007","Gabon","266'","2019","1","29145000'","  "," - C?tones-ph?nols et c?tones contenant d'autres fonctions oxyg?n?es","29'","Organic chemicals","2914'","Ketones and quinones, whether or not with other oxygen function, and their halogenated, sulphonated,","291450'"," - Ketone-phenols and ketones with other oxygen function","8","1","R","0","0","","","","0","0","0","0","0","0"
"1366","","HS 2007","Harmonized System 2007","Gabon","266'","2019","1","29146100'","  "," -- Anthraquinone","29'","Organic chemicals","2914'","Ketones and quinones, whether or not with other oxygen function, and their halogenated, sulphonated,","291461'"," -- Anthraquinone","8","1","R","0","0","","","","0","0","0","0","0","0"
"1367","","HS 2007","Harmonized System 2007","Gabon","266'","2019","1","29146900'","  "," -- Autres","29'","Organic chemicals","2914'","Ketones and quinones, whether or not with other oxygen function, and their halogenated, sulphonated,","291469'"," -- Other","8","1","R","0","0","","","","0","0","0","0","0","0"
"1368","","HS 2007","Harmonized System 2007","Gabon","266'","2019","1","29147000'","  "," - D?riv?s halog?n?s, sulfon?s, nitr?s ou nitros?s","29'","Organic chemicals","2914'","Ketones and quinones, whether or not with other oxygen function, and their halogenated, sulphonated,","291470'"," - Halogenated, sulphonated, nitrated or nitrosated derivatives","8","1","R","0","0","","","","0","0","0","0","0","0"
"1369","","HS 2007","Harmonized System 2007","Gabon","266'","2019","1","29151100'","  "," -- Acide formique","29'","Organic chemicals","2915'","Saturated acyclic monocarboxylic acids and their anhydrides, halides, peroxides and peroxyacids; the","291511'"," -- Formic acid","8","1","R","0","0","","","","0","0","0","0","0","0"
"1370","","HS 2007","Harmonized System 2007","Gabon","266'","2019","1","29151200'","  "," -- Sels de l'acide formique","29'","Organic chemicals","2915'","Saturated acyclic monocarboxylic acids and their anhydrides, halides, peroxides and peroxyacids; the","291512'"," -- Salts of formic acid","8","1","R","0","0","","","","0","0","0","0","0","0"
"1371","","HS 2007","Harmonized System 2007","Gabon","266'","2019","1","29151300'","  "," -- Esters de l'acide formique","29'","Organic chemicals","2915'","Saturated acyclic monocarboxylic acids and their anhydrides, halides, peroxides and peroxyacids; the","291513'"," -- Esters of formic acid","8","1","R","0","0","","","","0","0","0","0","0","0"
"1372","","HS 2007","Harmonized System 2007","Gabon","266'","2019","1","29152100'","  "," -- Acide ac?tique","29'","Organic chemicals","2915'","Saturated acyclic monocarboxylic acids and their anhydrides, halides, peroxides and peroxyacids; the","291521'"," -- Acetic acid","8","1","R","0","0","","","","0","0","0","0","0","0"
"1373","","HS 2007","Harmonized System 2007","Gabon","266'","2019","1","29152400'","  "," -- Anhydride ac?tique","29'","Organic chemicals","2915'","Saturated acyclic monocarboxylic acids and their anhydrides, halides, peroxides and peroxyacids; the","291524'"," -- Acetic anhydride","8","1","R","0","0","","","","0","0","0","0","0","0"
"1374","","HS 2007","Harmonized System 2007","Gabon","266'","2019","1","29152900'","  "," -- Autres","29'","Organic chemicals","2915'","Saturated acyclic monocarboxylic acids and their anhydrides, halides, peroxides and peroxyacids; the","291529'"," -- Other","8","1","R","0","0","","","","0","0","0","0","0","0"
"1375","","HS 2007","Harmonized System 2007","Gabon","266'","2019","1","29153100'","  "," -- Ac?tate d'?thyle","29'","Organic chemicals","2915'","Saturated acyclic monocarboxylic acids and their anhydrides, halides, peroxides and peroxyacids; the","291531'"," -- Ethyl acetate","8","1","R","0","0","","","","0","0","0","0","0","0"
"1376","","HS 2007","Harmonized System 2007","Gabon","266'","2019","1","29153200'","  "," -- Ac?tate de vinyle","29'","Organic chemicals","2915'","Saturated acyclic monocarboxylic acids and their anhydrides, halides, peroxides and peroxyacids; the","291532'"," -- Vinyl acetate","8","1","R","0","0","","","","0","0","0","0","0","0"
"1377","","HS 2007","Harmonized System 2007","Gabon","266'","2019","1","29153300'","  "," -- Ac?tate de n-butyle","29'","Organic chemicals","2915'","Saturated acyclic monocarboxylic acids and their anhydrides, halides, peroxides and peroxyacids; the","291533'"," -- n-butyl acetate","8","1","R","0","0","","","","0","0","0","0","0","0"
"1378","","HS 2007","Harmonized System 2007","Gabon","266'","2019","1","29153600'","  "," -- Ac?tate de dinos?be (ISO)","29'","Organic chemicals","2915'","Saturated acyclic monocarboxylic acids and their anhydrides, halides, peroxides and peroxyacids; the","291536'"," -- Dinoseb (ISO) acetate","8","1","R","0","0","","","","0","0","0","0","0","0"
"1379","","HS 2007","Harmonized System 2007","Gabon","266'","2019","1","29153900'","  "," -- Autres","29'","Organic chemicals","2915'","Saturated acyclic monocarboxylic acids and their anhydrides, halides, peroxides and peroxyacids; the","291539'"," -- Other","8","1","R","0","0","","","","0","0","0","0","0","0"
"1380","","HS 2007","Harmonized System 2007","Gabon","266'","2019","1","29154000'","  "," - Acides mono-, di- ou trichloroac?tiques, leurs sels et leurs esters","29'","Organic chemicals","2915'","Saturated acyclic monocarboxylic acids and their anhydrides, halides, peroxides and peroxyacids; the","291540'"," - Mono-, di- or trichloroacetic acids, their salts and esters","8","1","R","0","0","","","","0","0","0","0","0","0"
"1381","","HS 2007","Harmonized System 2007","Gabon","266'","2019","1","29155000'","  "," - Acide propionique, ses sels et ses esters","29'","Organic chemicals","2915'","Saturated acyclic monocarboxylic acids and their anhydrides, halides, peroxides and peroxyacids; the","291550'"," - Propionic acid, its salts and esters","8","1","R","0","0","","","","0","0","0","0","0","0"
"1382","","HS 2007","Harmonized System 2007","Gabon","266'","2019","1","29156000'","  "," - Acides butano?ques, acides pentano?ques, leurs sels et leurs esters","29'","Organic chemicals","2915'","Saturated acyclic monocarboxylic acids and their anhydrides, halides, peroxides and peroxyacids; the","291560'"," - Butanoic acids, pentanoic acids, their salts and esters","8","1","R","0","0","","","","0","0","0","0","0","0"
"1383","","HS 2007","Harmonized System 2007","Gabon","266'","2019","1","29157000'","  "," - Acide palmitique, acide st?arique, leurs sels et leurs esters","29'","Organic chemicals","2915'","Saturated acyclic monocarboxylic acids and their anhydrides, halides, peroxides and peroxyacids; the","291570'"," - Palmitic acid, stearic acid, their salts and esters","8","1","R","0","0","","","","0","0","0","0","0","0"
"1384","","HS 2007","Harmonized System 2007","Gabon","266'","2019","1","29159000'","  "," - Autres","29'","Organic chemicals","2915'","Saturated acyclic monocarboxylic acids and their anhydrides, halides, peroxides and peroxyacids; the","291590'"," - Other","8","1","R","0","0","","","","0","0","0","0","0","0"
"1385","","HS 2007","Harmonized System 2007","Gabon","266'","2019","1","29161100'","  "," -- Acide acrylique et ses sels","29'","Organic chemicals","2916'","Unsaturated acyclic monocarboxylic acids, cyclic monocarboxylic acids, their anhydrides, halides, pe","291611'"," -- Acrylic acid and its salts","8","1","R","0","0","","","","0","0","0","0","0","0"
"1386","","HS 2007","Harmonized System 2007","Gabon","266'","2019","1","29161200'","  "," -- Esters de l'acide acrylique","29'","Organic chemicals","2916'","Unsaturated acyclic monocarboxylic acids, cyclic monocarboxylic acids, their anhydrides, halides, pe","291612'"," -- Esters of acrylic acid","8","1","R","0","0","","","","0","0","0","0","0","0"
"1387","","HS 2007","Harmonized System 2007","Gabon","266'","2019","1","29161300'","  "," -- Acide m?thacrylique et ses sels","29'","Organic chemicals","2916'","Unsaturated acyclic monocarboxylic acids, cyclic monocarboxylic acids, their anhydrides, halides, pe","291613'"," -- Methacrylic acid and its salts","8","1","R","0","0","","","","0","0","0","0","0","0"
"1388","","HS 2007","Harmonized System 2007","Gabon","266'","2019","1","29161400'","  "," -- Esters de l'acide m?thacrylique","29'","Organic chemicals","2916'","Unsaturated acyclic monocarboxylic acids, cyclic monocarboxylic acids, their anhydrides, halides, pe","291614'"," -- Esters of methacrylic acid","8","1","R","0","0","","","","0","0","0","0","0","0"
"1389","","HS 2007","Harmonized System 2007","Gabon","266'","2019","1","29161500'","  "," -- Acides ol?ique, linol?ique ou linol?nique, leurs sels et leurs esters","29'","Organic chemicals","2916'","Unsaturated acyclic monocarboxylic acids, cyclic monocarboxylic acids, their anhydrides, halides, pe","291615'"," -- Oleic, linoleic or linolenic acids, their salts and esters","8","1","R","0","0","","","","0","0","0","0","0","0"
"1390","","HS 2007","Harmonized System 2007","Gabon","266'","2019","1","29161900'","  "," -- Autres","29'","Organic chemicals","2916'","Unsaturated acyclic monocarboxylic acids, cyclic monocarboxylic acids, their anhydrides, halides, pe","291619'"," -- Other","8","1","R","0","0","","","","0","0","0","0","0","0"
"1391","","HS 2007","Harmonized System 2007","Gabon","266'","2019","1","29162000'","  "," - Acides monocarboxyliques cyclaniques, cycl?niques ou cycloterp?niques, leurs anhydrides, halog?nures, peroxydes, peroxyacides et leurs d?riv?s","29'","Organic chemicals","2916'","Unsaturated acyclic monocarboxylic acids, cyclic monocarboxylic acids, their anhydrides, halides, pe","291620'"," - Cyclanic, cyclenic or cycloterpenic monocarboxylic acids, their anhydrides, halides, peroxides, pe","8","1","R","0","0","","","","0","0","0","0","0","0"
"1392","","HS 2007","Harmonized System 2007","Gabon","266'","2019","1","29163100'","  "," -- Acide benzo?que, ses sels et ses esters","29'","Organic chemicals","2916'","Unsaturated acyclic monocarboxylic acids, cyclic monocarboxylic acids, their anhydrides, halides, pe","291631'"," -- Benzoic acid, its salts and esters","8","1","R","0","0","","","","0","0","0","0","0","0"
"1393","","HS 2007","Harmonized System 2007","Gabon","266'","2019","1","29163200'","  "," -- Peroxyde de benzoyle et chlorure de benzoyle","29'","Organic chemicals","2916'","Unsaturated acyclic monocarboxylic acids, cyclic monocarboxylic acids, their anhydrides, halides, pe","291632'"," -- Benzoyl peroxide and benzoyl chloride","8","1","R","0","0","","","","0","0","0","0","0","0"
"1394","","HS 2007","Harmonized System 2007","Gabon","266'","2019","1","29163400'","  "," -- Acide ph?nylac?tique et ses sels","29'","Organic chemicals","2916'","Unsaturated acyclic monocarboxylic acids, cyclic monocarboxylic acids, their anhydrides, halides, pe","291634'"," -- Phenylacetic acid and its salts","8","1","R","0","0","","","","0","0","0","0","0","0"
"1395","","HS 2007","Harmonized System 2007","Gabon","266'","2019","1","29163500'","  "," -- Esters de l'acide ph?nylac?tique","29'","Organic chemicals","2916'","Unsaturated acyclic monocarboxylic acids, cyclic monocarboxylic acids, their anhydrides, halides, pe","291635'"," -- Esters of phenylacetic acid","8","1","R","0","0","","","","0","0","0","0","0","0"
"1396","","HS 2007","Harmonized System 2007","Gabon","266'","2019","1","29163600'","  "," -- Sous-position ? supprimer, le ""Binapacryl (ISO)"" doit ?tre classifi? dans la sous-position 2916.19 - voir OMD NC1248F1b ? Annexe3 (CSH/40/oct. 2007)","29'","Organic chemicals","2916'","Unsaturated acyclic monocarboxylic acids, cyclic monocarboxylic acids, their anhydrides, halides, pe","291636'"," -- Subheading to be deleted, ""Binapacryl (ISO)"" should be classified in 2916.19 - see WCO NC1248F1b ","8","1","R","0","0","","","","0","0","0","0","0","0"
"1397","","HS 2007","Harmonized System 2007","Gabon","266'","2019","1","29163900'","  "," -- Autres","29'","Organic chemicals","2916'","Unsaturated acyclic monocarboxylic acids, cyclic monocarboxylic acids, their anhydrides, halides, pe","291639'"," -- Other","8","1","R","0","0","","","","0","0","0","0","0","0"
"1398","","HS 2007","Harmonized System 2007","Gabon","266'","2019","1","29171100'","  "," -- Acide oxalique, ses sels et ses esters","29'","Organic chemicals","2917'","Polycarboxylic acids, their anhydrides, halides, peroxides and peroxyacids; their halogenated, sulph","291711'"," -- Oxalic acid, its salts and esters","8","1","R","0","0","","","","0","0","0","0","0","0"
"1399","","HS 2007","Harmonized System 2007","Gabon","266'","2019","1","29171200'","  "," -- Acide adipique, ses sels et ses esters","29'","Organic chemicals","2917'","Polycarboxylic acids, their anhydrides, halides, peroxides and peroxyacids; their halogenated, sulph","291712'"," -- Adipic acid, its salts and esters","8","1","R","0","0","","","","0","0","0","0","0","0"
"1400","","HS 2007","Harmonized System 2007","Gabon","266'","2019","1","29171300'","  "," -- Acide az?la?que, acide s?bacique, leurs sels et leurs esters","29'","Organic chemicals","2917'","Polycarboxylic acids, their anhydrides, halides, peroxides and peroxyacids; their halogenated, sulph","291713'"," -- Azelaic acid, sebacic acid, their salts and esters","8","1","R","0","0","","","","0","0","0","0","0","0"
"1401","","HS 2007","Harmonized System 2007","Gabon","266'","2019","1","29171400'","  "," -- Anhydride mal?ique","29'","Organic chemicals","2917'","Polycarboxylic acids, their anhydrides, halides, peroxides and peroxyacids; their halogenated, sulph","291714'"," -- Maleic anhydride","8","1","R","0","0","","","","0","0","0","0","0","0"
"1402","","HS 2007","Harmonized System 2007","Gabon","266'","2019","1","29171900'","  "," -- Autres","29'","Organic chemicals","2917'","Polycarboxylic acids, their anhydrides, halides, peroxides and peroxyacids; their halogenated, sulph","291719'"," -- Other","8","1","R","0","0","","","","0","0","0","0","0","0"
"1403","","HS 2007","Harmonized System 2007","Gabon","266'","2019","1","29172000'","  "," - Acides polycarboxyliques cyclaniques, cycl?niques ou cycloterp?niques, leurs anhydrides, halog?nures, peroxydes, peroxyacides et leurs d?riv?s","29'","Organic chemicals","2917'","Polycarboxylic acids, their anhydrides, halides, peroxides and peroxyacids; their halogenated, sulph","291720'"," - Cyclanic, cyclenic or cycloterpenic polycarboxylic acids, their anhydrides, halides, peroxides, pe","8","1","R","0","0","","","","0","0","0","0","0","0"
"1404","","HS 2007","Harmonized System 2007","Gabon","266'","2019","1","29173200'","  "," -- Orthophtalates de dioctyle","29'","Organic chemicals","2917'","Polycarboxylic acids, their anhydrides, halides, peroxides and peroxyacids; their halogenated, sulph","291732'"," -- Dioctyl orthophthalates","8","1","R","0","0","","","","0","0","0","0","0","0"
"1405","","HS 2007","Harmonized System 2007","Gabon","266'","2019","1","29173300'","  "," -- Orthophtalates de dinonyle ou de did?cyle","29'","Organic chemicals","2917'","Polycarboxylic acids, their anhydrides, halides, peroxides and peroxyacids; their halogenated, sulph","291733'"," -- Dinonyl or didecyl orthophthalates","8","1","R","0","0","","","","0","0","0","0","0","0"
"1406","","HS 2007","Harmonized System 2007","Gabon","266'","2019","1","29173400'","  "," -- Autres esters de l'acide orthophtalique","29'","Organic chemicals","2917'","Polycarboxylic acids, their anhydrides, halides, peroxides and peroxyacids; their halogenated, sulph","291734'"," -- Other esters of orthophthalic acid","8","1","R","0","0","","","","0","0","0","0","0","0"
"1407","","HS 2007","Harmonized System 2007","Gabon","266'","2019","1","29173500'","  "," -- Anhydride phtalique","29'","Organic chemicals","2917'","Polycarboxylic acids, their anhydrides, halides, peroxides and peroxyacids; their halogenated, sulph","291735'"," -- Phthalic anhydride","8","1","R","0","0","","","","0","0","0","0","0","0"
"1408","","HS 2007","Harmonized System 2007","Gabon","266'","2019","1","29173600'","  "," -- Acide t?r?phtalique et ses sels","29'","Organic chemicals","2917'","Polycarboxylic acids, their anhydrides, halides, peroxides and peroxyacids; their halogenated, sulph","291736'"," -- Terephthalic acid and its salts","8","1","R","0","0","","","","0","0","0","0","0","0"
"1409","","HS 2007","Harmonized System 2007","Gabon","266'","2019","1","29173700'","  "," -- T?r?phtalate de dim?thyle","29'","Organic chemicals","2917'","Polycarboxylic acids, their anhydrides, halides, peroxides and peroxyacids; their halogenated, sulph","291737'"," -- Dimethyl terephthalate","8","1","R","0","0","","","","0","0","0","0","0","0"
"1410","","HS 2007","Harmonized System 2007","Gabon","266'","2019","1","29173900'","  "," -- Autres","29'","Organic chemicals","2917'","Polycarboxylic acids, their anhydrides, halides, peroxides and peroxyacids; their halogenated, sulph","291739'"," -- Other","8","1","R","0","0","","","","0","0","0","0","0","0"
"1411","","HS 2007","Harmonized System 2007","Gabon","266'","2019","1","29181100'","  "," -- Acide lactique, ses sels et ses esters","29'","Organic chemicals","2918'","Carboxylic acids with additional oxygen function and their anhydrides, halides, peroxides and peroxy","291811'"," -- Lactic acid, its salts and esters","8","1","R","0","0","","","","0","0","0","0","0","0"
"1412","","HS 2007","Harmonized System 2007","Gabon","266'","2019","1","29181200'","  "," -- Acide tartrique","29'","Organic chemicals","2918'","Carboxylic acids with additional oxygen function and their anhydrides, halides, peroxides and peroxy","291812'"," -- Tartaric acid","8","1","R","0","0","","","","0","0","0","0","0","0"
"1413","","HS 2007","Harmonized System 2007","Gabon","266'","2019","1","29181300'","  "," -- Sels et esters de l'acide tartrique","29'","Organic chemicals","2918'","Carboxylic acids with additional oxygen function and their anhydrides, halides, peroxides and peroxy","291813'"," -- Salts and esters of tartaric acid","8","1","R","0","0","","","","0","0","0","0","0","0"
"1414","","HS 2007","Harmonized System 2007","Gabon","266'","2019","1","29181400'","  "," -- Acide citrique","29'","Organic chemicals","2918'","Carboxylic acids with additional oxygen function and their anhydrides, halides, peroxides and peroxy","291814'"," -- Citric acid","8","1","R","0","0","","","","0","0","0","0","0","0"
"1415","","HS 2007","Harmonized System 2007","Gabon","266'","2019","1","29181500'","  "," -- Sels et esters de l'acide citrique","29'","Organic chemicals","2918'","Carboxylic acids with additional oxygen function and their anhydrides, halides, peroxides and peroxy","291815'"," -- Salts and esters of citric acid","8","1","R","0","0","","","","0","0","0","0","0","0"
"1416","","HS 2007","Harmonized System 2007","Gabon","266'","2019","1","29181600'","  "," -- Acide gluconique, ses sels et ses esters","29'","Organic chemicals","2918'","Carboxylic acids with additional oxygen function and their anhydrides, halides, peroxides and peroxy","291816'"," -- Gluconic acid, its salts and esters","8","1","R","0","0","","","","0","0","0","0","0","0"
"1417","","HS 2007","Harmonized System 2007","Gabon","266'","2019","1","29181800'","  "," -- Chlorobenzilate (ISO)","29'","Organic chemicals","2918'","Carboxylic acids with additional oxygen function and their anhydrides, halides, peroxides and peroxy","291818'"," -- Chlorobenzilate (ISO)","8","1","R","0","0","","","","0","0","0","0","0","0"
"1418","","HS 2007","Harmonized System 2007","Gabon","266'","2019","1","29181900'","  "," -- Autres","29'","Organic chemicals","2918'","Carboxylic acids with additional oxygen function and their anhydrides, halides, peroxides and peroxy","291819'"," -- Other","8","1","R","0","0","","","","0","0","0","0","0","0"
"1419","","HS 2007","Harmonized System 2007","Gabon","266'","2019","1","29182100'","  "," -- Acide salicylique et ses sels","29'","Organic chemicals","2918'","Carboxylic acids with additional oxygen function and their anhydrides, halides, peroxides and peroxy","291821'"," -- Salicylic acid and its salts","8","1","R","0","0","","","","0","0","0","0","0","0"
"1420","","HS 2007","Harmonized System 2007","Gabon","266'","2019","1","29182200'","  "," -- Acide O-ac?tylsalicylique, ses sels et ses esters","29'","Organic chemicals","2918'","Carboxylic acids with additional oxygen function and their anhydrides, halides, peroxides and peroxy","291822'"," -- O-Acetylsalicylic acid, its salts and esters","8","1","R","0","0","","","","0","0","0","0","0","0"
"1421","","HS 2007","Harmonized System 2007","Gabon","266'","2019","1","29182300'","  "," -- Autres esters de l'acide salicylique et leurs sels","29'","Organic chemicals","2918'","Carboxylic acids with additional oxygen function and their anhydrides, halides, peroxides and peroxy","291823'"," -- Other esters of salicylic acid and their salts","8","1","R","0","0","","","","0","0","0","0","0","0"
"1422","","HS 2007","Harmonized System 2007","Gabon","266'","2019","1","29182900'","  "," -- Autres","29'","Organic chemicals","2918'","Carboxylic acids with additional oxygen function and their anhydrides, halides, peroxides and peroxy","291829'"," -- Other","8","1","R","0","0","","","","0","0","0","0","0","0"
"1423","","HS 2007","Harmonized System 2007","Gabon","266'","2019","1","29183000'","  "," - Acides carboxyliques ? fonction ald?hyde ou c?tone mais sans autre fonction oxyg?n?e, leurs anhydrides, halog?nures, peroxydes, peroxyacides et leurs d?riv?s","29'","Organic chemicals","2918'","Carboxylic acids with additional oxygen function and their anhydrides, halides, peroxides and peroxy","291830'"," - Carboxylic acids with aldehyde or ketone function but without other oxygen function, their anhydri","8","1","R","0","0","","","","0","0","0","0","0","0"
"1424","","HS 2007","Harmonized System 2007","Gabon","266'","2019","1","29189100'","  "," -- 2,4,5-T (ISO) (acide 2,4,5-trichloroph?noxyac?tique), ses sels et ses esters","29'","Organic chemicals","2918'","Carboxylic acids with additional oxygen function and their anhydrides, halides, peroxides and peroxy","291891'"," -- 2,4,5-T (ISO) (2,4,5-trichlorophenoxyacetic acid), its salts and esters","8","1","R","0","0","","","","0","0","0","0","0","0"
"1425","","HS 2007","Harmonized System 2007","Gabon","266'","2019","1","29189900'","  "," -- Autres","29'","Organic chemicals","2918'","Carboxylic acids with additional oxygen function and their anhydrides, halides, peroxides and peroxy","291899'"," -- Other","8","1","R","0","0","","","","0","0","0","0","0","0"
"1426","","HS 2007","Harmonized System 2007","Gabon","266'","2019","1","29191000'","  "," - Phosphate de tris(2,3-dibromopropyle)","29'","Organic chemicals","2919'","Phosphoric esters and their salts, including lactophosphates; their halogenated, sulphonated, nitrat","291910'"," - Tris(2,3-dibromopropyl) phosphate","8","1","R","0","0","","","","0","0","0","0","0","0"
"1427","","HS 2007","Harmonized System 2007","Gabon","266'","2019","1","29199000'","  "," - Autres","29'","Organic chemicals","2919'","Phosphoric esters and their salts, including lactophosphates; their halogenated, sulphonated, nitrat","291990'"," - Other","8","1","R","0","0","","","","0","0","0","0","0","0"
"1428","","HS 2007","Harmonized System 2007","Gabon","266'","2019","1","29201100'","  "," -- Parathion (ISO) et parathion-m?thyle (ISO) (m?thyle parathion)","29'","Organic chemicals","2920'","Esters of other inorganic acids of non-metals (excluding esters of hydrogen halides) and their salts","292011'"," -- Parathion (ISO) and parathion-methyl (ISO) (methyl-parathion)","8","1","R","0","0","","","","0","0","0","0","0","0"
"1429","","HS 2007","Harmonized System 2007","Gabon","266'","2019","1","29201900'","  "," -- Autres","29'","Organic chemicals","2920'","Esters of other inorganic acids of non-metals (excluding esters of hydrogen halides) and their salts","292019'"," -- Other","8","1","R","0","0","","","","0","0","0","0","0","0"
"1430","","HS 2007","Harmonized System 2007","Gabon","266'","2019","1","29209000'","  "," - Autres","29'","Organic chemicals","2920'","Esters of other inorganic acids of non-metals (excluding esters of hydrogen halides) and their salts","292090'"," - Other","8","1","R","0","0","","","","0","0","0","0","0","0"
"1431","","HS 2007","Harmonized System 2007","Gabon","266'","2019","1","29211100'","  "," -- Mono-, di- ou trim?thylamine et leurs sels","29'","Organic chemicals","2921'","Amine-function compounds.","292111'"," -- Methylamine, di- or trimethylamine and their salts","8","1","R","0","0","","","","0","0","0","0","0","0"
"1432","","HS 2007","Harmonized System 2007","Gabon","266'","2019","1","29211900'","  "," -- Autres","29'","Organic chemicals","2921'","Amine-function compounds.","292119'"," -- Other","8","1","R","0","0","","","","0","0","0","0","0","0"
"1433","","HS 2007","Harmonized System 2007","Gabon","266'","2019","1","29212100'","  "," -- Ethyl?nediamine et ses sels","29'","Organic chemicals","2921'","Amine-function compounds.","292121'"," -- Ethylenediamine and its salts","8","1","R","0","0","","","","0","0","0","0","0","0"
"1434","","HS 2007","Harmonized System 2007","Gabon","266'","2019","1","29212200'","  "," -- Hexam?thyl?nediamine et ses sels","29'","Organic chemicals","2921'","Amine-function compounds.","292122'"," -- Hexamethylenediamine and its salts","8","1","R","0","0","","","","0","0","0","0","0","0"
"1435","","HS 2007","Harmonized System 2007","Gabon","266'","2019","1","29212900'","  "," -- Autres","29'","Organic chemicals","2921'","Amine-function compounds.","292129'"," -- Other","8","1","R","0","0","","","","0","0","0","0","0","0"
"1436","","HS 2007","Harmonized System 2007","Gabon","266'","2019","1","29213000'","  "," - Monoamines et polyamines cyclaniques, cycl?niques ou cycloterp?niques, et leurs d?riv?s; sels de ces produits","29'","Organic chemicals","2921'","Amine-function compounds.","292130'"," - Cyclanic, cyclenic or cycloterpenic mono- or polyamines, and their derivatives; salts thereof","8","1","R","0","0","","","","0","0","0","0","0","0"
"1437","","HS 2007","Harmonized System 2007","Gabon","266'","2019","1","29214100'","  "," -- Aniline et ses sels","29'","Organic chemicals","2921'","Amine-function compounds.","292141'"," -- Aniline and its salts","8","1","R","0","0","","","","0","0","0","0","0","0"
"1438","","HS 2007","Harmonized System 2007","Gabon","266'","2019","1","29214200'","  "," -- D?riv?s de l'aniline et leurs sels","29'","Organic chemicals","2921'","Amine-function compounds.","292142'"," -- Aniline derivatives and their salts","8","1","R","0","0","","","","0","0","0","0","0","0"
"1439","","HS 2007","Harmonized System 2007","Gabon","266'","2019","1","29214300'","  "," -- Toluidines et leurs d?riv?s; sels de ces produits","29'","Organic chemicals","2921'","Amine-function compounds.","292143'"," -- Toluidines and their derivatives; salts thereof","8","1","R","0","0","","","","0","0","0","0","0","0"
"1440","","HS 2007","Harmonized System 2007","Gabon","266'","2019","1","29214400'","  "," -- Diph?nylamine et ses d?riv?s; sels de ces produits","29'","Organic chemicals","2921'","Amine-function compounds.","292144'"," -- Diphenylamine and its derivatives; salts thereof","8","1","R","0","0","","","","0","0","0","0","0","0"
"1441","","HS 2007","Harmonized System 2007","Gabon","266'","2019","1","29214500'","  "," -- 1-Naphtylamine (alpha-naphtylamine), 2-naphtylamine (b?ta-naphtylamine) et leurs d?riv?s; sels de ces produits","29'","Organic chemicals","2921'","Amine-function compounds.","292145'"," -- 1-Naphthylamine (alpha-naphthylamine), 2-naphthylamine (beta-naphthylamine) and their derivatives","8","1","R","0","0","","","","0","0","0","0","0","0"
"1442","","HS 2007","Harmonized System 2007","Gabon","266'","2019","1","29214600'","  "," -- Amf?tamine (DCI), benzf?tamine (DCI), dexamf?tamine (DCI), ?tilamf?tamine (DCI), fencamfamine (DCI), l?f?tamine (DCI), l?vamf?tamine (DCI), m?f?norex (DCI) et phentermine (DCI); sels de ces produits","29'","Organic chemicals","2921'","Amine-function compounds.","292146'"," -- Amfetamine (INN), benzfetamine (INN), dexamfetamine (INN), etilamfetamine (INN), fencamfamin (INN","8","1","R","0","0","","","","0","0","0","0","0","0"
"1443","","HS 2007","Harmonized System 2007","Gabon","266'","2019","1","29214900'","  "," -- Autres","29'","Organic chemicals","2921'","Amine-function compounds.","292149'"," -- Other","8","1","R","0","0","","","","0","0","0","0","0","0"
"1444","","HS 2007","Harmonized System 2007","Gabon","266'","2019","1","29215100'","  "," -- o-, m-, p-Ph?nyl?nediamine, diaminotolu?nes, et leurs d?riv?s; sels de ces produits","29'","Organic chemicals","2921'","Amine-function compounds.","292151'"," -- o-, m-, p-Phenylenediamine, diaminotoluenes, and their derivatives; salts thereof","8","1","R","0","0","","","","0","0","0","0","0","0"
"1445","","HS 2007","Harmonized System 2007","Gabon","266'","2019","1","29215900'","  "," -- Autres","29'","Organic chemicals","2921'","Amine-function compounds.","292159'"," -- Other","8","1","R","0","0","","","","0","0","0","0","0","0"
"1446","","HS 2007","Harmonized System 2007","Gabon","266'","2019","1","29221100'","  "," -- Mono?thanolamine et ses sels","29'","Organic chemicals","2922'","Oxygen-function amino-compounds.","292211'"," -- Monoethanolamine and its salts","8","1","R","0","0","","","","0","0","0","0","0","0"
"1447","","HS 2007","Harmonized System 2007","Gabon","266'","2019","1","29221200'","  "," -- Di?thanolamine et ses sels","29'","Organic chemicals","2922'","Oxygen-function amino-compounds.","292212'"," -- Diethanolamine and its salts","8","1","R","0","0","","","","0","0","0","0","0","0"
"1448","","HS 2007","Harmonized System 2007","Gabon","266'","2019","1","29221300'","  "," -- Tri?thanolamine et ses sels","29'","Organic chemicals","2922'","Oxygen-function amino-compounds.","292213'"," -- Triethanolamine and its salts","8","1","R","0","0","","","","0","0","0","0","0","0"
"1449","","HS 2007","Harmonized System 2007","Gabon","266'","2019","1","29221400'","  "," -- Dextropropoxyph?ne (DCI) et ses sels","29'","Organic chemicals","2922'","Oxygen-function amino-compounds.","292214'"," -- Dextropropoxyphene (INN) and its salts","8","1","R","0","0","","","","0","0","0","0","0","0"
"1450","","HS 2007","Harmonized System 2007","Gabon","266'","2019","1","29221900'","  "," -- Autres","29'","Organic chemicals","2922'","Oxygen-function amino-compounds.","292219'"," -- Other","8","1","R","0","0","","","","0","0","0","0","0","0"
"1451","","HS 2007","Harmonized System 2007","Gabon","266'","2019","1","29222100'","  "," -- Acides aminonaphtolsulfoniques et leurs sels","29'","Organic chemicals","2922'","Oxygen-function amino-compounds.","292221'"," -- Aminohydroxynaphthalenesulphonic acids and their salts","8","1","R","0","0","","","","0","0","0","0","0","0"
"1452","","HS 2007","Harmonized System 2007","Gabon","266'","2019","1","29222900'","  "," -- Autres","29'","Organic chemicals","2922'","Oxygen-function amino-compounds.","292229'"," -- Other","8","1","R","0","0","","","","0","0","0","0","0","0"
"1453","","HS 2007","Harmonized System 2007","Gabon","266'","2019","1","29223100'","  "," -- Amf?pramone (DCI), m?thadone (DCI) et norm?thadone (DCI); sels de ces produits","29'","Organic chemicals","2922'","Oxygen-function amino-compounds.","292231'"," -- Amfepramone (INN), methadone (INN) and normethadone (INN); salts thereof","8","1","R","0","0","","","","0","0","0","0","0","0"
"1454","","HS 2007","Harmonized System 2007","Gabon","266'","2019","1","29223900'","  "," -- Autres","29'","Organic chemicals","2922'","Oxygen-function amino-compounds.","292239'"," -- Other","8","1","R","0","0","","","","0","0","0","0","0","0"
"1455","","HS 2007","Harmonized System 2007","Gabon","266'","2019","1","29224100'","  "," -- Lysine et ses esters; sels de ces produits","29'","Organic chemicals","2922'","Oxygen-function amino-compounds.","292241'"," -- Lysine and its esters; salts thereof","8","1","R","0","0","","","","0","0","0","0","0","0"
"1456","","HS 2007","Harmonized System 2007","Gabon","266'","2019","1","29224200'","  "," -- Acide glutamique et ses sels","29'","Organic chemicals","2922'","Oxygen-function amino-compounds.","292242'"," -- Glutamic acid and its salts","8","1","R","0","0","","","","0","0","0","0","0","0"
"1457","","HS 2007","Harmonized System 2007","Gabon","266'","2019","1","29224300'","  "," -- Acide anthranilique et ses sels","29'","Organic chemicals","2922'","Oxygen-function amino-compounds.","292243'"," -- Anthranilic acid and its salts","8","1","R","0","0","","","","0","0","0","0","0","0"
"1458","","HS 2007","Harmonized System 2007","Gabon","266'","2019","1","29224400'","  "," -- Tilidine (DCI) et ses sels","29'","Organic chemicals","2922'","Oxygen-function amino-compounds.","292244'"," -- Tilidine (INN) and its salts","8","1","R","0","0","","","","0","0","0","0","0","0"
"1459","","HS 2007","Harmonized System 2007","Gabon","266'","2019","1","29224900'","  "," -- Autres","29'","Organic chemicals","2922'","Oxygen-function amino-compounds.","292249'"," -- Other","8","1","R","0","0","","","","0","0","0","0","0","0"
"1460","","HS 2007","Harmonized System 2007","Gabon","266'","2019","1","29225000'","  "," - Amino-alcools-ph?nols, amino-acides-ph?nols et autres compos?s amin?s ? fonctions oxyg?n?es","29'","Organic chemicals","2922'","Oxygen-function amino-compounds.","292250'"," - Amino-alcohol-phenols, amino-acid-phenols and other amino-compounds with oxygen function","8","1","R","0","0","","","","0","0","0","0","0","0"
"1461","","HS 2007","Harmonized System 2007","Gabon","266'","2019","1","29231000'","  "," - Choline et ses sels","29'","Organic chemicals","2923'","Quaternary ammonium salts and hydroxides; lecithins and other phosphoaminolipids, whether or not che","292310'"," - Choline and its salts","8","1","R","0","0","","","","0","0","0","0","0","0"
"1462","","HS 2007","Harmonized System 2007","Gabon","266'","2019","1","29232000'","  "," - L?cithines et autres phosphoaminolipides","29'","Organic chemicals","2923'","Quaternary ammonium salts and hydroxides; lecithins and other phosphoaminolipids, whether or not che","292320'"," - Lecithins and other phosphoaminolipids","8","1","R","0","0","","","","0","0","0","0","0","0"
"1463","","HS 2007","Harmonized System 2007","Gabon","266'","2019","1","29239000'","  "," - Autres","29'","Organic chemicals","2923'","Quaternary ammonium salts and hydroxides; lecithins and other phosphoaminolipids, whether or not che","292390'"," - Other","8","1","R","0","0","","","","0","0","0","0","0","0"
"1464","","HS 2007","Harmonized System 2007","Gabon","266'","2019","1","29241100'","  "," -- M?probamate (DCI)","29'","Organic chemicals","2924'","Carboxyamide-function compounds; amide-function compounds of carbonic acid.","292411'"," -- Meprobamate (INN)","8","1","R","0","0","","","","0","0","0","0","0","0"
"1465","","HS 2007","Harmonized System 2007","Gabon","266'","2019","1","29241200'","  "," -- Fluoroac?tamide (ISO), monocrotophos (ISO) et phosphamidon (ISO)","29'","Organic chemicals","2924'","Carboxyamide-function compounds; amide-function compounds of carbonic acid.","292412'"," -- Fluoroacetamide (ISO), monocrotophos (ISO) and phosphamidon (ISO)","8","1","R","0","0","","","","0","0","0","0","0","0"
"1466","","HS 2007","Harmonized System 2007","Gabon","266'","2019","1","29241900'","  "," -- Autres","29'","Organic chemicals","2924'","Carboxyamide-function compounds; amide-function compounds of carbonic acid.","292419'"," -- Other","8","1","R","0","0","","","","0","0","0","0","0","0"
"1467","","HS 2007","Harmonized System 2007","Gabon","266'","2019","1","29242100'","  "," -- Ur?ines et leurs d?riv?s; sels de ces produits","29'","Organic chemicals","2924'","Carboxyamide-function compounds; amide-function compounds of carbonic acid.","292421'"," -- Ureines and their derivatives; salts thereof","8","1","R","0","0","","","","0","0","0","0","0","0"
"1468","","HS 2007","Harmonized System 2007","Gabon","266'","2019","1","29242300'","  "," -- Acide 2-ac?tamidobenzo?que (acide N-ac?tylanthranilique) et ses sels","29'","Organic chemicals","2924'","Carboxyamide-function compounds; amide-function compounds of carbonic acid.","292423'"," -- 2-acetamidobenzoic acid (N-acetylanthranilic acid) and its salts","8","1","R","0","0","","","","0","0","0","0","0","0"
"1469","","HS 2007","Harmonized System 2007","Gabon","266'","2019","1","29242400'","  "," -- Ethinamate (DCI)","29'","Organic chemicals","2924'","Carboxyamide-function compounds; amide-function compounds of carbonic acid.","292424'"," -- Ethinamate (INN)","8","1","R","0","0","","","","0","0","0","0","0","0"
"1470","","HS 2007","Harmonized System 2007","Gabon","266'","2019","1","29242900'","  "," -- Autres","29'","Organic chemicals","2924'","Carboxyamide-function compounds; amide-function compounds of carbonic acid.","292429'"," -- Other","8","1","R","0","0","","","","0","0","0","0","0","0"
"1471","","HS 2007","Harmonized System 2007","Gabon","266'","2019","1","29251100'","  "," -- Saccharine et ses sels","29'","Organic chemicals","2925'","Carboxyimide-function compounds (including saccharin and its salts) and imine-function compounds.","292511'"," -- Saccharin and its salts","8","1","R","0","0","","","","0","0","0","0","0","0"
"1472","","HS 2007","Harmonized System 2007","Gabon","266'","2019","1","29251200'","  "," -- Glut?thimide (DCI)","29'","Organic chemicals","2925'","Carboxyimide-function compounds (including saccharin and its salts) and imine-function compounds.","292512'"," -- Glutethimide (INN)","8","1","R","0","0","","","","0","0","0","0","0","0"
"1473","","HS 2007","Harmonized System 2007","Gabon","266'","2019","1","29251900'","  "," -- Autres","29'","Organic chemicals","2925'","Carboxyimide-function compounds (including saccharin and its salts) and imine-function compounds.","292519'"," -- Other","8","1","R","0","0","","","","0","0","0","0","0","0"
"1474","","HS 2007","Harmonized System 2007","Gabon","266'","2019","1","29252100'","  "," -- Chlordim?forme (ISO)","29'","Organic chemicals","2925'","Carboxyimide-function compounds (including saccharin and its salts) and imine-function compounds.","292521'"," -- Chlordimeform (ISO)","8","1","R","0","0","","","","0","0","0","0","0","0"
"1475","","HS 2007","Harmonized System 2007","Gabon","266'","2019","1","29252900'","  "," -- Autres","29'","Organic chemicals","2925'","Carboxyimide-function compounds (including saccharin and its salts) and imine-function compounds.","292529'"," -- Other","8","1","R","0","0","","","","0","0","0","0","0","0"
"1476","","HS 2007","Harmonized System 2007","Gabon","266'","2019","1","29261000'","  "," - Acrylonitrile","29'","Organic chemicals","2926'","Nitrile-function compounds.","292610'"," - Acrylonitrile","8","1","R","0","0","","","","0","0","0","0","0","0"
"1477","","HS 2007","Harmonized System 2007","Gabon","266'","2019","1","29262000'","  "," - 1-Cyanoguanidine (dicyandiamide)","29'","Organic chemicals","2926'","Nitrile-function compounds.","292620'"," - 1-Cyanoguanidine (dicyandiamide)","8","1","R","0","0","","","","0","0","0","0","0","0"
"1478","","HS 2007","Harmonized System 2007","Gabon","266'","2019","1","29263000'","  "," - Fenproporex (DCI) et ses sels; m?thadone (DCI) interm?diaire (4-cyano-2-dim?thylamino-4,4-diph?nylbutane)","29'","Organic chemicals","2926'","Nitrile-function compounds.","292630'"," - Fenproporex (INN) and its salts; methadone (INN) intermediate (4-cyano-2-dimethylamino-4,4-dipheny","8","1","R","0","0","","","","0","0","0","0","0","0"
"1479","","HS 2007","Harmonized System 2007","Gabon","266'","2019","1","29269000'","  "," - Autres","29'","Organic chemicals","2926'","Nitrile-function compounds.","292690'"," - Other","8","1","R","0","0","","","","0","0","0","0","0","0"
"1480","","HS 2007","Harmonized System 2007","Gabon","266'","2019","1","29270000'","  "," Compos?s diazo?ques, azo?ques ou azoxyques.","29'","Organic chemicals","2927'","Diazo-, azo- or azoxy-compounds.","292700'"," Diazo-, azo- or azoxy-compounds.","8","1","R","0","0","","","","0","0","0","0","0","0"
"1481","","HS 2007","Harmonized System 2007","Gabon","266'","2019","1","29280000'","  "," D?riv?s organiques de l'hydrazine ou de l'hydroxylamine.","29'","Organic chemicals","2928'","Organic derivatives of hydrazine or of hydroxylamine.","292800'"," Organic derivatives of hydrazine or of hydroxylamine.","8","1","R","0","0","","","","0","0","0","0","0","0"
"1482","","HS 2007","Harmonized System 2007","Gabon","266'","2019","1","29291000'","  "," - Isocyanates","29'","Organic chemicals","2929'","Compounds with other nitrogen function.","292910'"," - Isocyanates","8","1","R","0","0","","","","0","0","0","0","0","0"
"1483","","HS 2007","Harmonized System 2007","Gabon","266'","2019","1","29299000'","  "," - Autres","29'","Organic chemicals","2929'","Compounds with other nitrogen function.","292990'"," - Other","8","1","R","0","0","","","","0","0","0","0","0","0"
"1484","","HS 2007","Harmonized System 2007","Gabon","266'","2019","1","29302000'","  "," - Thiocarbamates et dithiocarbamates","29'","Organic chemicals","2930'","Organo-sulphur compounds.","293020'"," - Thiocarbamates and dithiocarbamates","8","1","R","0","0","","","","0","0","0","0","0","0"
"1485","","HS 2007","Harmonized System 2007","Gabon","266'","2019","1","29303000'","  "," - Mono-, di- ou t?trasulfures de thiourame","29'","Organic chemicals","2930'","Organo-sulphur compounds.","293030'"," - Thiuram mono-, di- or tetrasulphides","8","1","R","0","0","","","","0","0","0","0","0","0"
"1486","","HS 2007","Harmonized System 2007","Gabon","266'","2019","1","29304000'","  "," - M?thionine","29'","Organic chemicals","2930'","Organo-sulphur compounds.","293040'"," - Methionine","8","1","R","0","0","","","","0","0","0","0","0","0"
"1487","","HS 2007","Harmonized System 2007","Gabon","266'","2019","1","29305000'","  "," - Captafol (ISO) et m?thamidophos (ISO)","29'","Organic chemicals","2930'","Organo-sulphur compounds.","293050'"," - Captafol (ISO) and methamidophos (ISO)","8","1","R","0","0","","","","0","0","0","0","0","0"
"1488","","HS 2007","Harmonized System 2007","Gabon","266'","2019","1","29309000'","  "," - Autres","29'","Organic chemicals","2930'","Organo-sulphur compounds.","293090'"," - Other","8","1","R","0","0","","","","0","0","0","0","0","0"
"1489","","HS 2007","Harmonized System 2007","Gabon","266'","2019","1","29310000'","  "," Autres compos?s organo-inorganiques.","29'","Organic chemicals","2931'","Other organo-inorganic compounds.","293100'"," Other organo-inorganic compounds.","8","1","R","0","0","","","","0","0","0","0","0","0"
"1490","","HS 2007","Harmonized System 2007","Gabon","266'","2019","1","29321100'","  "," -- T?trahydrofuranne","29'","Organic chemicals","2932'","Heterocyclic compounds with oxygen hetero-atom(s) only.","293211'"," -- Tetrahydrofuran","8","1","R","0","0","","","","0","0","0","0","0","0"
"1491","","HS 2007","Harmonized System 2007","Gabon","266'","2019","1","29321200'","  "," -- 2-Furald?hyde (furfural)","29'","Organic chemicals","2932'","Heterocyclic compounds with oxygen hetero-atom(s) only.","293212'"," -- 2-Furaldehyde (furfuraldehyde)","8","1","R","0","0","","","","0","0","0","0","0","0"
"1492","","HS 2007","Harmonized System 2007","Gabon","266'","2019","1","29321300'","  "," -- Alcool furfurylique et alcool t?trahydrofurfurylique","29'","Organic chemicals","2932'","Heterocyclic compounds with oxygen hetero-atom(s) only.","293213'"," -- Furfuryl alcohol and tetrahydrofurfuryl alcohol","8","1","R","0","0","","","","0","0","0","0","0","0"
"1493","","HS 2007","Harmonized System 2007","Gabon","266'","2019","1","29321900'","  "," -- Autres","29'","Organic chemicals","2932'","Heterocyclic compounds with oxygen hetero-atom(s) only.","293219'"," -- Other","8","1","R","0","0","","","","0","0","0","0","0","0"
"1494","","HS 2007","Harmonized System 2007","Gabon","266'","2019","1","29322100'","  "," -- Coumarine, m?thylcoumarines et ?thylcoumarines","29'","Organic chemicals","2932'","Heterocyclic compounds with oxygen hetero-atom(s) only.","293221'"," -- Coumarin, methylcoumarins and ethylcoumarins","8","1","R","0","0","","","","0","0","0","0","0","0"
"1495","","HS 2007","Harmonized System 2007","Gabon","266'","2019","1","29322900'","  "," -- Autres lactones","29'","Organic chemicals","2932'","Heterocyclic compounds with oxygen hetero-atom(s) only.","293229'"," -- Other lactones","8","1","R","0","0","","","","0","0","0","0","0","0"
"1496","","HS 2007","Harmonized System 2007","Gabon","266'","2019","1","29329100'","  "," -- Isosafrole","29'","Organic chemicals","2932'","Heterocyclic compounds with oxygen hetero-atom(s) only.","293291'"," -- Isosafrole","8","1","R","0","0","","","","0","0","0","0","0","0"
"1497","","HS 2007","Harmonized System 2007","Gabon","266'","2019","1","29329200'","  "," -- 1-(1,3-Benzodioxole-5-yl)propane-2-one","29'","Organic chemicals","2932'","Heterocyclic compounds with oxygen hetero-atom(s) only.","293292'"," -- 1-(1,3-Benzodioxol-5-yl)propan-2-one","8","1","R","0","0","","","","0","0","0","0","0","0"
"1498","","HS 2007","Harmonized System 2007","Gabon","266'","2019","1","29329300'","  "," -- Pip?ronal","29'","Organic chemicals","2932'","Heterocyclic compounds with oxygen hetero-atom(s) only.","293293'"," -- Piperonal","8","1","R","0","0","","","","0","0","0","0","0","0"
"1499","","HS 2007","Harmonized System 2007","Gabon","266'","2019","1","29329400'","  "," -- Safrole","29'","Organic chemicals","2932'","Heterocyclic compounds with oxygen hetero-atom(s) only.","293294'"," -- Safrole","8","1","R","0","0","","","","0","0","0","0","0","0"
"1500","","HS 2007","Harmonized System 2007","Gabon","266'","2019","1","29329500'","  "," -- T?trahydrocannabinols (tous les isom?res)","29'","Organic chemicals","2932'","Heterocyclic compounds with oxygen hetero-atom(s) only.","293295'"," -- Tetrahydrocannabinols (all isomers)","8","1","R","0","0","","","","0","0","0","0","0","0"
"1501","","HS 2007","Harmonized System 2007","Gabon","266'","2019","1","29329900'","  "," -- Autres","29'","Organic chemicals","2932'","Heterocyclic compounds with oxygen hetero-atom(s) only.","293299'"," -- Other","8","1","R","0","0","","","","0","0","0","0","0","0"
"1502","","HS 2007","Harmonized System 2007","Gabon","266'","2019","1","29331100'","  "," -- Ph?nazone (antipyrine) et ses d?riv?s","29'","Organic chemicals","2933'","Heterocyclic compounds with nitrogen hetero-atom(s) only.","293311'"," -- Phenazone (antipyrin) and its derivatives","8","1","R","0","0","","","","0","0","0","0","0","0"
"1503","","HS 2007","Harmonized System 2007","Gabon","266'","2019","1","29331900'","  "," -- Autres","29'","Organic chemicals","2933'","Heterocyclic compounds with nitrogen hetero-atom(s) only.","293319'"," -- Other","8","1","R","0","0","","","","0","0","0","0","0","0"
"1504","","HS 2007","Harmonized System 2007","Gabon","266'","2019","1","29332100'","  "," -- Hydanto?ne et ses d?riv?s","29'","Organic chemicals","2933'","Heterocyclic compounds with nitrogen hetero-atom(s) only.","293321'"," -- Hydantoin and its derivatives","8","1","R","0","0","","","","0","0","0","0","0","0"
"1505","","HS 2007","Harmonized System 2007","Gabon","266'","2019","1","29332900'","  "," -- Autres","29'","Organic chemicals","2933'","Heterocyclic compounds with nitrogen hetero-atom(s) only.","293329'"," -- Other","8","1","R","0","0","","","","0","0","0","0","0","0"
"1506","","HS 2007","Harmonized System 2007","Gabon","266'","2019","1","29333100'","  "," -- Pyridine et ses sels","29'","Organic chemicals","2933'","Heterocyclic compounds with nitrogen hetero-atom(s) only.","293331'"," -- Pyridine and its salts","8","1","R","0","0","","","","0","0","0","0","0","0"
"1507","","HS 2007","Harmonized System 2007","Gabon","266'","2019","1","29333200'","  "," -- Pip?ridine et ses sels","29'","Organic chemicals","2933'","Heterocyclic compounds with nitrogen hetero-atom(s) only.","293332'"," -- Piperidine and its salts","8","1","R","0","0","","","","0","0","0","0","0","0"
"1508","","HS 2007","Harmonized System 2007","Gabon","266'","2019","1","29333300'","  "," -- Alfentanil (DCI), anil?ridine (DCI), b?zitramide (DCI), bromaz?pam (DCI), c?tob?midone (DCI), dif?noxine (DCI), diph?noxylate (DCI), dipipanone (DCI), fentanyl (DCI), m?thylph?nidate (DCI), pentazocine (DCI), p?thidine (DCI), p?thidine (DCI) ","29'","Organic chemicals","2933'","Heterocyclic compounds with nitrogen hetero-atom(s) only.","293333'"," -- Alfentanil (INN), anileridine (INN), bezitramide (INN), bromazepam (INN), difenoxin (INN), diphen","8","1","R","0","0","","","","0","0","0","0","0","0"
"1509","","HS 2007","Harmonized System 2007","Gabon","266'","2019","1","29333900'","  "," -- Autres","29'","Organic chemicals","2933'","Heterocyclic compounds with nitrogen hetero-atom(s) only.","293339'"," -- Other","8","1","R","0","0","","","","0","0","0","0","0","0"
"1510","","HS 2007","Harmonized System 2007","Gabon","266'","2019","1","29334100'","  "," -- L?vorphanol (DCI) et ses sels","29'","Organic chemicals","2933'","Heterocyclic compounds with nitrogen hetero-atom(s) only.","293341'"," -- Levorphanol (INN) and its salts","8","1","R","0","0","","","","0","0","0","0","0","0"
"1511","","HS 2007","Harmonized System 2007","Gabon","266'","2019","1","29334900'","  "," -- Autres","29'","Organic chemicals","2933'","Heterocyclic compounds with nitrogen hetero-atom(s) only.","293349'"," -- Other","8","1","R","0","0","","","","0","0","0","0","0","0"
"1512","","HS 2007","Harmonized System 2007","Gabon","266'","2019","1","29335200'","  "," -- Malonylur?e (acide barbiturique) et ses sels","29'","Organic chemicals","2933'","Heterocyclic compounds with nitrogen hetero-atom(s) only.","293352'"," -- Malonylurea (barbituric acid) and its salts","8","1","R","0","0","","","","0","0","0","0","0","0"
"1513","","HS 2007","Harmonized System 2007","Gabon","266'","2019","1","29335300'","  "," -- Allobarbital (DCI), amobarbital (DCI), barbital (DCI), butalbital (DCI), butobarbital, cyclobarbital (DCI), m?thylph?nobarbital (DCI), pentobarbital (DCI), ph?nobarbital (DCI), secbutabarbital (DCI), s?cobarbital (DCI) et vinylbital (DCI); se","29'","Organic chemicals","2933'","Heterocyclic compounds with nitrogen hetero-atom(s) only.","293353'"," -- Allobarbital (INN), amobarbital (INN), barbital (INN), butalbital (INN), butobarbital, cyclobarbi","8","1","R","0","0","","","","0","0","0","0","0","0"
"1514","","HS 2007","Harmonized System 2007","Gabon","266'","2019","1","29335400'","  "," -- Autres d?riv?s de malonylur?e (acide barbiturique); sels de ces produits","29'","Organic chemicals","2933'","Heterocyclic compounds with nitrogen hetero-atom(s) only.","293354'"," -- Other derivatives of malonylurea (barbituric acid); salts thereof","8","1","R","0","0","","","","0","0","0","0","0","0"
"1515","","HS 2007","Harmonized System 2007","Gabon","266'","2019","1","29335500'","  "," -- Loprazolam (DCI), m?cloqualone (DCI), m?thaqualone (DCI) et zip?prol (DCI); sels de ces produits","29'","Organic chemicals","2933'","Heterocyclic compounds with nitrogen hetero-atom(s) only.","293355'"," -- Loprazolam (INN), mecloqualone (INN), methaqualone (INN) and zipeprol (INN); salts thereof","8","1","R","0","0","","","","0","0","0","0","0","0"
"1516","","HS 2007","Harmonized System 2007","Gabon","266'","2019","1","29335900'","  "," -- Autres","29'","Organic chemicals","2933'","Heterocyclic compounds with nitrogen hetero-atom(s) only.","293359'"," -- Other","8","1","R","0","0","","","","0","0","0","0","0","0"
"1517","","HS 2007","Harmonized System 2007","Gabon","266'","2019","1","29336100'","  "," -- M?lamine","29'","Organic chemicals","2933'","Heterocyclic compounds with nitrogen hetero-atom(s) only.","293361'"," -- Melamine","8","1","R","0","0","","","","0","0","0","0","0","0"
"1518","","HS 2007","Harmonized System 2007","Gabon","266'","2019","1","29336900'","  "," -- Autres","29'","Organic chemicals","2933'","Heterocyclic compounds with nitrogen hetero-atom(s) only.","293369'"," -- Other","8","1","R","0","0","","","","0","0","0","0","0","0"
"1519","","HS 2007","Harmonized System 2007","Gabon","266'","2019","1","29337100'","  "," -- 6-Hexanelactame (epsilon-caprolactame)","29'","Organic chemicals","2933'","Heterocyclic compounds with nitrogen hetero-atom(s) only.","293371'"," -- 6-Hexanelactam (epsilon-caprolactam)","8","1","R","0","0","","","","0","0","0","0","0","0"
"1520","","HS 2007","Harmonized System 2007","Gabon","266'","2019","1","29337200'","  "," -- Clobazam (DCI) et m?thyprylone (DCI)","29'","Organic chemicals","2933'","Heterocyclic compounds with nitrogen hetero-atom(s) only.","293372'"," -- Clobazam (INN) and methyprylon (INN)","8","1","R","0","0","","","","0","0","0","0","0","0"
"1521","","HS 2007","Harmonized System 2007","Gabon","266'","2019","1","29337900'","  "," -- Autres lactames","29'","Organic chemicals","2933'","Heterocyclic compounds with nitrogen hetero-atom(s) only.","293379'"," -- Other lactams","8","1","R","0","0","","","","0","0","0","0","0","0"
"1522","","HS 2007","Harmonized System 2007","Gabon","266'","2019","1","29339100'","  "," -- Alprazolam (DCI), camaz?pam (DCI), chlordiaz?poxide (DCI), clonaz?pam (DCI), cloraz?pate, d?loraz?pam (DCI), diaz?pam (DCI), estazolam (DCI), fludiaz?pam (DCI), flunitraz?pam (DCI), fluraz?pam (DCI), halaz?pam (DCI), loflaz?pate d'?thyle (DCI","29'","Organic chemicals","2933'","Heterocyclic compounds with nitrogen hetero-atom(s) only.","293391'"," -- Alprazolam (INN), camazepam (INN), chlordiazepoxide (INN), clonazepam (INN), clorazepate, deloraz","8","1","R","0","0","","","","0","0","0","0","0","0"
"1523","","HS 2007","Harmonized System 2007","Gabon","266'","2019","1","29339900'","  "," -- Autres","29'","Organic chemicals","2933'","Heterocyclic compounds with nitrogen hetero-atom(s) only.","293399'"," -- Other","8","1","R","0","0","","","","0","0","0","0","0","0"
"1524","","HS 2007","Harmonized System 2007","Gabon","266'","2019","1","29341000'","  "," - Compos?s dont la structure comporte un cycle thiazole (hydrog?n? ou non) non condens?","29'","Organic chemicals","2934'","Nucleic acids and their salts, whether or not chemically defined; other heterocyclic compounds.","293410'"," - Compounds containing an unfused thiazole ring (whether or not hydrogenated) in the structure","8","1","R","0","0","","","","0","0","0","0","0","0"
"1525","","HS 2007","Harmonized System 2007","Gabon","266'","2019","1","29342000'","  "," - Compos?s comportant une structure ? cycles benzothiazole (hydrog?n?s ou non) sans autres condensations","29'","Organic chemicals","2934'","Nucleic acids and their salts, whether or not chemically defined; other heterocyclic compounds.","293420'"," - Compounds containing in the structure a benzothiazole ring-system (whether or not hydrogenated), n","8","1","R","0","0","","","","0","0","0","0","0","0"
"1526","","HS 2007","Harmonized System 2007","Gabon","266'","2019","1","29343000'","  "," - Compos?s comportant une structure ? cycles ph?nothiazine (hydrog?n?s ou non) sans autres condensations","29'","Organic chemicals","2934'","Nucleic acids and their salts, whether or not chemically defined; other heterocyclic compounds.","293430'"," - Compounds containing in the structure a phenothiazine ring-system (whether or not hydrogenated), n","8","1","R","0","0","","","","0","0","0","0","0","0"
"1527","","HS 2007","Harmonized System 2007","Gabon","266'","2019","1","29349100'","  "," -- Aminorex (DCI), brotizolam (DCI), clotiaz?pam (DCI), cloxazolam (DCI), dextromoramide (DCI), haloxazolam (DCI), k?tazolam (DCI), m?socarb (DCI), oxazolam (DCI), p?moline (DCI), phendim?trazine (DCI), phenm?trazine (DCI) et sufentanil (DCI); s","29'","Organic chemicals","2934'","Nucleic acids and their salts, whether or not chemically defined; other heterocyclic compounds.","293491'"," -- Aminorex (INN), brotizolam (INN), clotiazepam (INN), cloxazolam (INN), dextromoramide (INN), halo","8","1","R","0","0","","","","0","0","0","0","0","0"
"1528","","HS 2007","Harmonized System 2007","Gabon","266'","2019","1","29349900'","  "," -- Autres","29'","Organic chemicals","2934'","Nucleic acids and their salts, whether or not chemically defined; other heterocyclic compounds.","293499'"," -- Other","8","1","R","0","0","","","","0","0","0","0","0","0"
"1529","","HS 2007","Harmonized System 2007","Gabon","266'","2019","1","29350000'","  "," Sulfonamides.","29'","Organic chemicals","2935'","Sulphonamides.","293500'"," Sulphonamides.","8","1","R","0","0","","","","0","0","0","0","0","0"
"1530","","HS 2007","Harmonized System 2007","Gabon","266'","2019","1","29362100'","  "," -- Vitamines A et leurs d?riv?s","29'","Organic chemicals","2936'","Provitamins and vitamins, natural or reproduced by synthesis (including natural concentrates), deriv","293621'"," -- Vitamins A and their derivatives","8","1","R","0","0","","","","0","0","0","0","0","0"
"1531","","HS 2007","Harmonized System 2007","Gabon","266'","2019","1","29362200'","  "," -- Vitamine B1 et ses d?riv?s","29'","Organic chemicals","2936'","Provitamins and vitamins, natural or reproduced by synthesis (including natural concentrates), deriv","293622'"," -- Vitamin B1 and its derivatives","8","1","R","0","0","","","","0","0","0","0","0","0"
"1532","","HS 2007","Harmonized System 2007","Gabon","266'","2019","1","29362300'","  "," -- Vitamine B2 et ses d?riv?s","29'","Organic chemicals","2936'","Provitamins and vitamins, natural or reproduced by synthesis (including natural concentrates), deriv","293623'"," -- Vitamin B2 and its derivatives","8","1","R","0","0","","","","0","0","0","0","0","0"
"1533","","HS 2007","Harmonized System 2007","Gabon","266'","2019","1","29362400'","  "," -- Acide D- ou DL- pantoth?nique (vitamine B3 ou vitamine B5) et ses d?riv?s","29'","Organic chemicals","2936'","Provitamins and vitamins, natural or reproduced by synthesis (including natural concentrates), deriv","293624'"," -- D- or DL-Pantothenic acid (Vitamin B3 or Vitamin B5) and its derivatives","8","1","R","0","0","","","","0","0","0","0","0","0"
"1534","","HS 2007","Harmonized System 2007","Gabon","266'","2019","1","29362500'","  "," -- Vitamine B6 et ses d?riv?s","29'","Organic chemicals","2936'","Provitamins and vitamins, natural or reproduced by synthesis (including natural concentrates), deriv","293625'"," -- Vitamin B6 and its derivatives","8","1","R","0","0","","","","0","0","0","0","0","0"
"1535","","HS 2007","Harmonized System 2007","Gabon","266'","2019","1","29362600'","  "," -- Vitamine B12 et ses d?riv?s","29'","Organic chemicals","2936'","Provitamins and vitamins, natural or reproduced by synthesis (including natural concentrates), deriv","293626'"," -- Vitamin B12 and its derivatives","8","1","R","0","0","","","","0","0","0","0","0","0"
"1536","","HS 2007","Harmonized System 2007","Gabon","266'","2019","1","29362700'","  "," -- Vitamine C et ses d?riv?s","29'","Organic chemicals","2936'","Provitamins and vitamins, natural or reproduced by synthesis (including natural concentrates), deriv","293627'"," -- Vitamin C and its derivatives","8","1","R","0","0","","","","0","0","0","0","0","0"
"1537","","HS 2007","Harmonized System 2007","Gabon","266'","2019","1","29362800'","  "," -- Vitamine E et ses d?riv?s","29'","Organic chemicals","2936'","Provitamins and vitamins, natural or reproduced by synthesis (including natural concentrates), deriv","293628'"," -- Vitamin E and its derivatives","8","1","R","0","0","","","","0","0","0","0","0","0"
"1538","","HS 2007","Harmonized System 2007","Gabon","266'","2019","1","29362900'","  "," -- Autres vitamines et leurs d?riv?s","29'","Organic chemicals","2936'","Provitamins and vitamins, natural or reproduced by synthesis (including natural concentrates), deriv","293629'"," -- Other vitamins and their derivatives","8","1","R","0","0","","","","0","0","0","0","0","0"
"1539","","HS 2007","Harmonized System 2007","Gabon","266'","2019","1","29369000'","  "," - Autres, y compris les concentrats naturels","29'","Organic chemicals","2936'","Provitamins and vitamins, natural or reproduced by synthesis (including natural concentrates), deriv","293690'"," - Other, including natural concentrates","8","1","R","0","0","","","","0","0","0","0","0","0"
"1540","","HS 2007","Harmonized System 2007","Gabon","266'","2019","1","29371100'","  "," -- Somatotropine, ses d?riv?s et analogues structurels","29'","Organic chemicals","2937'","Hormones, prostaglandins, thromboxanes and leukotrienes, natural or reproduced by synthesis; derivat","293711'"," -- Somatotropin, its derivatives and structural analogues","8","1","R","0","0","","","","0","0","0","0","0","0"
"1541","","HS 2007","Harmonized System 2007","Gabon","266'","2019","1","29371200'","  "," -- Insuline et ses sels","29'","Organic chemicals","2937'","Hormones, prostaglandins, thromboxanes and leukotrienes, natural or reproduced by synthesis; derivat","293712'"," -- Insulin and its salts","8","1","R","0","0","","","","0","0","0","0","0","0"
"1542","","HS 2007","Harmonized System 2007","Gabon","266'","2019","1","29371900'","  "," -- Autres","29'","Organic chemicals","2937'","Hormones, prostaglandins, thromboxanes and leukotrienes, natural or reproduced by synthesis; derivat","293719'"," -- Other","8","1","R","0","0","","","","0","0","0","0","0","0"
"1543","","HS 2007","Harmonized System 2007","Gabon","266'","2019","1","29372100'","  "," -- Cortisone, hydrocortisone, prednisone (d?hydrocortisone) et prednisolone (d?hydrohydrocortisone)","29'","Organic chemicals","2937'","Hormones, prostaglandins, thromboxanes and leukotrienes, natural or reproduced by synthesis; derivat","293721'"," -- Cortisone, hydrocortisone, prednisone (dehydrocortisone) and prednisolone (dehydrohydrocortisone)","8","1","R","0","0","","","","0","0","0","0","0","0"
"1544","","HS 2007","Harmonized System 2007","Gabon","266'","2019","1","29372200'","  "," -- D?riv?s halog?n?s des hormones corticost?ro?des","29'","Organic chemicals","2937'","Hormones, prostaglandins, thromboxanes and leukotrienes, natural or reproduced by synthesis; derivat","293722'"," -- Halogenated derivatives of corticosteroidal hormones","8","1","R","0","0","","","","0","0","0","0","0","0"
"1545","","HS 2007","Harmonized System 2007","Gabon","266'","2019","1","29372300'","  "," -- Oestrog?nes et progestog?nes","29'","Organic chemicals","2937'","Hormones, prostaglandins, thromboxanes and leukotrienes, natural or reproduced by synthesis; derivat","293723'"," -- Oestrogens and progestogens","8","1","R","0","0","","","","0","0","0","0","0","0"
"1546","","HS 2007","Harmonized System 2007","Gabon","266'","2019","1","29372900'","  "," -- Autres","29'","Organic chemicals","2937'","Hormones, prostaglandins, thromboxanes and leukotrienes, natural or reproduced by synthesis; derivat","293729'"," -- Other","8","1","R","0","0","","","","0","0","0","0","0","0"
"1547","","HS 2007","Harmonized System 2007","Gabon","266'","2019","1","29373100'","  "," -- Epin?phrine","29'","Organic chemicals","2937'","Hormones, prostaglandins, thromboxanes and leukotrienes, natural or reproduced by synthesis; derivat","293731'"," -- Epinephrine","8","1","R","0","0","","","","0","0","0","0","0","0"
"1548","","HS 2007","Harmonized System 2007","Gabon","266'","2019","1","29373900'","  "," -- Autres","29'","Organic chemicals","2937'","Hormones, prostaglandins, thromboxanes and leukotrienes, natural or reproduced by synthesis; derivat","293739'"," -- Other","8","1","R","0","0","","","","0","0","0","0","0","0"
"1549","","HS 2007","Harmonized System 2007","Gabon","266'","2019","1","29374000'","  "," - D?riv?s des amino-acides","29'","Organic chemicals","2937'","Hormones, prostaglandins, thromboxanes and leukotrienes, natural or reproduced by synthesis; derivat","293740'"," - Amino-acid derivatives","8","1","R","0","0","","","","0","0","0","0","0","0"
"1550","","HS 2007","Harmonized System 2007","Gabon","266'","2019","1","29375000'","  "," - Prostaglandines, thromboxanes et leucotri?nes, leurs d?riv?s et analogues structurels","29'","Organic chemicals","2937'","Hormones, prostaglandins, thromboxanes and leukotrienes, natural or reproduced by synthesis; derivat","293750'"," - Prostaglandins, thromboxanes and leukotrienes, their derivatives and structural analogues","8","1","R","0","0","","","","0","0","0","0","0","0"
"1551","","HS 2007","Harmonized System 2007","Gabon","266'","2019","1","29379000'","  "," - Autres","29'","Organic chemicals","2937'","Hormones, prostaglandins, thromboxanes and leukotrienes, natural or reproduced by synthesis; derivat","293790'"," - Other","8","1","R","0","0","","","","0","0","0","0","0","0"
"1552","","HS 2007","Harmonized System 2007","Gabon","266'","2019","1","29381000'","  "," - Rutoside (rutine) et ses d?riv?s","29'","Organic chemicals","2938'","Glycosides, natural or reproduced by synthesis, and their salts, ethers, esters and other derivative","293810'"," - Rutoside (rutin) and its derivatives","8","1","R","0","0","","","","0","0","0","0","0","0"
"1553","","HS 2007","Harmonized System 2007","Gabon","266'","2019","1","29389000'","  "," - Autres","29'","Organic chemicals","2938'","Glycosides, natural or reproduced by synthesis, and their salts, ethers, esters and other derivative","293890'"," - Other","8","1","R","0","0","","","","0","0","0","0","0","0"
"1554","","HS 2007","Harmonized System 2007","Gabon","266'","2019","1","29391100'","  "," -- Concentr?s de paille de pavot; bupr?norphine (DCI), cod?ine, dihydrocod?ine (DCI), ?thylmorphine, ?torphine (DCI), h?ro?ne, hydrocodone (DCI), hydromorphone (DCI), morphine, nicomorphine (DCI), oxycodone (DCI), oxymorphone (DCI), pholcodine (","29'","Organic chemicals","2939'","Vegetable alkaloids, natural or reproduced by synthesis, and their salts, ethers, esters and other d","293911'"," -- Concentrates of poppy straw; buprenorphine (INN), codeine, dihydrocodeine (INN), ethylmorphine, e","8","1","R","0","0","","","","0","0","0","0","0","0"
"1555","","HS 2007","Harmonized System 2007","Gabon","266'","2019","1","29391900'","  "," -- Autres","29'","Organic chemicals","2939'","Vegetable alkaloids, natural or reproduced by synthesis, and their salts, ethers, esters and other d","293919'"," -- Other","8","1","R","0","0","","","","0","0","0","0","0","0"
"1556","","HS 2007","Harmonized System 2007","Gabon","266'","2019","1","29392000'","  "," - Alcalo?des du quinquina et leurs d?riv?s; sels de ces produits","29'","Organic chemicals","2939'","Vegetable alkaloids, natural or reproduced by synthesis, and their salts, ethers, esters and other d","293920'"," - Alkaloids of cinchona and their derivatives; salts thereof","8","1","R","0","0","","","","0","0","0","0","0","0"
"1557","","HS 2007","Harmonized System 2007","Gabon","266'","2019","1","29393000'","  "," - Caf?ine et ses sels","29'","Organic chemicals","2939'","Vegetable alkaloids, natural or reproduced by synthesis, and their salts, ethers, esters and other d","293930'"," - Caffeine and its salts","8","1","R","0","0","","","","0","0","0","0","0","0"
"1558","","HS 2007","Harmonized System 2007","Gabon","266'","2019","1","29394100'","  "," -- Eph?drine et ses sels","29'","Organic chemicals","2939'","Vegetable alkaloids, natural or reproduced by synthesis, and their salts, ethers, esters and other d","293941'"," -- Ephedrine and its salts","8","1","R","0","0","","","","0","0","0","0","0","0"
"1559","","HS 2007","Harmonized System 2007","Gabon","266'","2019","1","29394200'","  "," -- Pseudo?ph?drine (DCI) et ses sels","29'","Organic chemicals","2939'","Vegetable alkaloids, natural or reproduced by synthesis, and their salts, ethers, esters and other d","293942'"," -- Pseudoephedrine (INN) and its salts","8","1","R","0","0","","","","0","0","0","0","0","0"
"1560","","HS 2007","Harmonized System 2007","Gabon","266'","2019","1","29394300'","  "," -- Cathine (DCI) et ses sels","29'","Organic chemicals","2939'","Vegetable alkaloids, natural or reproduced by synthesis, and their salts, ethers, esters and other d","293943'"," -- Cathine (INN) and its salts","8","1","R","0","0","","","","0","0","0","0","0","0"
"1561","","HS 2007","Harmonized System 2007","Gabon","266'","2019","1","29394900'","  "," -- Autres","29'","Organic chemicals","2939'","Vegetable alkaloids, natural or reproduced by synthesis, and their salts, ethers, esters and other d","293949'"," -- Other","8","1","R","0","0","","","","0","0","0","0","0","0"
"1562","","HS 2007","Harmonized System 2007","Gabon","266'","2019","1","29395100'","  "," -- F?n?tylline (DCI) et ses sels","29'","Organic chemicals","2939'","Vegetable alkaloids, natural or reproduced by synthesis, and their salts, ethers, esters and other d","293951'"," -- Fenetylline (INN) and its salts","8","1","R","0","0","","","","0","0","0","0","0","0"
"1563","","HS 2007","Harmonized System 2007","Gabon","266'","2019","1","29395900'","  "," -- Autres","29'","Organic chemicals","2939'","Vegetable alkaloids, natural or reproduced by synthesis, and their salts, ethers, esters and other d","293959'"," -- Other","8","1","R","0","0","","","","0","0","0","0","0","0"
"1564","","HS 2007","Harmonized System 2007","Gabon","266'","2019","1","29396100'","  "," -- Ergom?trine (DCI) et ses sels","29'","Organic chemicals","2939'","Vegetable alkaloids, natural or reproduced by synthesis, and their salts, ethers, esters and other d","293961'"," -- Ergometrine (INN) and its salts","8","1","R","0","0","","","","0","0","0","0","0","0"
"1565","","HS 2007","Harmonized System 2007","Gabon","266'","2019","1","29396200'","  "," -- Ergotamine (DCI) et ses sels","29'","Organic chemicals","2939'","Vegetable alkaloids, natural or reproduced by synthesis, and their salts, ethers, esters and other d","293962'"," -- Ergotamine (INN) and its salts","8","1","R","0","0","","","","0","0","0","0","0","0"
"1566","","HS 2007","Harmonized System 2007","Gabon","266'","2019","1","29396300'","  "," -- Acide lysergique et ses sels","29'","Organic chemicals","2939'","Vegetable alkaloids, natural or reproduced by synthesis, and their salts, ethers, esters and other d","293963'"," -- Lysergic acid and its salts","8","1","R","0","0","","","","0","0","0","0","0","0"
"1567","","HS 2007","Harmonized System 2007","Gabon","266'","2019","1","29396900'","  "," -- Autres","29'","Organic chemicals","2939'","Vegetable alkaloids, natural or reproduced by synthesis, and their salts, ethers, esters and other d","293969'"," -- Other","8","1","R","0","0","","","","0","0","0","0","0","0"
"1568","","HS 2007","Harmonized System 2007","Gabon","266'","2019","1","29399100'","  "," -- Coca?ne, ecgonine, l?vom?tamf?tamine, m?tamf?tamine (DCI), rac?mate de m?tamf?tamine; sels, esters et autres d?riv?s de ces produits","29'","Organic chemicals","2939'","Vegetable alkaloids, natural or reproduced by synthesis, and their salts, ethers, esters and other d","293991'"," -- Cocaine, ecgonine, levometamfetamine, metamfetamine (INN), metamfetamine racemate; salts, esters ","8","1","R","0","0","","","","0","0","0","0","0","0"
"1569","","HS 2007","Harmonized System 2007","Gabon","266'","2019","1","29399900'","  "," -- Autres","29'","Organic chemicals","2939'","Vegetable alkaloids, natural or reproduced by synthesis, and their salts, ethers, esters and other d","293999'"," -- Other","8","1","R","0","0","","","","0","0","0","0","0","0"
"1570","","HS 2007","Harmonized System 2007","Gabon","266'","2019","1","29400000'","  "," Sucres chimiquement purs, ? l?exception du saccharose, du lactose, du maltose, du glucose et du fructose (l?vulose); ?thers, ac?tals et esters de sucres et leurs sels, autres que les produits des n?s 29.37, 29.38 et 29.39.","29'","Organic chemicals","2940'","Sugars, chemically pure, other than sucrose, lactose, maltose, glucose and fructose; sugar ethers, s","294000'"," Sugars, chemically pure, other than sucrose, lactose, maltose, glucose and fructose; sugar ethers, s","8","1","R","0","0","","","","0","0","0","0","0","0"
"1571","","HS 2007","Harmonized System 2007","Gabon","266'","2019","1","29411000'","  "," - P?nicillines et leurs d?riv?s, ? structure d'acide p?nicillanique; sels de ces produits","29'","Organic chemicals","2941'","Antibiotics.","294110'"," - Penicillins and their derivatives with a penicillanic acid structure; salts thereof","8","1","R","0","0","","","","0","0","0","0","0","0"
"1572","","HS 2007","Harmonized System 2007","Gabon","266'","2019","1","29412000'","  "," - Streptomycines et leurs d?riv?s; sels de ces produits","29'","Organic chemicals","2941'","Antibiotics.","294120'"," - Streptomycins and their derivatives; salts thereof","8","1","R","0","0","","","","0","0","0","0","0","0"
"1573","","HS 2007","Harmonized System 2007","Gabon","266'","2019","1","29413000'","  "," - T?tracyclines et leurs d?riv?s; sels de ces produits","29'","Organic chemicals","2941'","Antibiotics.","294130'"," - Tetracyclines and their derivatives; salts thereof","8","1","R","0","0","","","","0","0","0","0","0","0"
"1574","","HS 2007","Harmonized System 2007","Gabon","266'","2019","1","29414000'","  "," - Chloramph?nicol et ses d?riv?s; sels de ces produits","29'","Organic chemicals","2941'","Antibiotics.","294140'"," - Chloramphenicol and its derivatives; salts thereof","8","1","R","0","0","","","","0","0","0","0","0","0"
"1575","","HS 2007","Harmonized System 2007","Gabon","266'","2019","1","29415000'","  "," - Erythromycine et ses d?riv?s; sels de ces produits","29'","Organic chemicals","2941'","Antibiotics.","294150'"," - Erythromycin and its derivatives; salts thereof","8","1","R","0","0","","","","0","0","0","0","0","0"
"1576","","HS 2007","Harmonized System 2007","Gabon","266'","2019","1","29419000'","  "," - Autres","29'","Organic chemicals","2941'","Antibiotics.","294190'"," - Other","8","1","R","0","0","","","","0","0","0","0","0","0"
"1577","","HS 2007","Harmonized System 2007","Gabon","266'","2019","1","29420000'","  "," Autres compos?s organiques.","29'","Organic chemicals","2942'","Other organic compounds.","294200'"," Other organic compounds.","8","1","R","0","0","","","","0","0","0","0","0","0"
"1578","","HS 2007","Harmonized System 2007","Gabon","266'","2019","1","30012000'","  "," - Extraits de glandes ou d'autres organes ou de leurs s?cr?tions","30'","Pharmaceutical products","3001'","Glands and other organs for organo-therapeutic uses, dried, whether or not powdered; extracts of gla","300120'"," - Extracts of glands or other organs or of their secretions","8","1","R","0","0","","","","0","0","0","0","0","0"
"1579","","HS 2007","Harmonized System 2007","Gabon","266'","2019","1","30019010'","  "," h?parines et ses sels","30'","Pharmaceutical products","3001'","Glands and other organs for organo-therapeutic uses, dried, whether or not powdered; extracts of gla","300190'"," - Other","8","1","R","0","0","","","","0","0","0","0","0","0"
"1580","","HS 2007","Harmonized System 2007","Gabon","266'","2019","1","30019090'","  "," substances ? usages th?rapeutiques ou prophylacti.autres que 300110 ? 30019010","30'","Pharmaceutical products","3001'","Glands and other organs for organo-therapeutic uses, dried, whether or not powdered; extracts of gla","300190'"," - Other","8","1","R","0","0","","","","0","0","0","0","0","0"
"1581","","HS 2007","Harmonized System 2007","Gabon","266'","2019","1","30021010'","  "," Antis?rums autres ... par voie biotechno","30'","Pharmaceutical products","3002'","Human blood; animal blood prepared for therapeutic, prophylactic or diagnostic uses; antisera and ot","300210'"," - Antisera and other blood fractions and modified immunological products, whether or not obtained by","8","1","R","0","0","","","","0","0","0","0","0","0"
"1582","","HS 2007","Harmonized System 2007","Gabon","266'","2019","1","30021090'","  "," S?rums sp?cifiques pour animaux, autres","30'","Pharmaceutical products","3002'","Human blood; animal blood prepared for therapeutic, prophylactic or diagnostic uses; antisera and ot","300210'"," - Antisera and other blood fractions and modified immunological products, whether or not obtained by","8","1","R","0","0","","","","0","0","0","0","0","0"
"1583","","HS 2007","Harmonized System 2007","Gabon","266'","2019","1","30022000'","  "," - Vaccins pour la m?decine humaine","30'","Pharmaceutical products","3002'","Human blood; animal blood prepared for therapeutic, prophylactic or diagnostic uses; antisera and ot","300220'"," - Vaccines for human medicine","8","1","R","0","0","","","","0","0","0","0","0","0"
"1584","","HS 2007","Harmonized System 2007","Gabon","266'","2019","1","30023010'","  "," Vaccins antiaphteux","30'","Pharmaceutical products","3002'","Human blood; animal blood prepared for therapeutic, prophylactic or diagnostic uses; antisera and ot","300230'"," - Vaccines for veterinary medicine","8","1","R","0","0","","","","0","0","0","0","0","0"
"1585","","HS 2007","Harmonized System 2007","Gabon","266'","2019","1","30023090'","  "," Vaccins pour la m?d?cine v?t?rinaire, autres","30'","Pharmaceutical products","3002'","Human blood; animal blood prepared for therapeutic, prophylactic or diagnostic uses; antisera and ot","300230'"," - Vaccines for veterinary medicine","8","1","R","0","0","","","","0","0","0","0","0","0"
"1586","","HS 2007","Harmonized System 2007","Gabon","266'","2019","1","30029000'","  "," - Autres","30'","Pharmaceutical products","3002'","Human blood; animal blood prepared for therapeutic, prophylactic or diagnostic uses; antisera and ot","300290'"," - Other","8","1","R","0","0","","","","0","0","0","0","0","0"
"1587","","HS 2007","Harmonized System 2007","Gabon","266'","2019","1","30031000'","  "," - Contenant des p?nicillines ou des d?riv?s de ces produits, ? structure d'acide p?nicillanique, ou des streptomycines ou des d?riv?s de ces produits","30'","Pharmaceutical products","3003'","Medicaments (excluding goods of heading 30.02, 30.05 or 30.06) consisting of two or more constituent","300310'"," - Containing penicillins or derivatives thereof, with a penicillanic acid structure, or streptomycin","8","1","R","0","0","","","","0","0","0","0","0","0"
"1588","","HS 2007","Harmonized System 2007","Gabon","266'","2019","1","30032000'","  "," - Contenant d'autres antibiotiques","30'","Pharmaceutical products","3003'","Medicaments (excluding goods of heading 30.02, 30.05 or 30.06) consisting of two or more constituent","300320'"," - Containing other antibiotics","8","1","R","0","0","","","","0","0","0","0","0","0"
"1589","","HS 2007","Harmonized System 2007","Gabon","266'","2019","1","30033100'","  "," -- Contenant de l'insuline","30'","Pharmaceutical products","3003'","Medicaments (excluding goods of heading 30.02, 30.05 or 30.06) consisting of two or more constituent","300331'"," -- Containing insulin","8","1","R","0","0","","","","0","0","0","0","0","0"
"1590","","HS 2007","Harmonized System 2007","Gabon","266'","2019","1","30033900'","  "," -- Autres","30'","Pharmaceutical products","3003'","Medicaments (excluding goods of heading 30.02, 30.05 or 30.06) consisting of two or more constituent","300339'"," -- Other","8","1","R","0","0","","","","0","0","0","0","0","0"
"1591","","HS 2007","Harmonized System 2007","Gabon","266'","2019","1","30034000'","  "," - Contenant des alcalo?des ou leurs d?riv?s, mais ne contenant ni hormones, ni autres produits du n? 29.37, ni antibiotiques","30'","Pharmaceutical products","3003'","Medicaments (excluding goods of heading 30.02, 30.05 or 30.06) consisting of two or more constituent","300340'"," - Containing alkaloids or derivatives thereof but not containing hormones or other products of headi","8","1","R","0","0","","","","0","0","0","0","0","0"
"1592","","HS 2007","Harmonized System 2007","Gabon","266'","2019","1","30039000'","  "," - Autres","30'","Pharmaceutical products","3003'","Medicaments (excluding goods of heading 30.02, 30.05 or 30.06) consisting of two or more constituent","300390'"," - Other","8","1","R","0","0","","","","0","0","0","0","0","0"
"1593","","HS 2007","Harmonized System 2007","Gabon","266'","2019","1","30041000'","  "," - Contenant des p?nicillines ou des d?riv?s de ces produits, ? structure d'acide p?nicillanique, ou des streptomycines ou des d?riv?s de ces produits","30'","Pharmaceutical products","3004'","Medicaments (excluding goods of heading 30.02, 30.05 or 30.06) consisting of mixed or unmixed produc","300410'"," - Containing penicillins or derivatives thereof, with a penicillanic acid structure, or streptomycin","8","1","R","0","0","","","","0","0","0","0","0","0"
"1594","","HS 2007","Harmonized System 2007","Gabon","266'","2019","1","30042000'","  "," - Contenant d'autres antibiotiques","30'","Pharmaceutical products","3004'","Medicaments (excluding goods of heading 30.02, 30.05 or 30.06) consisting of mixed or unmixed produc","300420'"," - Containing other antibiotics","8","1","R","0","0","","","","0","0","0","0","0","0"
"1595","","HS 2007","Harmonized System 2007","Gabon","266'","2019","1","30043100'","  "," -- Contenant de l'insuline","30'","Pharmaceutical products","3004'","Medicaments (excluding goods of heading 30.02, 30.05 or 30.06) consisting of mixed or unmixed produc","300431'"," -- Containing insulin","8","1","R","0","0","","","","0","0","0","0","0","0"
"1596","","HS 2007","Harmonized System 2007","Gabon","266'","2019","1","30043200'","  "," -- Contenant des hormones corticost?ro?des, leurs d?riv?s ou analogues structurels","30'","Pharmaceutical products","3004'","Medicaments (excluding goods of heading 30.02, 30.05 or 30.06) consisting of mixed or unmixed produc","300432'"," -- Containing corticosteroid hormones, their derivatives or structural analogues","8","1","R","0","0","","","","0","0","0","0","0","0"
"1597","","HS 2007","Harmonized System 2007","Gabon","266'","2019","1","30043900'","  "," -- Autres","30'","Pharmaceutical products","3004'","Medicaments (excluding goods of heading 30.02, 30.05 or 30.06) consisting of mixed or unmixed produc","300439'"," -- Other","8","1","R","0","0","","","","0","0","0","0","0","0"
"1598","","HS 2007","Harmonized System 2007","Gabon","266'","2019","1","30044000'","  "," - Contenant des alcalo?des ou leurs d?riv?s, mais ne contenant ni hormones, ni autres produits du n? 29.37, ni antibiotiques","30'","Pharmaceutical products","3004'","Medicaments (excluding goods of heading 30.02, 30.05 or 30.06) consisting of mixed or unmixed produc","300440'"," - Containing alkaloids or derivatives thereof but not containing hormones, other products of heading","8","1","R","0","0","","","","0","0","0","0","0","0"
"1599","","HS 2007","Harmonized System 2007","Gabon","266'","2019","1","30045000'","  "," - Autres m?dicaments contenant des vitamines ou d'autres produits du n? 29.36","30'","Pharmaceutical products","3004'","Medicaments (excluding goods of heading 30.02, 30.05 or 30.06) consisting of mixed or unmixed produc","300450'"," - Other medicaments containing vitamins or other products of heading 29.36","8","1","R","0","0","","","","0","0","0","0","0","0"
"1600","","HS 2007","Harmonized System 2007","Gabon","266'","2019","1","30049000'","  "," - Autres","30'","Pharmaceutical products","3004'","Medicaments (excluding goods of heading 30.02, 30.05 or 30.06) consisting of mixed or unmixed produc","300490'"," - Other","8","1","R","0","0","","","","0","0","0","0","0","0"
"1601","","HS 2007","Harmonized System 2007","Gabon","266'","2019","1","30051000'","  "," - Pansements adh?sifs et autres articles ayant une couche adh?sive","30'","Pharmaceutical products","3005'","Wadding, gauze, bandages and similar articles (for example, dressings, adhesive plasters, poultices)","300510'"," - Adhesive dressings and other articles having an adhesive layer","8","1","R","0","0","","","","0","0","0","0","0","0"
"1602","","HS 2007","Harmonized System 2007","Gabon","266'","2019","1","30059000'","  "," - Autres","30'","Pharmaceutical products","3005'","Wadding, gauze, bandages and similar articles (for example, dressings, adhesive plasters, poultices)","300590'"," - Other","8","1","R","0","0","","","","0","0","0","0","0","0"
"1603","","HS 2007","Harmonized System 2007","Gabon","266'","2019","1","30061000'","  "," - Catguts st?riles, ligatures st?riles similaires pour sutures chirurgicales (y compris les fils r?sorbables st?riles pour la chirurgie ou l'art dentaire) et adh?sifs st?riles pour tissus organiques utilis?s en chirurgie pour refermer les plaies","30'","Pharmaceutical products","3006'","Pharmaceutical goods specified in Note 4 to this Chapter.","300610'"," - Sterile surgical catgut, similar sterile suture materials (including sterile absorbable surgical o","8","1","R","0","0","","","","0","0","0","0","0","0"
"1604","","HS 2007","Harmonized System 2007","Gabon","266'","2019","1","30062000'","  "," - R?actifs destin?s ? la d?termination des groupes ou des facteurs sanguins","30'","Pharmaceutical products","3006'","Pharmaceutical goods specified in Note 4 to this Chapter.","300620'"," - Blood-grouping reagents","8","1","R","0","0","","","","0","0","0","0","0","0"
"1605","","HS 2007","Harmonized System 2007","Gabon","266'","2019","1","30063000'","  "," - Pr?parations opacifiantes pour examens radiographiques; r?actifs de diagnostic con?us pour ?tre employ?s sur le patient","30'","Pharmaceutical products","3006'","Pharmaceutical goods specified in Note 4 to this Chapter.","300630'"," - Opacifying preparations for X-ray examinations; diagnostic reagents designed to be administered to","8","1","R","0","0","","","","0","0","0","0","0","0"
"1606","","HS 2007","Harmonized System 2007","Gabon","266'","2019","1","30064010'","  "," ciments pour la r?fection osseuse","30'","Pharmaceutical products","3006'","Pharmaceutical goods specified in Note 4 to this Chapter.","300640'"," - Dental cements and other dental fillings; bone reconstruction cements","8","1","R","0","0","","","","0","0","0","0","0","0"
"1607","","HS 2007","Harmonized System 2007","Gabon","266'","2019","1","30064090'","  "," ciments et produits d'obturation dentaireautres que du 30064010","30'","Pharmaceutical products","3006'","Pharmaceutical goods specified in Note 4 to this Chapter.","300640'"," - Dental cements and other dental fillings; bone reconstruction cements","8","1","R","0","0","","","","0","0","0","0","0","0"
"1608","","HS 2007","Harmonized System 2007","Gabon","266'","2019","1","30065000'","  "," - Trousses et bo?tes de pharmacie garnies, pour soins de premi?re urgence","30'","Pharmaceutical products","3006'","Pharmaceutical goods specified in Note 4 to this Chapter.","300650'"," - First-aid boxes and kits","8","1","R","0","0","","","","0","0","0","0","0","0"
"1609","","HS 2007","Harmonized System 2007","Gabon","266'","2019","1","30066010'","  "," pr?paration chimiques contraceptives ? base d'hormones ou de spermicides","30'","Pharmaceutical products","3006'","Pharmaceutical goods specified in Note 4 to this Chapter.","300660'"," - Chemical contraceptive preparations based on hormones, on other products of heading 29.37 or on sp","8","1","R","0","0","","","","0","0","0","0","0","0"
"1610","","HS 2007","Harmonized System 2007","Gabon","266'","2019","1","30066090'","  "," pr?parations chimiques contraceptives ? base de produits du 2937autres que 30066010","30'","Pharmaceutical products","3006'","Pharmaceutical goods specified in Note 4 to this Chapter.","300660'"," - Chemical contraceptive preparations based on hormones, on other products of heading 29.37 or on sp","8","1","R","0","0","","","","0","0","0","0","0","0"
"1611","","HS 2007","Harmonized System 2007","Gabon","266'","2019","1","30067000'","  "," - Pr?parations pr?sent?es sous forme de gel con?ues pour ?tre utilis?es en m?decine humaine ou v?t?rinaire comme lubrifiant pour certaines parties du corps lors des op?rations chirurgicales ou des examens m?dicaux ou comme agent de couplage entr","30'","Pharmaceutical products","3006'","Pharmaceutical goods specified in Note 4 to this Chapter.","300670'"," - Gel preparations designed to be used in human or veterinary medicine as a lubricant for parts of t","8","1","R","0","0","","","","0","0","0","0","0","0"
"1612","","HS 2007","Harmonized System 2007","Gabon","266'","2019","1","30069100'","  "," -- Appareillages identifiables de stomie","30'","Pharmaceutical products","3006'","Pharmaceutical goods specified in Note 4 to this Chapter.","300691'"," -- Appliances identifiable for ostomy use","8","1","R","0","0","","","","0","0","0","0","0","0"
"1613","","HS 2007","Harmonized System 2007","Gabon","266'","2019","1","30069200'","  "," -- D?chets pharmaceutiques","30'","Pharmaceutical products","3006'","Pharmaceutical goods specified in Note 4 to this Chapter.","300692'"," -- Waste pharmaceuticals","8","1","R","0","0","","","","0","0","0","0","0","0"
"1614","","HS 2007","Harmonized System 2007","Gabon","266'","2019","1","31010010'","  "," fumiers et composts","31'","Fertilisers","3101'","Animal or vegetable fertilisers, whether or not mixed together or chemically treated; fertilisers pr","310100'"," Animal or vegetable fertilisers, whether or not mixed together or chemically treated; fertilisers pr","8","1","R","0","0","","","","0","0","0","0","0","0"
"1615","","HS 2007","Harmonized System 2007","Gabon","266'","2019","1","31010090'","  "," engrais d'origine animale ou v?g?taleautres que le 31010010","31'","Fertilisers","3101'","Animal or vegetable fertilisers, whether or not mixed together or chemically treated; fertilisers pr","310100'"," Animal or vegetable fertilisers, whether or not mixed together or chemically treated; fertilisers pr","8","1","R","0","0","","","","0","0","0","0","0","0"
"1616","","HS 2007","Harmonized System 2007","Gabon","266'","2019","1","31021000'","  "," - Ur?e, m?me en solution aqueuse","31'","Fertilisers","3102'","Mineral or chemical fertilisers, nitrogenous.","310210'"," - Urea, whether or not in aqueous solution","8","1","R","0","0","","","","0","0","0","0","0","0"
"1617","","HS 2007","Harmonized System 2007","Gabon","266'","2019","1","31022100'","  "," -- Sulfate d'ammonium","31'","Fertilisers","3102'","Mineral or chemical fertilisers, nitrogenous.","310221'"," -- Ammonium sulphate","8","1","R","0","0","","","","0","0","0","0","0","0"
"1618","","HS 2007","Harmonized System 2007","Gabon","266'","2019","1","31022900'","  "," -- Autres","31'","Fertilisers","3102'","Mineral or chemical fertilisers, nitrogenous.","310229'"," -- Other","8","1","R","0","0","","","","0","0","0","0","0","0"
"1619","","HS 2007","Harmonized System 2007","Gabon","266'","2019","1","31023000'","  "," - Nitrate d'ammonium, m?me en solution aqueuse","31'","Fertilisers","3102'","Mineral or chemical fertilisers, nitrogenous.","310230'"," - Ammonium nitrate, whether or not in aqueous solution","8","1","R","0","0","","","","0","0","0","0","0","0"
"1620","","HS 2007","Harmonized System 2007","Gabon","266'","2019","1","31024000'","  "," - M?langes de nitrate d'ammonium et de carbonate de calcium ou d'autres mati?res inorganiques d?pourvues de pouvoir fertilisant","31'","Fertilisers","3102'","Mineral or chemical fertilisers, nitrogenous.","310240'"," - Mixtures of ammonium nitrate with calcium carbonate or other inorganic non-fertilising substances","8","1","R","0","0","","","","0","0","0","0","0","0"
"1621","","HS 2007","Harmonized System 2007","Gabon","266'","2019","1","31025010'","  "," nitrate de sodiume d'une teneur en azotesuperieure ? 16,3%","31'","Fertilisers","3102'","Mineral or chemical fertilisers, nitrogenous.","310250'"," - Sodium nitrate","8","1","R","0","0","","","","0","0","0","0","0","0"
"1622","","HS 2007","Harmonized System 2007","Gabon","266'","2019","1","31025090'","  "," nitrate de sodium d'une teneur en azoten'excedent pas 16,3 %","31'","Fertilisers","3102'","Mineral or chemical fertilisers, nitrogenous.","310250'"," - Sodium nitrate","8","1","R","0","0","","","","0","0","0","0","0","0"
"1623","","HS 2007","Harmonized System 2007","Gabon","266'","2019","1","31026000'","  "," - Sels doubles et m?langes de nitrate de calcium et de nitrate d'ammonium","31'","Fertilisers","3102'","Mineral or chemical fertilisers, nitrogenous.","310260'"," - Double salts and mixtures of calcium nitrate and ammonium nitrate","8","1","R","0","0","","","","0","0","0","0","0","0"
"1624","","HS 2007","Harmonized System 2007","Gabon","266'","2019","1","31028000'","  "," - M?langes d'ur?e et de nitrate d'ammonium en solutions aqueuses ou ammoniacales","31'","Fertilisers","3102'","Mineral or chemical fertilisers, nitrogenous.","310280'"," - Mixtures of urea and ammonium nitrate in aqueous or ammoniacal solution","8","1","R","0","0","","","","0","0","0","0","0","0"
"1625","","HS 2007","Harmonized System 2007","Gabon","266'","2019","1","31029000'","  "," - Autres, y compris les m?langes non vis?s dans les sous-positions pr?c?dentes","31'","Fertilisers","3102'","Mineral or chemical fertilisers, nitrogenous.","310290'"," - Other, including mixtures not specified in the foregoing subheadings","8","1","R","0","0","","","","0","0","0","0","0","0"
"1626","","HS 2007","Harmonized System 2007","Gabon","266'","2019","1","31031000'","  "," - Superphosphates","31'","Fertilisers","3103'","Mineral or chemical fertilisers, phosphatic.","310310'"," - Superphosphates","8","1","R","0","0","","","","0","0","0","0","0","0"
"1627","","HS 2007","Harmonized System 2007","Gabon","266'","2019","1","31039000'","  "," - Autres","31'","Fertilisers","3103'","Mineral or chemical fertilisers, phosphatic.","310390'"," - Other","8","1","R","0","0","","","","0","0","0","0","0","0"
"1628","","HS 2007","Harmonized System 2007","Gabon","266'","2019","1","31042000'","  "," - Chlorure de potassium","31'","Fertilisers","3104'","Mineral or chemical fertilisers, potassic.","310420'"," - Potassium chloride","8","1","R","0","0","","","","0","0","0","0","0","0"
"1629","","HS 2007","Harmonized System 2007","Gabon","266'","2019","1","31043010'","  "," sulfate de potassium d'une teneur en k2osup?rieure ? 52 %","31'","Fertilisers","3104'","Mineral or chemical fertilisers, potassic.","310430'"," - Potassium sulphate","8","1","R","0","0","","","","0","0","0","0","0","0"
"1630","","HS 2007","Harmonized System 2007","Gabon","266'","2019","1","31043090'","  "," sulfate de potassium d'une teneur en k2on'?xc?dent pas 52%","31'","Fertilisers","3104'","Mineral or chemical fertilisers, potassic.","310430'"," - Potassium sulphate","8","1","R","0","0","","","","0","0","0","0","0","0"
"1631","","HS 2007","Harmonized System 2007","Gabon","266'","2019","1","31049010'","  "," sulfate de magn?sium et de potassium d'une teneur en k2o sup?rieure ? 30 %","31'","Fertilisers","3104'","Mineral or chemical fertilisers, potassic.","310490'"," - Other","8","1","R","0","0","","","","0","0","0","0","0","0"
"1632","","HS 2007","Harmonized System 2007","Gabon","266'","2019","1","31049090'","  "," sulfate de magn?sium et de potassium d'uneteneur en k2o n'exc?dant pas 30 %","31'","Fertilisers","3104'","Mineral or chemical fertilisers, potassic.","310490'"," - Other","8","1","R","0","0","","","","0","0","0","0","0","0"
"1633","","HS 2007","Harmonized System 2007","Gabon","266'","2019","1","31051010'","  "," ur?e ? usage d'engrais","31'","Fertilisers","3105'","Mineral or chemical fertilisers containing two or three of the fertilising elements nitrogen, phosph","310510'"," - Goods of this Chapter in tablets or similar forms or in packages of a gross weight not exceeding 1","8","1","R","0","0","","","","0","0","0","0","0","0"
"1634","","HS 2007","Harmonized System 2007","Gabon","266'","2019","1","31051090'","  "," engrais min?raux ou chimiques pr?sent? en tablettes ou dans des emballages PB<=10kg","31'","Fertilisers","3105'","Mineral or chemical fertilisers containing two or three of the fertilising elements nitrogen, phosph","310510'"," - Goods of this Chapter in tablets or similar forms or in packages of a gross weight not exceeding 1","8","1","R","0","0","","","","0","0","0","0","0","0"
"1635","","HS 2007","Harmonized System 2007","Gabon","266'","2019","1","31052000'","  "," - Engrais min?raux ou chimiques contenant les trois ?l?ments fertilisants: azote, phosphore et potassium","31'","Fertilisers","3105'","Mineral or chemical fertilisers containing two or three of the fertilising elements nitrogen, phosph","310520'"," - Mineral or chemical fertilisers containing the three fertilising elements nitrogen, phosphorus and","8","1","R","0","0","","","","0","0","0","0","0","0"
"1636","","HS 2007","Harmonized System 2007","Gabon","266'","2019","1","31053000'","  "," - Hydrog?noorthophosphate de diammonium (phosphate diammonique)","31'","Fertilisers","3105'","Mineral or chemical fertilisers containing two or three of the fertilising elements nitrogen, phosph","310530'"," - Diammonium hydrogenorthophosphate (diammonium phosphate)","8","1","R","0","0","","","","0","0","0","0","0","0"
"1637","","HS 2007","Harmonized System 2007","Gabon","266'","2019","1","31054000'","  "," - Dihydrog?noorthophosphate d'ammonium (phosphate monoammonique), m?me en m?lange avec l'hydrog?noorthophosphate de diammonium (phosphate diammonique)","31'","Fertilisers","3105'","Mineral or chemical fertilisers containing two or three of the fertilising elements nitrogen, phosph","310540'"," - Ammonium dihydrogenorthophosphate (monoammonium phosphate) and mixtures thereof with diammonium hy","8","1","R","0","0","","","","0","0","0","0","0","0"
"1638","","HS 2007","Harmonized System 2007","Gabon","266'","2019","1","31055100'","  "," -- Contenant des nitrates et des phosphates","31'","Fertilisers","3105'","Mineral or chemical fertilisers containing two or three of the fertilising elements nitrogen, phosph","310551'"," -- Containing nitrates and phosphates","8","1","R","0","0","","","","0","0","0","0","0","0"
"1639","","HS 2007","Harmonized System 2007","Gabon","266'","2019","1","31055900'","  "," -- Autres","31'","Fertilisers","3105'","Mineral or chemical fertilisers containing two or three of the fertilising elements nitrogen, phosph","310559'"," -- Other","8","1","R","0","0","","","","0","0","0","0","0","0"
"1640","","HS 2007","Harmonized System 2007","Gabon","266'","2019","1","31056000'","  "," - Engrais min?raux ou chimiques contenant les deux ?l?ments fertilisants: phosphore et potassium","31'","Fertilisers","3105'","Mineral or chemical fertilisers containing two or three of the fertilising elements nitrogen, phosph","310560'"," - Mineral or chemical fertilisers containing the two fertilising elements phosphorus and potassium","8","1","R","0","0","","","","0","0","0","0","0","0"
"1641","","HS 2007","Harmonized System 2007","Gabon","266'","2019","1","31059000'","  "," - Autres","31'","Fertilisers","3105'","Mineral or chemical fertilisers containing two or three of the fertilising elements nitrogen, phosph","310590'"," - Other","8","1","R","0","0","","","","0","0","0","0","0","0"
"1642","","HS 2007","Harmonized System 2007","Gabon","266'","2019","1","32011000'","  "," - Extrait de quebracho","32'","Tanning or dyeing extracts; tannins and their derivatives; dyes, pigments and other colouring matter","3201'","Tanning extracts of vegetable origin; tannins and their salts, ethers, esters and other derivatives.","320110'"," - Quebracho extract","8","1","R","0","0","","","","0","0","0","0","0","0"
"1643","","HS 2007","Harmonized System 2007","Gabon","266'","2019","1","32012000'","  "," - Extrait de mimosa","32'","Tanning or dyeing extracts; tannins and their derivatives; dyes, pigments and other colouring matter","3201'","Tanning extracts of vegetable origin; tannins and their salts, ethers, esters and other derivatives.","320120'"," - Wattle extract","8","1","R","0","0","","","","0","0","0","0","0","0"
"1644","","HS 2007","Harmonized System 2007","Gabon","266'","2019","1","32019000'","  "," - Autres","32'","Tanning or dyeing extracts; tannins and their derivatives; dyes, pigments and other colouring matter","3201'","Tanning extracts of vegetable origin; tannins and their salts, ethers, esters and other derivatives.","320190'"," - Other","8","1","R","0","0","","","","0","0","0","0","0","0"
"1645","","HS 2007","Harmonized System 2007","Gabon","266'","2019","1","32021000'","  "," - Produits tannants organiques synth?tiques","32'","Tanning or dyeing extracts; tannins and their derivatives; dyes, pigments and other colouring matter","3202'","Synthetic organic tanning substances; inorganic tanning substances; tanning preparations, whether or","320210'"," - Synthetic organic tanning substances","8","1","R","0","0","","","","0","0","0","0","0","0"
"1646","","HS 2007","Harmonized System 2007","Gabon","266'","2019","1","32029000'","  "," - Autres","32'","Tanning or dyeing extracts; tannins and their derivatives; dyes, pigments and other colouring matter","3202'","Synthetic organic tanning substances; inorganic tanning substances; tanning preparations, whether or","320290'"," - Other","8","1","R","0","0","","","","0","0","0","0","0","0"
"1647","","HS 2007","Harmonized System 2007","Gabon","266'","2019","1","32030000'","  "," Mati?res colorantes d'origine v?g?tale ou animale (y compris les extraits tinctoriaux mais ? l'exclusion des noirs d'origine animale), m?me de constitution chimique d?finie; pr?parations vis?es ? la Note 3 du pr?sent Chapitre, ? base de mati?res","32'","Tanning or dyeing extracts; tannins and their derivatives; dyes, pigments and other colouring matter","3203'","Colouring matter of vegetable or animal origin (including dyeing extracts but excluding animal black","320300'"," Colouring matter of vegetable or animal origin (including dyeing extracts but excluding animal black","8","1","R","0","0","","","","0","0","0","0","0","0"
"1648","","HS 2007","Harmonized System 2007","Gabon","266'","2019","1","32041100'","  "," -- Colorants dispers?s et pr?parations ? base de ces colorants","32'","Tanning or dyeing extracts; tannins and their derivatives; dyes, pigments and other colouring matter","3204'","Synthetic organic colouring matter, whether or not chemically defined; preparations as specified in ","320411'"," -- Disperse dyes and preparations based thereon","8","1","R","0","0","","","","0","0","0","0","0","0"
"1649","","HS 2007","Harmonized System 2007","Gabon","266'","2019","1","32041200'","  "," -- Colorants acides, m?me m?tallis?s, et pr?parations ? base de ces colorants; colorants ? mordants et pr?parations ? base de ces colorants","32'","Tanning or dyeing extracts; tannins and their derivatives; dyes, pigments and other colouring matter","3204'","Synthetic organic colouring matter, whether or not chemically defined; preparations as specified in ","320412'"," -- Acid dyes, whether or not premetallised, and preparations based thereon; mordant dyes and prepara","8","1","R","0","0","","","","0","0","0","0","0","0"
"1650","","HS 2007","Harmonized System 2007","Gabon","266'","2019","1","32041300'","  "," -- Colorants basiques et pr?parations ? base de ces colorants","32'","Tanning or dyeing extracts; tannins and their derivatives; dyes, pigments and other colouring matter","3204'","Synthetic organic colouring matter, whether or not chemically defined; preparations as specified in ","320413'"," -- Basic dyes and preparations based thereon","8","1","R","0","0","","","","0","0","0","0","0","0"
"1651","","HS 2007","Harmonized System 2007","Gabon","266'","2019","1","32041400'","  "," -- Colorants directs et pr?parations ? base de ces colorants","32'","Tanning or dyeing extracts; tannins and their derivatives; dyes, pigments and other colouring matter","3204'","Synthetic organic colouring matter, whether or not chemically defined; preparations as specified in ","320414'"," -- Direct dyes and preparations based thereon","8","1","R","0","0","","","","0","0","0","0","0","0"
"1652","","HS 2007","Harmonized System 2007","Gabon","266'","2019","1","32041500'","  "," -- Colorants de cuve (y compris ceux utilisables en l'?tat comme colorants pigmentaires) et pr?parations ? base de ces colorants","32'","Tanning or dyeing extracts; tannins and their derivatives; dyes, pigments and other colouring matter","3204'","Synthetic organic colouring matter, whether or not chemically defined; preparations as specified in ","320415'"," -- Vat dyes (including those usable in that state as pigments) and preparations based thereon","8","1","R","0","0","","","","0","0","0","0","0","0"
"1653","","HS 2007","Harmonized System 2007","Gabon","266'","2019","1","32041600'","  "," -- Colorants r?actifs et pr?parations ? base de ces colorants","32'","Tanning or dyeing extracts; tannins and their derivatives; dyes, pigments and other colouring matter","3204'","Synthetic organic colouring matter, whether or not chemically defined; preparations as specified in ","320416'"," -- Reactive dyes and preparations based thereon","8","1","R","0","0","","","","0","0","0","0","0","0"
"1654","","HS 2007","Harmonized System 2007","Gabon","266'","2019","1","32041700'","  "," -- Colorants pigmentaires et pr?parations ? base de ces colorants","32'","Tanning or dyeing extracts; tannins and their derivatives; dyes, pigments and other colouring matter","3204'","Synthetic organic colouring matter, whether or not chemically defined; preparations as specified in ","320417'"," -- Pigments and preparations based thereon","8","1","R","0","0","","","","0","0","0","0","0","0"
"1655","","HS 2007","Harmonized System 2007","Gabon","266'","2019","1","32041900'","  "," -- Autres, y compris les m?langes de mati?res colorantes d'au moins deux des n?s 3204.11 ? 3204.19","32'","Tanning or dyeing extracts; tannins and their derivatives; dyes, pigments and other colouring matter","3204'","Synthetic organic colouring matter, whether or not chemically defined; preparations as specified in ","320419'"," -- Other, including mixtures of colouring matter of two or more of the subheadings 3204.11 to 3204.1","8","1","R","0","0","","","","0","0","0","0","0","0"
"1656","","HS 2007","Harmonized System 2007","Gabon","266'","2019","1","32042000'","  "," - Produits organiques synth?tiques des types utilis?s comme agents d'avivage fluorescents","32'","Tanning or dyeing extracts; tannins and their derivatives; dyes, pigments and other colouring matter","3204'","Synthetic organic colouring matter, whether or not chemically defined; preparations as specified in ","320420'"," - Synthetic organic products of a kind used as fluorescent brightening agents","8","1","R","0","0","","","","0","0","0","0","0","0"
"1657","","HS 2007","Harmonized System 2007","Gabon","266'","2019","1","32049000'","  "," - Autres","32'","Tanning or dyeing extracts; tannins and their derivatives; dyes, pigments and other colouring matter","3204'","Synthetic organic colouring matter, whether or not chemically defined; preparations as specified in ","320490'"," - Other","8","1","R","0","0","","","","0","0","0","0","0","0"
"1658","","HS 2007","Harmonized System 2007","Gabon","266'","2019","1","32050000'","  "," Laques colorantes; pr?parations vis?es ? la Note 3 du pr?sent Chapitre, ? base de laques colorantes.","32'","Tanning or dyeing extracts; tannins and their derivatives; dyes, pigments and other colouring matter","3205'","Colour lakes; preparations as specified in Note 3 to this Chapter based on colour lakes.","320500'"," Colour lakes; preparations as specified in Note 3 to this Chapter based on colour lakes.","8","1","R","0","0","","","","0","0","0","0","0","0"
"1659","","HS 2007","Harmonized System 2007","Gabon","266'","2019","1","32061100'","  "," -- Contenant en poids 80 % ou plus de dioxyde de titane, calcul? sur mati?re s?che","32'","Tanning or dyeing extracts; tannins and their derivatives; dyes, pigments and other colouring matter","3206'","Other colouring matter; preparations as specified in Note 3 to this Chapter, other than those of hea","320611'"," -- Containing 80% or more by weight of titanium dioxide calculated on the dry matter","8","1","R","0","0","","","","0","0","0","0","0","0"
"1660","","HS 2007","Harmonized System 2007","Gabon","266'","2019","1","32061900'","  "," -- Autres","32'","Tanning or dyeing extracts; tannins and their derivatives; dyes, pigments and other colouring matter","3206'","Other colouring matter; preparations as specified in Note 3 to this Chapter, other than those of hea","320619'"," -- Other","8","1","R","0","0","","","","0","0","0","0","0","0"
"1661","","HS 2007","Harmonized System 2007","Gabon","266'","2019","1","32062000'","  "," - Pigments et pr?parations ? base de compos?s du chrome","32'","Tanning or dyeing extracts; tannins and their derivatives; dyes, pigments and other colouring matter","3206'","Other colouring matter; preparations as specified in Note 3 to this Chapter, other than those of hea","320620'"," - Pigments and preparations based on chromium compounds","8","1","R","0","0","","","","0","0","0","0","0","0"
"1662","","HS 2007","Harmonized System 2007","Gabon","266'","2019","1","32064100'","  "," -- Outremer et ses pr?parations","32'","Tanning or dyeing extracts; tannins and their derivatives; dyes, pigments and other colouring matter","3206'","Other colouring matter; preparations as specified in Note 3 to this Chapter, other than those of hea","320641'"," -- Ultramarine and preparations based thereon","8","1","R","0","0","","","","0","0","0","0","0","0"
"1663","","HS 2007","Harmonized System 2007","Gabon","266'","2019","1","32064200'","  "," -- Lithopone, autres pigments et pr?parations ? base de sulfure de zinc","32'","Tanning or dyeing extracts; tannins and their derivatives; dyes, pigments and other colouring matter","3206'","Other colouring matter; preparations as specified in Note 3 to this Chapter, other than those of hea","320642'"," -- Lithopone and other pigments and preparations based on zinc sulphide","8","1","R","0","0","","","","0","0","0","0","0","0"
"1664","","HS 2007","Harmonized System 2007","Gabon","266'","2019","1","32064900'","  "," -- Autres","32'","Tanning or dyeing extracts; tannins and their derivatives; dyes, pigments and other colouring matter","3206'","Other colouring matter; preparations as specified in Note 3 to this Chapter, other than those of hea","320649'"," -- Other","8","1","R","0","0","","","","0","0","0","0","0","0"
"1665","","HS 2007","Harmonized System 2007","Gabon","266'","2019","1","32065000'","  "," - Produits inorganiques des types utilis?s comme luminophores","32'","Tanning or dyeing extracts; tannins and their derivatives; dyes, pigments and other colouring matter","3206'","Other colouring matter; preparations as specified in Note 3 to this Chapter, other than those of hea","320650'"," - Inorganic products of a kind used as luminophores","8","1","R","0","0","","","","0","0","0","0","0","0"
"1666","","HS 2007","Harmonized System 2007","Gabon","266'","2019","1","32071000'","  "," - Pigments, opacifiants et couleurs pr?par?s et pr?parations similaires","32'","Tanning or dyeing extracts; tannins and their derivatives; dyes, pigments and other colouring matter","3207'","Prepared pigments, prepared opacifiers and prepared colours, vitrifiable enamels and glazes, engobes","320710'"," - Prepared pigments, prepared opacifiers, prepared colours and similar preparations","8","1","R","0","0","","","","0","0","0","0","0","0"
"1667","","HS 2007","Harmonized System 2007","Gabon","266'","2019","1","32072000'","  "," - Compositions vitrifiables, engobes et pr?parations similaires","32'","Tanning or dyeing extracts; tannins and their derivatives; dyes, pigments and other colouring matter","3207'","Prepared pigments, prepared opacifiers and prepared colours, vitrifiable enamels and glazes, engobes","320720'"," - Vitrifiable enamels and glazes, engobes (slips) and similar preparations","8","1","R","0","0","","","","0","0","0","0","0","0"
"1668","","HS 2007","Harmonized System 2007","Gabon","266'","2019","1","32073000'","  "," - Lustres liquides et pr?parations similaires","32'","Tanning or dyeing extracts; tannins and their derivatives; dyes, pigments and other colouring matter","3207'","Prepared pigments, prepared opacifiers and prepared colours, vitrifiable enamels and glazes, engobes","320730'"," - Liquid lustres and similar preparations","8","1","R","0","0","","","","0","0","0","0","0","0"
"1669","","HS 2007","Harmonized System 2007","Gabon","266'","2019","1","32074000'","  "," - Frittes et autres verres, sous forme de poudre, de grenailles, de lamelles ou de flocons","32'","Tanning or dyeing extracts; tannins and their derivatives; dyes, pigments and other colouring matter","3207'","Prepared pigments, prepared opacifiers and prepared colours, vitrifiable enamels and glazes, engobes","320740'"," - Glass frit and other glass, in the form of powder, granules or flakes","8","1","R","0","0","","","","0","0","0","0","0","0"
"1670","","HS 2007","Harmonized System 2007","Gabon","266'","2019","1","32081000'","  "," - A base de polyesters","32'","Tanning or dyeing extracts; tannins and their derivatives; dyes, pigments and other colouring matter","3208'","Paints and varnishes (including enamels and lacquers) based on synthetic polymers or chemically modi","320810'"," - Based on polyesters","8","1","R","0","0","","","","0","0","0","0","0","0"
"1671","","HS 2007","Harmonized System 2007","Gabon","266'","2019","1","32082000'","  "," - A base de polym?res acryliques ou vinyliques","32'","Tanning or dyeing extracts; tannins and their derivatives; dyes, pigments and other colouring matter","3208'","Paints and varnishes (including enamels and lacquers) based on synthetic polymers or chemically modi","320820'"," - Based on acrylic or vinyl polymers","8","1","R","0","0","","","","0","0","0","0","0","0"
"1672","","HS 2007","Harmonized System 2007","Gabon","266'","2019","1","32089000'","  "," - Autres","32'","Tanning or dyeing extracts; tannins and their derivatives; dyes, pigments and other colouring matter","3208'","Paints and varnishes (including enamels and lacquers) based on synthetic polymers or chemically modi","320890'"," - Other","8","1","R","0","0","","","","0","0","0","0","0","0"
"1673","","HS 2007","Harmonized System 2007","Gabon","266'","2019","1","32091000'","  "," - A base de polym?res acryliques ou vinyliques","32'","Tanning or dyeing extracts; tannins and their derivatives; dyes, pigments and other colouring matter","3209'","Paints and varnishes (including enamels and lacquers) based on synthetic polymers or chemically modi","320910'"," - Based on acrylic or vinyl polymers","8","1","R","0","0","","","","0","0","0","0","0","0"
"1674","","HS 2007","Harmonized System 2007","Gabon","266'","2019","1","32099000'","  "," - Autres","32'","Tanning or dyeing extracts; tannins and their derivatives; dyes, pigments and other colouring matter","3209'","Paints and varnishes (including enamels and lacquers) based on synthetic polymers or chemically modi","320990'"," - Other","8","1","R","0","0","","","","0","0","0","0","0","0"
"1675","","HS 2007","Harmonized System 2007","Gabon","266'","2019","1","32100000'","  "," Autres peintures et vernis; pigments ? l'eau pr?par?s des types utilis?s pour le finissage des cuirs.","32'","Tanning or dyeing extracts; tannins and their derivatives; dyes, pigments and other colouring matter","3210'","Other paints and varnishes (including enamels, lacquers and distempers); prepared water pigments of ","321000'"," Other paints and varnishes (including enamels, lacquers and distempers); prepared water pigments of ","8","1","R","0","0","","","","0","0","0","0","0","0"
"1676","","HS 2007","Harmonized System 2007","Gabon","266'","2019","1","32110000'","  "," Siccatifs pr?par?s.","32'","Tanning or dyeing extracts; tannins and their derivatives; dyes, pigments and other colouring matter","3211'","Prepared driers.","321100'"," Prepared driers.","8","1","R","0","0","","","","0","0","0","0","0","0"
"1677","","HS 2007","Harmonized System 2007","Gabon","266'","2019","1","32121000'","  "," - Feuilles pour le marquage au fer","32'","Tanning or dyeing extracts; tannins and their derivatives; dyes, pigments and other colouring matter","3212'","Pigments (including metallic powders and flakes) dispersed in non-aqueous media, in liquid or paste ","321210'"," - Stamping foils","8","1","R","0","0","","","","0","0","0","0","0","0"
"1678","","HS 2007","Harmonized System 2007","Gabon","266'","2019","1","32129000'","  "," - Autres","32'","Tanning or dyeing extracts; tannins and their derivatives; dyes, pigments and other colouring matter","3212'","Pigments (including metallic powders and flakes) dispersed in non-aqueous media, in liquid or paste ","321290'"," - Other","8","1","R","0","0","","","","0","0","0","0","0","0"
"1679","","HS 2007","Harmonized System 2007","Gabon","266'","2019","1","32131000'","  "," - Couleurs en assortiments","32'","Tanning or dyeing extracts; tannins and their derivatives; dyes, pigments and other colouring matter","3213'","Artists', students' or signboard painters' colours, modifying tints, amusement colours and the like,","321310'"," - Colours in sets","8","1","R","0","0","","","","0","0","0","0","0","0"
"1680","","HS 2007","Harmonized System 2007","Gabon","266'","2019","1","32139000'","  "," - Autres","32'","Tanning or dyeing extracts; tannins and their derivatives; dyes, pigments and other colouring matter","3213'","Artists', students' or signboard painters' colours, modifying tints, amusement colours and the like,","321390'"," - Other","8","1","R","0","0","","","","0","0","0","0","0","0"
"1681","","HS 2007","Harmonized System 2007","Gabon","266'","2019","1","32141000'","  "," - Mastic de vitrier, ciments de r?sine et autres mastics; enduits utilis?s en peinture","32'","Tanning or dyeing extracts; tannins and their derivatives; dyes, pigments and other colouring matter","3214'","Glaziers' putty, grafting putty, resin cements, caulking compounds and other mastics; painters' fill","321410'"," - Glaziers' putty, grafting putty, resin cements, caulking compounds and other mastics; painters' fi","8","1","R","0","0","","","","0","0","0","0","0","0"
"1682","","HS 2007","Harmonized System 2007","Gabon","266'","2019","1","32149000'","  "," - Autres","32'","Tanning or dyeing extracts; tannins and their derivatives; dyes, pigments and other colouring matter","3214'","Glaziers' putty, grafting putty, resin cements, caulking compounds and other mastics; painters' fill","321490'"," - Other","8","1","R","0","0","","","","0","0","0","0","0","0"
"1683","","HS 2007","Harmonized System 2007","Gabon","266'","2019","1","32151100'","  "," -- Noires","32'","Tanning or dyeing extracts; tannins and their derivatives; dyes, pigments and other colouring matter","3215'","Printing ink, writing or drawing ink and other inks, whether or not concentrated or solid.","321511'"," -- Black","8","1","R","0","0","","","","0","0","0","0","0","0"
"1684","","HS 2007","Harmonized System 2007","Gabon","266'","2019","1","32151900'","  "," -- Autres","32'","Tanning or dyeing extracts; tannins and their derivatives; dyes, pigments and other colouring matter","3215'","Printing ink, writing or drawing ink and other inks, whether or not concentrated or solid.","321519'"," -- Other","8","1","R","0","0","","","","0","0","0","0","0","0"
"1685","","HS 2007","Harmonized System 2007","Gabon","266'","2019","1","32159000'","  "," - Autres","32'","Tanning or dyeing extracts; tannins and their derivatives; dyes, pigments and other colouring matter","3215'","Printing ink, writing or drawing ink and other inks, whether or not concentrated or solid.","321590'"," - Other","8","1","R","0","0","","","","0","0","0","0","0","0"
"1686","","HS 2007","Harmonized System 2007","Gabon","266'","2019","1","33011200'","  "," -- D'orange","33'","Essential oils and resinoids; perfumery, cosmetic or toilet preparations","3301'","Essential oils (terpeneless or not), including concretes and absolutes; resinoids; extracted oleores","330112'"," -- Of orange","8","1","R","0","0","","","","0","0","0","0","0","0"
"1687","","HS 2007","Harmonized System 2007","Gabon","266'","2019","1","33011300'","  "," -- De citron","33'","Essential oils and resinoids; perfumery, cosmetic or toilet preparations","3301'","Essential oils (terpeneless or not), including concretes and absolutes; resinoids; extracted oleores","330113'"," -- Of lemon","8","1","R","0","0","","","","0","0","0","0","0","0"
"1688","","HS 2007","Harmonized System 2007","Gabon","266'","2019","1","33011900'","  "," -- Autres","33'","Essential oils and resinoids; perfumery, cosmetic or toilet preparations","3301'","Essential oils (terpeneless or not), including concretes and absolutes; resinoids; extracted oleores","330119'"," -- Other","8","1","R","0","0","","","","0","0","0","0","0","0"
"1689","","HS 2007","Harmonized System 2007","Gabon","266'","2019","1","33012400'","  "," -- De menthe poivr?e (Mentha piperita)","33'","Essential oils and resinoids; perfumery, cosmetic or toilet preparations","3301'","Essential oils (terpeneless or not), including concretes and absolutes; resinoids; extracted oleores","330124'"," -- Of peppermint (Mentha piperita)","8","1","R","0","0","","","","0","0","0","0","0","0"
"1690","","HS 2007","Harmonized System 2007","Gabon","266'","2019","1","33012500'","  "," -- D'autres menthes","33'","Essential oils and resinoids; perfumery, cosmetic or toilet preparations","3301'","Essential oils (terpeneless or not), including concretes and absolutes; resinoids; extracted oleores","330125'"," -- Of other mints","8","1","R","0","0","","","","0","0","0","0","0","0"
"1691","","HS 2007","Harmonized System 2007","Gabon","266'","2019","1","33012900'","  "," -- Autres","33'","Essential oils and resinoids; perfumery, cosmetic or toilet preparations","3301'","Essential oils (terpeneless or not), including concretes and absolutes; resinoids; extracted oleores","330129'"," -- Other","8","1","R","0","0","","","","0","0","0","0","0","0"
"1692","","HS 2007","Harmonized System 2007","Gabon","266'","2019","1","33013000'","  "," - R?sino?des","33'","Essential oils and resinoids; perfumery, cosmetic or toilet preparations","3301'","Essential oils (terpeneless or not), including concretes and absolutes; resinoids; extracted oleores","330130'"," - Resinoids","8","1","R","0","0","","","","0","0","0","0","0","0"
"1693","","HS 2007","Harmonized System 2007","Gabon","266'","2019","1","33019000'","  "," - Autres","33'","Essential oils and resinoids; perfumery, cosmetic or toilet preparations","3301'","Essential oils (terpeneless or not), including concretes and absolutes; resinoids; extracted oleores","330190'"," - Other","8","1","R","0","0","","","","0","0","0","0","0","0"
"1694","","HS 2007","Harmonized System 2007","Gabon","266'","2019","1","33021000'","  "," - Des types utilis?s pour les industries alimentaires ou des boissons","33'","Essential oils and resinoids; perfumery, cosmetic or toilet preparations","3302'","Mixtures of odoriferous substances and mixtures (including alcoholic solutions) with a basis of one ","330210'"," - Of a kind used in the food or drink industries","8","1","R","0","0","","","","0","0","0","0","0","0"
"1695","","HS 2007","Harmonized System 2007","Gabon","266'","2019","1","33029000'","  "," - Autres","33'","Essential oils and resinoids; perfumery, cosmetic or toilet preparations","3302'","Mixtures of odoriferous substances and mixtures (including alcoholic solutions) with a basis of one ","330290'"," - Other","8","1","R","0","0","","","","0","0","0","0","0","0"
"1696","","HS 2007","Harmonized System 2007","Gabon","266'","2019","1","33030000'","  "," Parfums et eaux de toilette.","33'","Essential oils and resinoids; perfumery, cosmetic or toilet preparations","3303'","Perfumes and toilet waters.","330300'"," Perfumes and toilet waters.","8","1","R","0","0","","","","0","0","0","0","0","0"
"1697","","HS 2007","Harmonized System 2007","Gabon","266'","2019","1","33041000'","  "," - Produits de maquillage pour les l?vres","33'","Essential oils and resinoids; perfumery, cosmetic or toilet preparations","3304'","Beauty or make-up preparations and preparations for the care of the skin (other than medicaments), i","330410'"," - Lip make-up preparations","8","1","R","0","0","","","","0","0","0","0","0","0"
"1698","","HS 2007","Harmonized System 2007","Gabon","266'","2019","1","33042000'","  "," - Produits de maquillage pour les yeux","33'","Essential oils and resinoids; perfumery, cosmetic or toilet preparations","3304'","Beauty or make-up preparations and preparations for the care of the skin (other than medicaments), i","330420'"," - Eye make-up preparations","8","1","R","0","0","","","","0","0","0","0","0","0"
"1699","","HS 2007","Harmonized System 2007","Gabon","266'","2019","1","33043000'","  "," - Pr?parations pour manucures ou p?dicures","33'","Essential oils and resinoids; perfumery, cosmetic or toilet preparations","3304'","Beauty or make-up preparations and preparations for the care of the skin (other than medicaments), i","330430'"," - Manicure or pedicure preparations","8","1","R","0","0","","","","0","0","0","0","0","0"
"1700","","HS 2007","Harmonized System 2007","Gabon","266'","2019","1","33049100'","  "," -- Poudres, y compris les poudres compactes","33'","Essential oils and resinoids; perfumery, cosmetic or toilet preparations","3304'","Beauty or make-up preparations and preparations for the care of the skin (other than medicaments), i","330491'"," -- Powders, whether or not compressed","8","1","R","0","0","","","","0","0","0","0","0","0"
"1701","","HS 2007","Harmonized System 2007","Gabon","266'","2019","1","33049900'","  "," -- Autres","33'","Essential oils and resinoids; perfumery, cosmetic or toilet preparations","3304'","Beauty or make-up preparations and preparations for the care of the skin (other than medicaments), i","330499'"," -- Other","8","1","R","0","0","","","","0","0","0","0","0","0"
"1702","","HS 2007","Harmonized System 2007","Gabon","266'","2019","1","33051000'","  "," - Shampooings","33'","Essential oils and resinoids; perfumery, cosmetic or toilet preparations","3305'","Preparations for use on the hair.","330510'"," - Shampoos","8","1","R","0","0","","","","0","0","0","0","0","0"
"1703","","HS 2007","Harmonized System 2007","Gabon","266'","2019","1","33052000'","  "," - Pr?parations pour l'ondulation ou le d?frisage permanents","33'","Essential oils and resinoids; perfumery, cosmetic or toilet preparations","3305'","Preparations for use on the hair.","330520'"," - Preparations for permanent waving or straightening","8","1","R","0","0","","","","0","0","0","0","0","0"
"1704","","HS 2007","Harmonized System 2007","Gabon","266'","2019","1","33053000'","  "," - Laques pour cheveux","33'","Essential oils and resinoids; perfumery, cosmetic or toilet preparations","3305'","Preparations for use on the hair.","330530'"," - Hair lacquers","8","1","R","0","0","","","","0","0","0","0","0","0"
"1705","","HS 2007","Harmonized System 2007","Gabon","266'","2019","1","33059000'","  "," - Autres","33'","Essential oils and resinoids; perfumery, cosmetic or toilet preparations","3305'","Preparations for use on the hair.","330590'"," - Other","8","1","R","0","0","","","","0","0","0","0","0","0"
"1706","","HS 2007","Harmonized System 2007","Gabon","266'","2019","1","33061000'","  "," - Dentifrices","33'","Essential oils and resinoids; perfumery, cosmetic or toilet preparations","3306'","Preparations for oral or dental hygiene, including denture fixative pastes and powders; yarn used to","330610'"," - Dentifrices","8","1","R","0","0","","","","0","0","0","0","0","0"
"1707","","HS 2007","Harmonized System 2007","Gabon","266'","2019","1","33062000'","  "," - Fils utilis?s pour nettoyer les espaces interdentaires (fils dentaires)","33'","Essential oils and resinoids; perfumery, cosmetic or toilet preparations","3306'","Preparations for oral or dental hygiene, including denture fixative pastes and powders; yarn used to","330620'"," - Yarn used to clean between the teeth (dental floss)","8","1","R","0","0","","","","0","0","0","0","0","0"
"1708","","HS 2007","Harmonized System 2007","Gabon","266'","2019","1","33069000'","  "," - Autres","33'","Essential oils and resinoids; perfumery, cosmetic or toilet preparations","3306'","Preparations for oral or dental hygiene, including denture fixative pastes and powders; yarn used to","330690'"," - Other","8","1","R","0","0","","","","0","0","0","0","0","0"
"1709","","HS 2007","Harmonized System 2007","Gabon","266'","2019","1","33071000'","  "," - Pr?parations pour le pr?rasage, le rasage ou l'apr?s- rasage","33'","Essential oils and resinoids; perfumery, cosmetic or toilet preparations","3307'","Pre-shave, shaving or after-shave preparations, personal deodorants, bath preparations, depilatories","330710'"," - Pre-shave, shaving or after-shave preparations","8","1","R","0","0","","","","0","0","0","0","0","0"
"1710","","HS 2007","Harmonized System 2007","Gabon","266'","2019","1","33072000'","  "," - D?sodorisants corporels et antisudoraux","33'","Essential oils and resinoids; perfumery, cosmetic or toilet preparations","3307'","Pre-shave, shaving or after-shave preparations, personal deodorants, bath preparations, depilatories","330720'"," - Personal deodorants and antiperspirants","8","1","R","0","0","","","","0","0","0","0","0","0"
"1711","","HS 2007","Harmonized System 2007","Gabon","266'","2019","1","33073000'","  "," - Sels parfum?s et autres pr?parations pour bains","33'","Essential oils and resinoids; perfumery, cosmetic or toilet preparations","3307'","Pre-shave, shaving or after-shave preparations, personal deodorants, bath preparations, depilatories","330730'"," - Perfumed bath salts and other bath preparations","8","1","R","0","0","","","","0","0","0","0","0","0"
"1712","","HS 2007","Harmonized System 2007","Gabon","266'","2019","1","33074100'","  "," -- ?Agarbatti? et autres pr?parations odorif?rantes agissant par combustion","33'","Essential oils and resinoids; perfumery, cosmetic or toilet preparations","3307'","Pre-shave, shaving or after-shave preparations, personal deodorants, bath preparations, depilatories","330741'"," -- ?Agarbatti? and other odoriferous preparations which operate by burning","8","1","R","0","0","","","","0","0","0","0","0","0"
"1713","","HS 2007","Harmonized System 2007","Gabon","266'","2019","1","33074900'","  "," -- Autres","33'","Essential oils and resinoids; perfumery, cosmetic or toilet preparations","3307'","Pre-shave, shaving or after-shave preparations, personal deodorants, bath preparations, depilatories","330749'"," -- Other","8","1","R","0","0","","","","0","0","0","0","0","0"
"1714","","HS 2007","Harmonized System 2007","Gabon","266'","2019","1","33079000'","  "," - Autres","33'","Essential oils and resinoids; perfumery, cosmetic or toilet preparations","3307'","Pre-shave, shaving or after-shave preparations, personal deodorants, bath preparations, depilatories","330790'"," - Other","8","1","R","0","0","","","","0","0","0","0","0","0"
"1715","","HS 2007","Harmonized System 2007","Gabon","266'","2019","1","34011100'","  "," -- De toilette (y compris ceux ? usages m?dicaux)","34'","Soap, organic surface-active agents, washing preparations, lubricating preparations, artificial waxe","3401'","Soap; organic surface-active products and preparations for use as soap, in the form of bars, cakes, ","340111'"," -- For toilet use (including medicated products)","8","1","R","0","0","","","","0","0","0","0","0","0"
"1716","","HS 2007","Harmonized System 2007","Gabon","266'","2019","1","34011910'","  "," savons de m?nage","34'","Soap, organic surface-active agents, washing preparations, lubricating preparations, artificial waxe","3401'","Soap; organic surface-active products and preparations for use as soap, in the form of bars, cakes, ","340119'"," -- Other","8","1","R","0","0","","","","0","0","0","0","0","0"
"1717","","HS 2007","Harmonized System 2007","Gabon","266'","2019","1","34011990'","  "," savons,detergent,pr?parations tensio-activeen barres,morceaux,sur papiers ou feutres..","34'","Soap, organic surface-active agents, washing preparations, lubricating preparations, artificial waxe","3401'","Soap; organic surface-active products and preparations for use as soap, in the form of bars, cakes, ","340119'"," -- Other","8","1","R","0","0","","","","0","0","0","0","0","0"
"1718","","HS 2007","Harmonized System 2007","Gabon","266'","2019","1","34012000'","  "," - Savons sous autres formes","34'","Soap, organic surface-active agents, washing preparations, lubricating preparations, artificial waxe","3401'","Soap; organic surface-active products and preparations for use as soap, in the form of bars, cakes, ","340120'"," - Soap in other forms","8","1","R","0","0","","","","0","0","0","0","0","0"
"1719","","HS 2007","Harmonized System 2007","Gabon","266'","2019","1","34013000'","  "," - Produits et pr?parations organiques tensio-actifs destin?s au lavage de la peau, sous forme de liquide ou de cr?me, conditionn?s pour la vente au d?tail, m?me contenant du savon","34'","Soap, organic surface-active agents, washing preparations, lubricating preparations, artificial waxe","3401'","Soap; organic surface-active products and preparations for use as soap, in the form of bars, cakes, ","340130'"," - Organic surface-active products and preparations for washing the skin, in the form of liquid or cr","8","1","R","0","0","","","","0","0","0","0","0","0"
"1720","","HS 2007","Harmonized System 2007","Gabon","266'","2019","1","34021100'","  "," -- Anioniques","34'","Soap, organic surface-active agents, washing preparations, lubricating preparations, artificial waxe","3402'","Organic surface-active agents (other than soap); surface-active preparations, washing preparations (","340211'"," -- Anionic","8","1","R","0","0","","","","0","0","0","0","0","0"
"1721","","HS 2007","Harmonized System 2007","Gabon","266'","2019","1","34021200'","  "," -- Cationiques","34'","Soap, organic surface-active agents, washing preparations, lubricating preparations, artificial waxe","3402'","Organic surface-active agents (other than soap); surface-active preparations, washing preparations (","340212'"," -- Cationic","8","1","R","0","0","","","","0","0","0","0","0","0"
"1722","","HS 2007","Harmonized System 2007","Gabon","266'","2019","1","34021300'","  "," -- Non-ioniques","34'","Soap, organic surface-active agents, washing preparations, lubricating preparations, artificial waxe","3402'","Organic surface-active agents (other than soap); surface-active preparations, washing preparations (","340213'"," -- Non-ionic","8","1","R","0","0","","","","0","0","0","0","0","0"
"1723","","HS 2007","Harmonized System 2007","Gabon","266'","2019","1","34021900'","  "," -- Autres","34'","Soap, organic surface-active agents, washing preparations, lubricating preparations, artificial waxe","3402'","Organic surface-active agents (other than soap); surface-active preparations, washing preparations (","340219'"," -- Other","8","1","R","0","0","","","","0","0","0","0","0","0"
"1724","","HS 2007","Harmonized System 2007","Gabon","266'","2019","1","34022000'","  "," - Pr?parations conditionn?es pour la vente au d?tail","34'","Soap, organic surface-active agents, washing preparations, lubricating preparations, artificial waxe","3402'","Organic surface-active agents (other than soap); surface-active preparations, washing preparations (","340220'"," - Preparations put up for retail sale","8","1","R","0","0","","","","0","0","0","0","0","0"
"1725","","HS 2007","Harmonized System 2007","Gabon","266'","2019","1","34029000'","  "," - Autres","34'","Soap, organic surface-active agents, washing preparations, lubricating preparations, artificial waxe","3402'","Organic surface-active agents (other than soap); surface-active preparations, washing preparations (","340290'"," - Other","8","1","R","0","0","","","","0","0","0","0","0","0"
"1726","","HS 2007","Harmonized System 2007","Gabon","266'","2019","1","34031100'","  "," -- Pr?parations pour le traitement des mati?res textiles, du cuir, des pelleteries ou d'autres mati?res","34'","Soap, organic surface-active agents, washing preparations, lubricating preparations, artificial waxe","3403'","Lubricating preparations (including cutting-oil preparations, bolt or nut release preparations, anti","340311'"," -- Preparations for the treatment of textile materials, leather, furskins or other materials","8","1","R","0","0","","","","0","0","0","0","0","0"
"1727","","HS 2007","Harmonized System 2007","Gabon","266'","2019","1","34031900'","  "," -- Autres","34'","Soap, organic surface-active agents, washing preparations, lubricating preparations, artificial waxe","3403'","Lubricating preparations (including cutting-oil preparations, bolt or nut release preparations, anti","340319'"," -- Other","8","1","R","0","0","","","","0","0","0","0","0","0"
"1728","","HS 2007","Harmonized System 2007","Gabon","266'","2019","1","34039100'","  "," -- Pr?parations pour le traitement des mati?res textiles, du cuir, des pelleteries ou d'autres mati?res","34'","Soap, organic surface-active agents, washing preparations, lubricating preparations, artificial waxe","3403'","Lubricating preparations (including cutting-oil preparations, bolt or nut release preparations, anti","340391'"," -- Preparations for the treatment of textile materials, leather, furskins or other materials","8","1","R","0","0","","","","0","0","0","0","0","0"
"1729","","HS 2007","Harmonized System 2007","Gabon","266'","2019","1","34039900'","  "," -- Autres","34'","Soap, organic surface-active agents, washing preparations, lubricating preparations, artificial waxe","3403'","Lubricating preparations (including cutting-oil preparations, bolt or nut release preparations, anti","340399'"," -- Other","8","1","R","0","0","","","","0","0","0","0","0","0"
"1730","","HS 2007","Harmonized System 2007","Gabon","266'","2019","1","34042000'","  "," - De poly(oxy?thyl?ne) (poly?thyl?ne glycol)","34'","Soap, organic surface-active agents, washing preparations, lubricating preparations, artificial waxe","3404'","Artificial waxes and prepared waxes.","340420'"," - Of poly(oxyethylene) (polyethylene glycol)","8","1","R","0","0","","","","0","0","0","0","0","0"
"1731","","HS 2007","Harmonized System 2007","Gabon","266'","2019","1","34049000'","  "," - Autres","34'","Soap, organic surface-active agents, washing preparations, lubricating preparations, artificial waxe","3404'","Artificial waxes and prepared waxes.","340490'"," - Other","8","1","R","0","0","","","","0","0","0","0","0","0"
"1732","","HS 2007","Harmonized System 2007","Gabon","266'","2019","1","34051000'","  "," - Cirages, cr?mes et pr?parations similaires pour chaussures ou pour cuir","34'","Soap, organic surface-active agents, washing preparations, lubricating preparations, artificial waxe","3405'","Polishes and creams, for footwear, furniture, floors, coachwork, glass or metal, scouring pastes and","340510'"," - Polishes, creams and similar preparations for footwear or leather","8","1","R","0","0","","","","0","0","0","0","0","0"
"1733","","HS 2007","Harmonized System 2007","Gabon","266'","2019","1","34052000'","  "," - Encaustiques et pr?parations similaires pour l'entretien des meubles en bois, des parquets ou d'autres boiseries","34'","Soap, organic surface-active agents, washing preparations, lubricating preparations, artificial waxe","3405'","Polishes and creams, for footwear, furniture, floors, coachwork, glass or metal, scouring pastes and","340520'"," - Polishes, creams and similar preparations for the maintenance of wooden furniture, floors or other","8","1","R","0","0","","","","0","0","0","0","0","0"
"1734","","HS 2007","Harmonized System 2007","Gabon","266'","2019","1","34053000'","  "," - Brillants et pr?parations similaires pour carrosseries, autres que les brillants pour m?taux","34'","Soap, organic surface-active agents, washing preparations, lubricating preparations, artificial waxe","3405'","Polishes and creams, for footwear, furniture, floors, coachwork, glass or metal, scouring pastes and","340530'"," - Polishes and similar preparations for coachwork, other than metal polishes","8","1","R","0","0","","","","0","0","0","0","0","0"
"1735","","HS 2007","Harmonized System 2007","Gabon","266'","2019","1","34054000'","  "," - P?tes, poudres et autres pr?parations ? r?curer","34'","Soap, organic surface-active agents, washing preparations, lubricating preparations, artificial waxe","3405'","Polishes and creams, for footwear, furniture, floors, coachwork, glass or metal, scouring pastes and","340540'"," - Scouring pastes and powders and other scouring preparations","8","1","R","0","0","","","","0","0","0","0","0","0"
"1736","","HS 2007","Harmonized System 2007","Gabon","266'","2019","1","34059000'","  "," - Autres","34'","Soap, organic surface-active agents, washing preparations, lubricating preparations, artificial waxe","3405'","Polishes and creams, for footwear, furniture, floors, coachwork, glass or metal, scouring pastes and","340590'"," - Other","8","1","R","0","0","","","","0","0","0","0","0","0"
"1737","","HS 2007","Harmonized System 2007","Gabon","266'","2019","1","34060000'","  "," Bougies, chandelles, cierges et articles similaires.","34'","Soap, organic surface-active agents, washing preparations, lubricating preparations, artificial waxe","3406'","Candles, tapers and the like.","340600'"," Candles, tapers and the like.","8","1","R","0","0","","","","0","0","0","0","0","0"
"1738","","HS 2007","Harmonized System 2007","Gabon","266'","2019","1","34070010'","  "," Cire pour l'art dentaire, autres compositions...","34'","Soap, organic surface-active agents, washing preparations, lubricating preparations, artificial waxe","3407'","Modelling pastes, including those put up for children's amusement; preparations known as ?dental wax","340700'"," Modelling pastes, including those put up for children's amusement; preparations known as ?dental wax","8","1","R","0","0","","","","0","0","0","0","0","0"
"1739","","HS 2007","Harmonized System 2007","Gabon","266'","2019","1","34070020'","  "," P?te ? modeler","34'","Soap, organic surface-active agents, washing preparations, lubricating preparations, artificial waxe","3407'","Modelling pastes, including those put up for children's amusement; preparations known as ?dental wax","340700'"," Modelling pastes, including those put up for children's amusement; preparations known as ?dental wax","8","1","R","0","0","","","","0","0","0","0","0","0"
"1740","","HS 2007","Harmonized System 2007","Gabon","266'","2019","1","34070090'","  "," Autres produits du nx3407","34'","Soap, organic surface-active agents, washing preparations, lubricating preparations, artificial waxe","3407'","Modelling pastes, including those put up for children's amusement; preparations known as ?dental wax","340700'"," Modelling pastes, including those put up for children's amusement; preparations known as ?dental wax","8","1","R","0","0","","","","0","0","0","0","0","0"
"1741","","HS 2007","Harmonized System 2007","Gabon","266'","2019","1","35011000'","  "," - Cas?ines","35'","Albuminoidal substances; modified starches; glues; enzymes","3501'","Casein, caseinates and other casein derivatives; casein glues.","350110'"," - Casein","8","1","R","0","0","","","","0","0","0","0","0","0"
"1742","","HS 2007","Harmonized System 2007","Gabon","266'","2019","1","35019000'","  "," - Autres","35'","Albuminoidal substances; modified starches; glues; enzymes","3501'","Casein, caseinates and other casein derivatives; casein glues.","350190'"," - Other","8","1","R","0","0","","","","0","0","0","0","0","0"
"1743","","HS 2007","Harmonized System 2007","Gabon","266'","2019","1","35021100'","  "," -- S?ch?e","35'","Albuminoidal substances; modified starches; glues; enzymes","3502'","Albumins (including concentrates of two or more whey proteins, containing by weight more than 80% wh","350211'"," -- Dried","8","1","R","0","0","","","","0","0","0","0","0","0"
"1744","","HS 2007","Harmonized System 2007","Gabon","266'","2019","1","35021900'","  "," -- Autre","35'","Albuminoidal substances; modified starches; glues; enzymes","3502'","Albumins (including concentrates of two or more whey proteins, containing by weight more than 80% wh","350219'"," -- Other","8","1","R","0","0","","","","0","0","0","0","0","0"
"1745","","HS 2007","Harmonized System 2007","Gabon","266'","2019","1","35022000'","  "," - Lactalbumine, y compris les concentr?s de deux ou plusieurs prot?ines de lactos?rum","35'","Albuminoidal substances; modified starches; glues; enzymes","3502'","Albumins (including concentrates of two or more whey proteins, containing by weight more than 80% wh","350220'"," - Milk albumin, including concentrates of two or more whey proteins","8","1","R","0","0","","","","0","0","0","0","0","0"
"1746","","HS 2007","Harmonized System 2007","Gabon","266'","2019","1","35029000'","  "," - Autres","35'","Albuminoidal substances; modified starches; glues; enzymes","3502'","Albumins (including concentrates of two or more whey proteins, containing by weight more than 80% wh","350290'"," - Other","8","1","R","0","0","","","","0","0","0","0","0","0"
"1747","","HS 2007","Harmonized System 2007","Gabon","266'","2019","1","35030000'","  "," G?latines (y compris celles pr?sent?es en feuilles de forme carr?e ou rectangulaire, m?me ouvr?es en surface ou color?es) et leurs d?riv?s; ichtyocolle; autres colles d'origine animale, ? l'exclusion des colles de cas?ine du n? 35.01.","35'","Albuminoidal substances; modified starches; glues; enzymes","3503'","Gelatin (including gelatin in rectangular (including square) sheets, whether or not surface-worked o","350300'"," Gelatin (including gelatin in rectangular (including square) sheets, whether or not surface-worked o","8","1","R","0","0","","","","0","0","0","0","0","0"
"1748","","HS 2007","Harmonized System 2007","Gabon","266'","2019","1","35040000'","  "," Peptones et leurs d?riv?s; autres mati?res prot?iques et leurs d?riv?s, non d?nomm?s ni compris ailleurs; poudre de peau, trait?e ou non au chrome.","35'","Albuminoidal substances; modified starches; glues; enzymes","3504'","Peptones and their derivatives; other protein substances and their derivatives, not elsewhere specif","350400'"," Peptones and their derivatives; other protein substances and their derivatives, not elsewhere specif","8","1","R","0","0","","","","0","0","0","0","0","0"
"1749","","HS 2007","Harmonized System 2007","Gabon","266'","2019","1","35051000'","  "," - Dextrine et autres amidons et f?cules modifi?s","35'","Albuminoidal substances; modified starches; glues; enzymes","3505'","Dextrins and other modified starches (for example, pregelatinised or esterified starches); glues bas","350510'"," - Dextrins and other modified starches","8","1","R","0","0","","","","0","0","0","0","0","0"
"1750","","HS 2007","Harmonized System 2007","Gabon","266'","2019","1","35052010'","  "," colles ? usages industriels","35'","Albuminoidal substances; modified starches; glues; enzymes","3505'","Dextrins and other modified starches (for example, pregelatinised or esterified starches); glues bas","350520'"," - Glues","8","1","R","0","0","","","","0","0","0","0","0","0"
"1751","","HS 2007","Harmonized System 2007","Gabon","266'","2019","1","35052090'","  "," colle autres que du 35052010","35'","Albuminoidal substances; modified starches; glues; enzymes","3505'","Dextrins and other modified starches (for example, pregelatinised or esterified starches); glues bas","350520'"," - Glues","8","1","R","0","0","","","","0","0","0","0","0","0"
"1752","","HS 2007","Harmonized System 2007","Gabon","266'","2019","1","35061000'","  "," - Produits de toute esp?ce ? usage de colles ou d'adh?sifs, conditionn?s pour la vente au d?tail comme colles ou adh?sifs, d'un poids net n'exc?dant pas 1 kg","35'","Albuminoidal substances; modified starches; glues; enzymes","3506'","Prepared glues and other prepared adhesives, not elsewhere specified or included; products suitable ","350610'"," - Products suitable for use as glues or adhesives, put up for retail sale as glues or adhesives, not","8","1","R","0","0","","","","0","0","0","0","0","0"
"1753","","HS 2007","Harmonized System 2007","Gabon","266'","2019","1","35069110'","  "," adh?sifs ? base de polym?res des n?3901 oude caoutchouc pour l'industrie de l'?dition","35'","Albuminoidal substances; modified starches; glues; enzymes","3506'","Prepared glues and other prepared adhesives, not elsewhere specified or included; products suitable ","350691'"," -- Adhesives based on polymers of headings 39.01 to 39.13 or on rubber","8","1","R","0","0","","","","0","0","0","0","0","0"
"1754","","HS 2007","Harmonized System 2007","Gabon","266'","2019","1","35069120'","  "," adh?sifs ? base de polym?re des n?3901 ?3913 usages industriels autre que l'?dition","35'","Albuminoidal substances; modified starches; glues; enzymes","3506'","Prepared glues and other prepared adhesives, not elsewhere specified or included; products suitable ","350691'"," -- Adhesives based on polymers of headings 39.01 to 39.13 or on rubber","8","1","R","0","0","","","","0","0","0","0","0","0"
"1755","","HS 2007","Harmonized System 2007","Gabon","266'","2019","1","35069130'","  "," Adh?sif ? base de caoutchouc ou de mati?re plastique pour autre usages","35'","Albuminoidal substances; modified starches; glues; enzymes","3506'","Prepared glues and other prepared adhesives, not elsewhere specified or included; products suitable ","350691'"," -- Adhesives based on polymers of headings 39.01 to 39.13 or on rubber","8","1","R","0","0","","","","0","0","0","0","0","0"
"1756","","HS 2007","Harmonized System 2007","Gabon","266'","2019","1","35069910'","  "," colles et adh?sifs autres que du 350610& 91destin?s pour l'industrie de l'?dition","35'","Albuminoidal substances; modified starches; glues; enzymes","3506'","Prepared glues and other prepared adhesives, not elsewhere specified or included; products suitable ","350699'"," -- Other","8","1","R","0","0","","","","0","0","0","0","0","0"
"1757","","HS 2007","Harmonized System 2007","Gabon","266'","2019","1","35069920'","  "," colles et adh?sifs autres que du 350610 &91pr industrie ? l'exclusion de l'?dition","35'","Albuminoidal substances; modified starches; glues; enzymes","3506'","Prepared glues and other prepared adhesives, not elsewhere specified or included; products suitable ","350699'"," -- Other","8","1","R","0","0","","","","0","0","0","0","0","0"
"1758","","HS 2007","Harmonized System 2007","Gabon","266'","2019","1","35069930'","  "," Colles et autres adh?sifs autres que ceux des n?35069110 ? 35069920","35'","Albuminoidal substances; modified starches; glues; enzymes","3506'","Prepared glues and other prepared adhesives, not elsewhere specified or included; products suitable ","350699'"," -- Other","8","1","R","0","0","","","","0","0","0","0","0","0"
"1759","","HS 2007","Harmonized System 2007","Gabon","266'","2019","1","35071000'","  "," - Pr?sure et ses concentrats","35'","Albuminoidal substances; modified starches; glues; enzymes","3507'","Enzymes; prepared enzymes not elsewhere specified or included.","350710'"," - Rennet and concentrates thereof","8","1","R","0","0","","","","0","0","0","0","0","0"
"1760","","HS 2007","Harmonized System 2007","Gabon","266'","2019","1","35079000'","  "," - Autres","35'","Albuminoidal substances; modified starches; glues; enzymes","3507'","Enzymes; prepared enzymes not elsewhere specified or included.","350790'"," - Other","8","1","R","0","0","","","","0","0","0","0","0","0"
"1761","","HS 2007","Harmonized System 2007","Gabon","266'","2019","1","36010000'","  "," Poudres propulsives.","36'","Explosives; pyrotechnic products; matches; pyrophoric alloys; certain combustible preparations","3601'","Propellent powders.","360100'"," Propellent powders.","8","1","R","0","0","","","","0","0","0","0","0","0"
"1762","","HS 2007","Harmonized System 2007","Gabon","266'","2019","1","36020000'","  "," Explosifs pr?par?s, autres que les poudres propulsives.","36'","Explosives; pyrotechnic products; matches; pyrophoric alloys; certain combustible preparations","3602'","Prepared explosives, other than propellent powders.","360200'"," Prepared explosives, other than propellent powders.","8","1","R","0","0","","","","0","0","0","0","0","0"
"1763","","HS 2007","Harmonized System 2007","Gabon","266'","2019","1","36030000'","  "," M?ches de s?ret?; cordeaux d?tonants; amorces et capsules fulminantes; allumeurs; d?tonateurs ?lectriques.","36'","Explosives; pyrotechnic products; matches; pyrophoric alloys; certain combustible preparations","3603'","Safety fuses; detonating fuses; percussion or detonating caps; igniters; electric detonators.","360300'"," Safety fuses; detonating fuses; percussion or detonating caps; igniters; electric detonators.","8","1","R","0","0","","","","0","0","0","0","0","0"
"1764","","HS 2007","Harmonized System 2007","Gabon","266'","2019","1","36041000'","  "," - Articles pour feux d'artifice","36'","Explosives; pyrotechnic products; matches; pyrophoric alloys; certain combustible preparations","3604'","Fireworks, signalling flares, rain rockets, fog signals and other pyrotechnic articles.","360410'"," - Fireworks","8","1","R","0","0","","","","0","0","0","0","0","0"
"1765","","HS 2007","Harmonized System 2007","Gabon","266'","2019","1","36049000'","  "," - Autres","36'","Explosives; pyrotechnic products; matches; pyrophoric alloys; certain combustible preparations","3604'","Fireworks, signalling flares, rain rockets, fog signals and other pyrotechnic articles.","360490'"," - Other","8","1","R","0","0","","","","0","0","0","0","0","0"
"1766","","HS 2007","Harmonized System 2007","Gabon","266'","2019","1","36050000'","  "," Allumettes, autres que les articles de pyrotechnie du n??36.04.","36'","Explosives; pyrotechnic products; matches; pyrophoric alloys; certain combustible preparations","3605'","Matches, other than pyrotechnic articles of heading?36.04.","360500'"," Matches, other than pyrotechnic articles of heading?36.04.","8","1","R","0","0","","","","0","0","0","0","0","0"
"1767","","HS 2007","Harmonized System 2007","Gabon","266'","2019","1","36061000'","  "," - Combustibles liquides et gaz combustibles liqu?fi?s en r?cipients des types utilis?s pour alimenter ou recharger les briquets ou les allumeurs et d'une capacit? n'exc?dant pas 300 cm3","36'","Explosives; pyrotechnic products; matches; pyrophoric alloys; certain combustible preparations","3606'","Ferro-cerium and other pyrophoric alloys in all forms; articles of combustible materials as specifie","360610'"," - Liquid or liquefied-gas fuels in containers of a kind used for filling or refilling cigarette or s","8","1","R","0","0","","","","0","0","0","0","0","0"
"1768","","HS 2007","Harmonized System 2007","Gabon","266'","2019","1","36069010'","  "," ferroc?rium et autres alliages pyrophoriques","36'","Explosives; pyrotechnic products; matches; pyrophoric alloys; certain combustible preparations","3606'","Ferro-cerium and other pyrophoric alloys in all forms; articles of combustible materials as specifie","360690'"," - Other","8","1","R","0","0","","","","0","0","0","0","0","0"
"1769","","HS 2007","Harmonized System 2007","Gabon","266'","2019","1","36069090'","  "," articles en mati?res inflammables autresque du 36069010.","36'","Explosives; pyrotechnic products; matches; pyrophoric alloys; certain combustible preparations","3606'","Ferro-cerium and other pyrophoric alloys in all forms; articles of combustible materials as specifie","360690'"," - Other","8","1","R","0","0","","","","0","0","0","0","0","0"
"1770","","HS 2007","Harmonized System 2007","Gabon","266'","2019","1","37011000'","  "," - Pour rayons X","37'","Photographic or cinematographic goods","3701'","Photographic plates and film in the flat, sensitised, unexposed, of any material other than paper, p","370110'"," - For X-ray","8","1","R","0","0","","","","0","0","0","0","0","0"
"1771","","HS 2007","Harmonized System 2007","Gabon","266'","2019","1","37012000'","  "," - Films ? d?veloppement et tirage instantan?s","37'","Photographic or cinematographic goods","3701'","Photographic plates and film in the flat, sensitised, unexposed, of any material other than paper, p","370120'"," - Instant print film","8","1","R","0","0","","","","0","0","0","0","0","0"
"1772","","HS 2007","Harmonized System 2007","Gabon","266'","2019","1","37013000'","  "," - Autres plaques et films dont la dimension d'au moins un c?t? exc?de 255 mm","37'","Photographic or cinematographic goods","3701'","Photographic plates and film in the flat, sensitised, unexposed, of any material other than paper, p","370130'"," - Other plates and film, with any side exceeding 255 mm","8","1","R","0","0","","","","0","0","0","0","0","0"
"1773","","HS 2007","Harmonized System 2007","Gabon","266'","2019","1","37019100'","  "," -- Pour la photographie en couleurs (polychrome)","37'","Photographic or cinematographic goods","3701'","Photographic plates and film in the flat, sensitised, unexposed, of any material other than paper, p","370191'"," -- For colour photography (polychrome)","8","1","R","0","0","","","","0","0","0","0","0","0"
"1774","","HS 2007","Harmonized System 2007","Gabon","266'","2019","1","37019900'","  "," -- Autres","37'","Photographic or cinematographic goods","3701'","Photographic plates and film in the flat, sensitised, unexposed, of any material other than paper, p","370199'"," -- Other","8","1","R","0","0","","","","0","0","0","0","0","0"
"1775","","HS 2007","Harmonized System 2007","Gabon","266'","2019","1","37021000'","  "," - Pour rayons X","37'","Photographic or cinematographic goods","3702'","Photographic film in rolls, sensitised, unexposed, of any material other than paper, paperboard or t","370210'"," - For X-ray","8","1","R","0","0","","","","0","0","0","0","0","0"
"1776","","HS 2007","Harmonized System 2007","Gabon","266'","2019","1","37023100'","  "," -- Pour la photographie en couleurs (polychrome)","37'","Photographic or cinematographic goods","3702'","Photographic film in rolls, sensitised, unexposed, of any material other than paper, paperboard or t","370231'"," -- For colour photography (polychrome)","8","1","R","0","0","","","","0","0","0","0","0","0"
"1777","","HS 2007","Harmonized System 2007","Gabon","266'","2019","1","37023200'","  "," -- Autres, comportant une ?mulsion aux halog?nures d'argent","37'","Photographic or cinematographic goods","3702'","Photographic film in rolls, sensitised, unexposed, of any material other than paper, paperboard or t","370232'"," -- Other, with silver halide emulsion","8","1","R","0","0","","","","0","0","0","0","0","0"
"1778","","HS 2007","Harmonized System 2007","Gabon","266'","2019","1","37023900'","  "," -- Autres","37'","Photographic or cinematographic goods","3702'","Photographic film in rolls, sensitised, unexposed, of any material other than paper, paperboard or t","370239'"," -- Other","8","1","R","0","0","","","","0","0","0","0","0","0"
"1779","","HS 2007","Harmonized System 2007","Gabon","266'","2019","1","37024100'","  "," -- D'une largeur exc?dant 610 mm et d'une longueur exc?dant 200 m, pour la photographie en couleurs (polychrome)","37'","Photographic or cinematographic goods","3702'","Photographic film in rolls, sensitised, unexposed, of any material other than paper, paperboard or t","370241'"," -- Of a width exceeding 610 mm and of a length exceeding 200?m, for colour photography (polychrome)","8","1","R","0","0","","","","0","0","0","0","0","0"
"1780","","HS 2007","Harmonized System 2007","Gabon","266'","2019","1","37024200'","  "," -- D'une largeur exc?dant 610 mm et d'une longueur exc?dant 200 m, autres que pour la photographie en couleurs","37'","Photographic or cinematographic goods","3702'","Photographic film in rolls, sensitised, unexposed, of any material other than paper, paperboard or t","370242'"," -- Of a width exceeding 610 mm and of a length exceeding 200?m, other than for colour photography","8","1","R","0","0","","","","0","0","0","0","0","0"
"1781","","HS 2007","Harmonized System 2007","Gabon","266'","2019","1","37024300'","  "," -- D'une largeur exc?dant 610 mm et d'une longueur n'exc?dant pas 200 m","37'","Photographic or cinematographic goods","3702'","Photographic film in rolls, sensitised, unexposed, of any material other than paper, paperboard or t","370243'"," -- Of a width exceeding 610 mm and of a length not exceeding 200 m","8","1","R","0","0","","","","0","0","0","0","0","0"
"1782","","HS 2007","Harmonized System 2007","Gabon","266'","2019","1","37024400'","  "," -- D'une largeur exc?dant 105 mm mais n'exc?dant pas 610 mm","37'","Photographic or cinematographic goods","3702'","Photographic film in rolls, sensitised, unexposed, of any material other than paper, paperboard or t","370244'"," -- Of a width exceeding 105 mm but not exceeding 610 mm","8","1","R","0","0","","","","0","0","0","0","0","0"
"1783","","HS 2007","Harmonized System 2007","Gabon","266'","2019","1","37025100'","  "," -- D'une largeur n'exc?dant pas 16 mm et d'une longueur n'exc?dant pas 14 m","37'","Photographic or cinematographic goods","3702'","Photographic film in rolls, sensitised, unexposed, of any material other than paper, paperboard or t","370251'"," -- Of a width not exceeding 16 mm and of a length not exceeding 14 m","8","1","R","0","0","","","","0","0","0","0","0","0"
"1784","","HS 2007","Harmonized System 2007","Gabon","266'","2019","1","37025200'","  "," -- D'une largeur n'exc?dant pas 16 mm et d'une longueur exc?dant 14 m","37'","Photographic or cinematographic goods","3702'","Photographic film in rolls, sensitised, unexposed, of any material other than paper, paperboard or t","370252'"," -- Of a width not exceeding 16 mm and of a length exceeding 14?m","8","1","R","0","0","","","","0","0","0","0","0","0"
"1785","","HS 2007","Harmonized System 2007","Gabon","266'","2019","1","37025300'","  "," -- D'une largeur exc?dant 16 mm mais n'exc?dant pas 35 mm et d'une longueur n'exc?dant pas 30 m, pour diapositives","37'","Photographic or cinematographic goods","3702'","Photographic film in rolls, sensitised, unexposed, of any material other than paper, paperboard or t","370253'"," -- Of a width exceeding 16 mm but not exceeding 35 mm and of a length not exceeding 30 m, for slides","8","1","R","0","0","","","","0","0","0","0","0","0"
"1786","","HS 2007","Harmonized System 2007","Gabon","266'","2019","1","37025400'","  "," -- D'une largeur exc?dant 16 mm mais n'exc?dant pas 35 mm et d'une longueur n'exc?dant pas 30 m, autres que pour diapositives","37'","Photographic or cinematographic goods","3702'","Photographic film in rolls, sensitised, unexposed, of any material other than paper, paperboard or t","370254'"," -- Of a width exceeding 16 mm but not exceeding 35 mm and of a length not exceeding 30 m, other than","8","1","R","0","0","","","","0","0","0","0","0","0"
"1787","","HS 2007","Harmonized System 2007","Gabon","266'","2019","1","37025500'","  "," -- D'une largeur exc?dant 16 mm mais n'exc?dant pas 35 mm et d'une longueur exc?dant 30 m","37'","Photographic or cinematographic goods","3702'","Photographic film in rolls, sensitised, unexposed, of any material other than paper, paperboard or t","370255'"," -- Of a width exceeding 16 mm but not exceeding 35 mm and of a length exceeding 30 m","8","1","R","0","0","","","","0","0","0","0","0","0"
"1788","","HS 2007","Harmonized System 2007","Gabon","266'","2019","1","37025600'","  "," -- D'une largeur exc?dant 35 mm","37'","Photographic or cinematographic goods","3702'","Photographic film in rolls, sensitised, unexposed, of any material other than paper, paperboard or t","370256'"," -- Of a width exceeding 35 mm","8","1","R","0","0","","","","0","0","0","0","0","0"
"1789","","HS 2007","Harmonized System 2007","Gabon","266'","2019","1","37029100'","  "," -- D'une largeur n'exc?dant pas 16 mm","37'","Photographic or cinematographic goods","3702'","Photographic film in rolls, sensitised, unexposed, of any material other than paper, paperboard or t","370291'"," -- Of a width not exceeding 16 mm","8","1","R","0","0","","","","0","0","0","0","0","0"
"1790","","HS 2007","Harmonized System 2007","Gabon","266'","2019","1","37029300'","  "," -- D'une largeur exc?dant 16 mm mais n'exc?dant pas 35 mm et d'une longueur n'exc?dant pas 30 m","37'","Photographic or cinematographic goods","3702'","Photographic film in rolls, sensitised, unexposed, of any material other than paper, paperboard or t","370293'"," -- Of a width exceeding 16 mm but not exceeding 35 mm and of a length not exceeding 30 m","8","1","R","0","0","","","","0","0","0","0","0","0"
"1791","","HS 2007","Harmonized System 2007","Gabon","266'","2019","1","37029400'","  "," -- D'une largeur exc?dant 16 mm mais n'exc?dant pas 35 mm et d'une longueur exc?dant 30 m","37'","Photographic or cinematographic goods","3702'","Photographic film in rolls, sensitised, unexposed, of any material other than paper, paperboard or t","370294'"," -- Of a width exceeding 16 mm but not exceeding 35 mm and of a length exceeding 30 m","8","1","R","0","0","","","","0","0","0","0","0","0"
"1792","","HS 2007","Harmonized System 2007","Gabon","266'","2019","1","37029500'","  "," -- D'une largeur exc?dant 35 mm","37'","Photographic or cinematographic goods","3702'","Photographic film in rolls, sensitised, unexposed, of any material other than paper, paperboard or t","370295'"," -- Of a width exceeding 35 mm","8","1","R","0","0","","","","0","0","0","0","0","0"
"1793","","HS 2007","Harmonized System 2007","Gabon","266'","2019","1","37031010'","  "," papiers,cartons &textiles,photographiquesen rouleaux :larg> 610mm,pr indus.d'?dition","37'","Photographic or cinematographic goods","3703'","Photographic paper, paperboard and textiles, sensitised, unexposed.","370310'"," - In rolls of a width exceeding 610 mm","8","1","R","0","0","","","","0","0","0","0","0","0"
"1794","","HS 2007","Harmonized System 2007","Gabon","266'","2019","1","37031090'","  "," papiers,cartons,textiles photographiquesen rouleau,larg>610mm,autres que pr ?dition","37'","Photographic or cinematographic goods","3703'","Photographic paper, paperboard and textiles, sensitised, unexposed.","370310'"," - In rolls of a width exceeding 610 mm","8","1","R","0","0","","","","0","0","0","0","0","0"
"1795","","HS 2007","Harmonized System 2007","Gabon","266'","2019","1","37032010'","  "," papiers et cartons pr photographie en couleur (polychrome),pr indus.d'?dition","37'","Photographic or cinematographic goods","3703'","Photographic paper, paperboard and textiles, sensitised, unexposed.","370320'"," - Other, for colour photography (polychrome)","8","1","R","0","0","","","","0","0","0","0","0","0"
"1796","","HS 2007","Harmonized System 2007","Gabon","266'","2019","1","37032090'","  "," Papiers pour la photographie en couleur autres que ceux destin?s ? l'indstrie de l'?dit?","37'","Photographic or cinematographic goods","3703'","Photographic paper, paperboard and textiles, sensitised, unexposed.","370320'"," - Other, for colour photography (polychrome)","8","1","R","0","0","","","","0","0","0","0","0","0"
"1797","","HS 2007","Harmonized System 2007","Gabon","266'","2019","1","37039010'","  "," papiers,cartons,textiles pr la photographieautr que 370310 ? 37032010 pr ind.?dition","37'","Photographic or cinematographic goods","3703'","Photographic paper, paperboard and textiles, sensitised, unexposed.","370390'"," - Other","8","1","R","0","0","","","","0","0","0","0","0","0"
"1798","","HS 2007","Harmonized System 2007","Gabon","266'","2019","1","37039090'","  "," papiers,cartons,textiles pr photographieautres que du 370310 ? 37039010","37'","Photographic or cinematographic goods","3703'","Photographic paper, paperboard and textiles, sensitised, unexposed.","370390'"," - Other","8","1","R","0","0","","","","0","0","0","0","0","0"
"1799","","HS 2007","Harmonized System 2007","Gabon","266'","2019","1","37040000'","  "," Plaques, pellicules, films, papiers, cartons et textiles, photographiques, impressionn?s mais non d?velopp?s.","37'","Photographic or cinematographic goods","3704'","Photographic plates, film, paper, paperboard and textiles, exposed but not developed.","370400'"," Photographic plates, film, paper, paperboard and textiles, exposed but not developed.","8","1","R","0","0","","","","0","0","0","0","0","0"
"1800","","HS 2007","Harmonized System 2007","Gabon","266'","2019","1","37051000'","  "," - Pour la reproduction offset","37'","Photographic or cinematographic goods","3705'","Photographic plates and film, exposed and developed, other than cinematographic film.","370510'"," - For offset reproduction","8","1","R","0","0","","","","0","0","0","0","0","0"
"1801","","HS 2007","Harmonized System 2007","Gabon","266'","2019","1","37059010'","  "," microfilms","37'","Photographic or cinematographic goods","3705'","Photographic plates and film, exposed and developed, other than cinematographic film.","370590'"," - Other","8","1","R","0","0","","","","0","0","0","0","0","0"
"1802","","HS 2007","Harmonized System 2007","Gabon","266'","2019","1","37059090'","  "," Autres","37'","Photographic or cinematographic goods","3705'","Photographic plates and film, exposed and developed, other than cinematographic film.","370590'"," - Other","8","1","R","0","0","","","","0","0","0","0","0","0"
"1803","","HS 2007","Harmonized System 2007","Gabon","266'","2019","1","37061000'","  "," - D'une largeur de 35 mm ou plus","37'","Photographic or cinematographic goods","3706'","Cinematographic film, exposed and developed, whether or not incorporating sound track or consisting ","370610'"," - Of a width of 35 mm or more","8","1","R","0","0","","","","0","0","0","0","0","0"
"1804","","HS 2007","Harmonized System 2007","Gabon","266'","2019","1","37069000'","  "," - Autres","37'","Photographic or cinematographic goods","3706'","Cinematographic film, exposed and developed, whether or not incorporating sound track or consisting ","370690'"," - Other","8","1","R","0","0","","","","0","0","0","0","0","0"
"1805","","HS 2007","Harmonized System 2007","Gabon","266'","2019","1","37071000'","  "," - Emulsions pour la sensibilisation des surfaces","37'","Photographic or cinematographic goods","3707'","Chemical preparations for photographic uses (other than varnishes, glues, adhesives and similar prep","370710'"," - Sensitising emulsions","8","1","R","0","0","","","","0","0","0","0","0","0"
"1806","","HS 2007","Harmonized System 2007","Gabon","266'","2019","1","37079000'","  "," - Autres","37'","Photographic or cinematographic goods","3707'","Chemical preparations for photographic uses (other than varnishes, glues, adhesives and similar prep","370790'"," - Other","8","1","R","0","0","","","","0","0","0","0","0","0"
"1807","","HS 2007","Harmonized System 2007","Gabon","266'","2019","1","38011000'","  "," - Graphite artificiel","38'","Miscellaneous chemical products","3801'","Artificial graphite; colloidal or semi-colloidal graphite; preparations based on graphite or other c","380110'"," - Artificial graphite","8","1","R","0","0","","","","0","0","0","0","0","0"
"1808","","HS 2007","Harmonized System 2007","Gabon","266'","2019","1","38012000'","  "," - Graphite collo?dal ou semi-collo?dal","38'","Miscellaneous chemical products","3801'","Artificial graphite; colloidal or semi-colloidal graphite; preparations based on graphite or other c","380120'"," - Colloidal or semi-colloidal graphite","8","1","R","0","0","","","","0","0","0","0","0","0"
"1809","","HS 2007","Harmonized System 2007","Gabon","266'","2019","1","38013000'","  "," - P?tes carbon?es pour ?lectrodes et p?tes similaires pour le rev?tement int?rieur des fours","38'","Miscellaneous chemical products","3801'","Artificial graphite; colloidal or semi-colloidal graphite; preparations based on graphite or other c","380130'"," - Carbonaceous pastes for electrodes and similar pastes for furnace linings","8","1","R","0","0","","","","0","0","0","0","0","0"
"1810","","HS 2007","Harmonized System 2007","Gabon","266'","2019","1","38019000'","  "," - Autres","38'","Miscellaneous chemical products","3801'","Artificial graphite; colloidal or semi-colloidal graphite; preparations based on graphite or other c","380190'"," - Other","8","1","R","0","0","","","","0","0","0","0","0","0"
"1811","","HS 2007","Harmonized System 2007","Gabon","266'","2019","1","38021000'","  "," - Charbons activ?s","38'","Miscellaneous chemical products","3802'","Activated carbon; activated natural mineral products; animal black, including spent animal black.","380210'"," - Activated carbon","8","1","R","0","0","","","","0","0","0","0","0","0"
"1812","","HS 2007","Harmonized System 2007","Gabon","266'","2019","1","38029000'","  "," - Autres","38'","Miscellaneous chemical products","3802'","Activated carbon; activated natural mineral products; animal black, including spent animal black.","380290'"," - Other","8","1","R","0","0","","","","0","0","0","0","0","0"
"1813","","HS 2007","Harmonized System 2007","Gabon","266'","2019","1","38030000'","  "," Tall oil, m?me raffin?.","38'","Miscellaneous chemical products","3803'","Tall oil, whether or not refined.","380300'"," Tall oil, whether or not refined.","8","1","R","0","0","","","","0","0","0","0","0","0"
"1814","","HS 2007","Harmonized System 2007","Gabon","266'","2019","1","38040000'","  "," Lessives r?siduaires de la fabrication des p?tes de cellulose, m?me concentr?es, d?sucr?es ou trait?es chimiquement, y compris les lignosulfonates, mais ? l'exclusion du tall oil du n??38.03.","38'","Miscellaneous chemical products","3804'","Residual lyes from the manufacture of wood pulp, whether or not concentrated, desugared or chemicall","380400'"," Residual lyes from the manufacture of wood pulp, whether or not concentrated, desugared or chemicall","8","1","R","0","0","","","","0","0","0","0","0","0"
"1815","","HS 2007","Harmonized System 2007","Gabon","266'","2019","1","38051000'","  "," - Essences de t?r?benthine, de bois de pin ou de papeterie au sulfate","38'","Miscellaneous chemical products","3805'","Gum, wood or sulphate turpentine and other terpenic oils produced by the distillation or other treat","380510'"," - Gum, wood or sulphate turpentine oils","8","1","R","0","0","","","","0","0","0","0","0","0"
"1816","","HS 2007","Harmonized System 2007","Gabon","266'","2019","1","38059000'","  "," - Autres","38'","Miscellaneous chemical products","3805'","Gum, wood or sulphate turpentine and other terpenic oils produced by the distillation or other treat","380590'"," - Other","8","1","R","0","0","","","","0","0","0","0","0","0"
"1817","","HS 2007","Harmonized System 2007","Gabon","266'","2019","1","38061000'","  "," - Colophanes et acides r?siniques","38'","Miscellaneous chemical products","3806'","Rosin and resin acids, and derivatives thereof; rosin spirit and rosin oils; run gums.","380610'"," - Rosin and resin acids","8","1","R","0","0","","","","0","0","0","0","0","0"
"1818","","HS 2007","Harmonized System 2007","Gabon","266'","2019","1","38062000'","  "," - Sels de colophanes, d'acides r?siniques ou de d?riv?s de colophanes ou d'acides r?siniques, autres que les sels des adducts de colophanes","38'","Miscellaneous chemical products","3806'","Rosin and resin acids, and derivatives thereof; rosin spirit and rosin oils; run gums.","380620'"," - Salts of rosin, of resin acids or of derivatives of rosin or resin acids, other than salts of rosi","8","1","R","0","0","","","","0","0","0","0","0","0"
"1819","","HS 2007","Harmonized System 2007","Gabon","266'","2019","1","38063000'","  "," - Gommes esters","38'","Miscellaneous chemical products","3806'","Rosin and resin acids, and derivatives thereof; rosin spirit and rosin oils; run gums.","380630'"," - Ester gums","8","1","R","0","0","","","","0","0","0","0","0","0"
"1820","","HS 2007","Harmonized System 2007","Gabon","266'","2019","1","38069000'","  "," - Autres","38'","Miscellaneous chemical products","3806'","Rosin and resin acids, and derivatives thereof; rosin spirit and rosin oils; run gums.","380690'"," - Other","8","1","R","0","0","","","","0","0","0","0","0","0"
"1821","","HS 2007","Harmonized System 2007","Gabon","266'","2019","1","38070010'","  "," m?thyl?ne","38'","Miscellaneous chemical products","3807'","Wood tar; wood tar oils; wood creosote; wood naphtha; vegetable pitch; brewers' pitch and similar pr","380700'"," Wood tar; wood tar oils; wood creosote; wood naphtha; vegetable pitch; brewers' pitch and similar pr","8","1","R","0","0","","","","0","0","0","0","0","0"
"1822","","HS 2007","Harmonized System 2007","Gabon","266'","2019","1","38070090'","  "," goudrons de bois,huiles de goudrons de boiscr?osote de bois,poix v?g?tales & brasserie","38'","Miscellaneous chemical products","3807'","Wood tar; wood tar oils; wood creosote; wood naphtha; vegetable pitch; brewers' pitch and similar pr","380700'"," Wood tar; wood tar oils; wood creosote; wood naphtha; vegetable pitch; brewers' pitch and similar pr","8","1","R","0","0","","","","0","0","0","0","0","0"
"1823","","HS 2007","Harmonized System 2007","Gabon","266'","2019","1","38085000'","  "," - Marchandises mentionn?es dans la Note 1 de sous-positions du pr?sent Chapitre","38'","Miscellaneous chemical products","3808'","Insecticides, rodenticides, fungicides, herbicides, anti-sprouting products and plant-growth regulat","380850'"," - Goods specified in Subheading Note 1 to this Chapter","8","1","R","0","0","","","","0","0","0","0","0","0"
"1824","","HS 2007","Harmonized System 2007","Gabon","266'","2019","1","38089110'","  "," Insecticides cvd ou dans emballage d'une contenance nette <=1kg ou forme article","38'","Miscellaneous chemical products","3808'","Insecticides, rodenticides, fungicides, herbicides, anti-sprouting products and plant-growth regulat","380891'"," -- Insecticides","8","1","R","0","0","","","","0","0","0","0","0","0"
"1825","","HS 2007","Harmonized System 2007","Gabon","266'","2019","1","38089190'","  "," Insectides prsents autre que du 38089110","38'","Miscellaneous chemical products","3808'","Insecticides, rodenticides, fungicides, herbicides, anti-sprouting products and plant-growth regulat","380891'"," -- Insecticides","8","1","R","0","0","","","","0","0","0","0","0","0"
"1826","","HS 2007","Harmonized System 2007","Gabon","266'","2019","1","38089210'","  "," fongicides cvd dans emballage contenance <=1kg ou sous forme d'article","38'","Miscellaneous chemical products","3808'","Insecticides, rodenticides, fungicides, herbicides, anti-sprouting products and plant-growth regulat","380892'"," -- Fungicides","8","1","R","0","0","","","","0","0","0","0","0","0"
"1827","","HS 2007","Harmonized System 2007","Gabon","266'","2019","1","38089290'","  "," fongicides prsents autrement qu'au 38089210","38'","Miscellaneous chemical products","3808'","Insecticides, rodenticides, fungicides, herbicides, anti-sprouting products and plant-growth regulat","380892'"," -- Fungicides","8","1","R","0","0","","","","0","0","0","0","0","0"
"1828","","HS 2007","Harmonized System 2007","Gabon","266'","2019","1","38089310'","  "," herbicides cvd emballage contenance nette <=1kg ou sous forme d'articles","38'","Miscellaneous chemical products","3808'","Insecticides, rodenticides, fungicides, herbicides, anti-sprouting products and plant-growth regulat","380893'"," -- Herbicides, anti-sprouting products and plant-growth regulators","8","1","R","0","0","","","","0","0","0","0","0","0"
"1829","","HS 2007","Harmonized System 2007","Gabon","266'","2019","1","38089390'","  "," herbicidesprsents autrement qu'au 38089310","38'","Miscellaneous chemical products","3808'","Insecticides, rodenticides, fungicides, herbicides, anti-sprouting products and plant-growth regulat","380893'"," -- Herbicides, anti-sprouting products and plant-growth regulators","8","1","R","0","0","","","","0","0","0","0","0","0"
"1830","","HS 2007","Harmonized System 2007","Gabon","266'","2019","1","38089410'","  "," dsinfectants cvd contenance nette <=1kg ou sous forme d'articles","38'","Miscellaneous chemical products","3808'","Insecticides, rodenticides, fungicides, herbicides, anti-sprouting products and plant-growth regulat","380894'"," -- Disinfectants","8","1","R","0","0","","","","0","0","0","0","0","0"
"1831","","HS 2007","Harmonized System 2007","Gabon","266'","2019","1","38089490'","  "," dsinfectants prsents autrement qu'au 38089410","38'","Miscellaneous chemical products","3808'","Insecticides, rodenticides, fungicides, herbicides, anti-sprouting products and plant-growth regulat","380894'"," -- Disinfectants","8","1","R","0","0","","","","0","0","0","0","0","0"
"1832","","HS 2007","Harmonized System 2007","Gabon","266'","2019","1","38089910'","  "," produits du 3808 non repris cvd emballage contenance <=1kg ou sous forme d'articles","38'","Miscellaneous chemical products","3808'","Insecticides, rodenticides, fungicides, herbicides, anti-sprouting products and plant-growth regulat","380899'"," -- Other","8","1","R","0","0","","","","0","0","0","0","0","0"
"1833","","HS 2007","Harmonized System 2007","Gabon","266'","2019","1","38089990'","  "," produits du 3808 prsents autrement qu'au 38089910","38'","Miscellaneous chemical products","3808'","Insecticides, rodenticides, fungicides, herbicides, anti-sprouting products and plant-growth regulat","380899'"," -- Other","8","1","R","0","0","","","","0","0","0","0","0","0"
"1834","","HS 2007","Harmonized System 2007","Gabon","266'","2019","1","38091000'","  "," - A base de mati?res amylac?es","38'","Miscellaneous chemical products","3809'","Finishing agents, dye carriers to accelerate the dyeing or fixing of dyestuffs and other products an","380910'"," - With a basis of amylaceous substances","8","1","R","0","0","","","","0","0","0","0","0","0"
"1835","","HS 2007","Harmonized System 2007","Gabon","266'","2019","1","38099100'","  "," -- Des types utilis?s dans l'industrie textile ou dans les industries similaires","38'","Miscellaneous chemical products","3809'","Finishing agents, dye carriers to accelerate the dyeing or fixing of dyestuffs and other products an","380991'"," -- Of a kind used in the textile or like industries","8","1","R","0","0","","","","0","0","0","0","0","0"
"1836","","HS 2007","Harmonized System 2007","Gabon","266'","2019","1","38099200'","  "," -- Des types utilis?s dans l'industrie du papier ou dans les industries similaires","38'","Miscellaneous chemical products","3809'","Finishing agents, dye carriers to accelerate the dyeing or fixing of dyestuffs and other products an","380992'"," -- Of a kind used in the paper or like industries","8","1","R","0","0","","","","0","0","0","0","0","0"
"1837","","HS 2007","Harmonized System 2007","Gabon","266'","2019","1","38099300'","  "," -- Des types utilis?s dans l'industrie du cuir ou dans les industries similaires","38'","Miscellaneous chemical products","3809'","Finishing agents, dye carriers to accelerate the dyeing or fixing of dyestuffs and other products an","380993'"," -- Of a kind used in the leather or like industries","8","1","R","0","0","","","","0","0","0","0","0","0"
"1838","","HS 2007","Harmonized System 2007","Gabon","266'","2019","1","38101000'","  "," - Pr?parations pour le d?capage des m?taux; p?tes et poudres ? souder ou ? braser compos?es de m?tal et d'autres produits","38'","Miscellaneous chemical products","3810'","Pickling preparations for metal surfaces; fluxes and other auxiliary preparations for soldering, bra","381010'"," - Pickling preparations for metal surfaces; soldering, brazing or welding powders and pastes consist","8","1","R","0","0","","","","0","0","0","0","0","0"
"1839","","HS 2007","Harmonized System 2007","Gabon","266'","2019","1","38109000'","  "," - Autres","38'","Miscellaneous chemical products","3810'","Pickling preparations for metal surfaces; fluxes and other auxiliary preparations for soldering, bra","381090'"," - Other","8","1","R","0","0","","","","0","0","0","0","0","0"
"1840","","HS 2007","Harmonized System 2007","Gabon","266'","2019","1","38111100'","  "," -- A base de compos?s du plomb","38'","Miscellaneous chemical products","3811'","Anti-knock preparations, oxidation inhibitors, gum inhibitors, viscosity improvers, anti-corrosive p","381111'"," -- Based on lead compounds","8","1","R","0","0","","","","0","0","0","0","0","0"
"1841","","HS 2007","Harmonized System 2007","Gabon","266'","2019","1","38111900'","  "," -- Autres","38'","Miscellaneous chemical products","3811'","Anti-knock preparations, oxidation inhibitors, gum inhibitors, viscosity improvers, anti-corrosive p","381119'"," -- Other","8","1","R","0","0","","","","0","0","0","0","0","0"
"1842","","HS 2007","Harmonized System 2007","Gabon","266'","2019","1","38112100'","  "," -- Contenant des huiles de p?trole ou de min?raux bitumineux","38'","Miscellaneous chemical products","3811'","Anti-knock preparations, oxidation inhibitors, gum inhibitors, viscosity improvers, anti-corrosive p","381121'"," -- Containing petroleum oils or oils obtained from bituminous minerals","8","1","R","0","0","","","","0","0","0","0","0","0"
"1843","","HS 2007","Harmonized System 2007","Gabon","266'","2019","1","38112900'","  "," -- Autres","38'","Miscellaneous chemical products","3811'","Anti-knock preparations, oxidation inhibitors, gum inhibitors, viscosity improvers, anti-corrosive p","381129'"," -- Other","8","1","R","0","0","","","","0","0","0","0","0","0"
"1844","","HS 2007","Harmonized System 2007","Gabon","266'","2019","1","38119000'","  "," - Autres","38'","Miscellaneous chemical products","3811'","Anti-knock preparations, oxidation inhibitors, gum inhibitors, viscosity improvers, anti-corrosive p","381190'"," - Other","8","1","R","0","0","","","","0","0","0","0","0","0"
"1845","","HS 2007","Harmonized System 2007","Gabon","266'","2019","1","38121000'","  "," - Pr?parations dites ?acc?l?rateurs de vulcanisation?","38'","Miscellaneous chemical products","3812'","Prepared rubber accelerators; compound plasticisers for rubber or plastics, not elsewhere specified ","381210'"," - Prepared rubber accelerators","8","1","R","0","0","","","","0","0","0","0","0","0"
"1846","","HS 2007","Harmonized System 2007","Gabon","266'","2019","1","38122000'","  "," - Plastifiants composites pour caoutchouc ou mati?res plastiques","38'","Miscellaneous chemical products","3812'","Prepared rubber accelerators; compound plasticisers for rubber or plastics, not elsewhere specified ","381220'"," - Compound plasticisers for rubber or plastics","8","1","R","0","0","","","","0","0","0","0","0","0"
"1847","","HS 2007","Harmonized System 2007","Gabon","266'","2019","1","38123000'","  "," - Pr?parations antioxydantes et autres stabilisateurs composites pour caoutchouc ou mati?res plastiques","38'","Miscellaneous chemical products","3812'","Prepared rubber accelerators; compound plasticisers for rubber or plastics, not elsewhere specified ","381230'"," - Anti-oxidising preparations and other compound stabilisers for rubber or plastics","8","1","R","0","0","","","","0","0","0","0","0","0"
"1848","","HS 2007","Harmonized System 2007","Gabon","266'","2019","1","38130000'","  "," Compositions et charges pour appareils extincteurs; grenades et bombes extinctrices.","38'","Miscellaneous chemical products","3813'","Preparations and charges for fire-extinguishers; charged fire-extinguishing grenades.","381300'"," Preparations and charges for fire-extinguishers; charged fire-extinguishing grenades.","8","1","R","0","0","","","","0","0","0","0","0","0"
"1849","","HS 2007","Harmonized System 2007","Gabon","266'","2019","1","38140000'","  "," Solvants et diluants organiques composites, non d?nomm?s ni compris ailleurs; pr?parations con?ues pour enlever les peintures ou les vernis.","38'","Miscellaneous chemical products","3814'","Organic composite solvents and thinners, not elsewhere specified or included; prepared paint or varn","381400'"," Organic composite solvents and thinners, not elsewhere specified or included; prepared paint or varn","8","1","R","0","0","","","","0","0","0","0","0","0"
"1850","","HS 2007","Harmonized System 2007","Gabon","266'","2019","1","38151100'","  "," -- Ayant comme substance active le nickel ou un compos? de nickel","38'","Miscellaneous chemical products","3815'","Reaction initiators, reaction accelerators and catalytic preparations, not elsewhere specified or in","381511'"," -- With nickel or nickel compounds as the active substance","8","1","R","0","0","","","","0","0","0","0","0","0"
"1851","","HS 2007","Harmonized System 2007","Gabon","266'","2019","1","38151200'","  "," -- Ayant comme substance active un m?tal pr?cieux ou un compos? de m?tal pr?cieux","38'","Miscellaneous chemical products","3815'","Reaction initiators, reaction accelerators and catalytic preparations, not elsewhere specified or in","381512'"," -- With precious metal or precious metal compounds as the active substance","8","1","R","0","0","","","","0","0","0","0","0","0"
"1852","","HS 2007","Harmonized System 2007","Gabon","266'","2019","1","38151900'","  "," -- Autres","38'","Miscellaneous chemical products","3815'","Reaction initiators, reaction accelerators and catalytic preparations, not elsewhere specified or in","381519'"," -- Other","8","1","R","0","0","","","","0","0","0","0","0","0"
"1853","","HS 2007","Harmonized System 2007","Gabon","266'","2019","1","38159000'","  "," - Autres","38'","Miscellaneous chemical products","3815'","Reaction initiators, reaction accelerators and catalytic preparations, not elsewhere specified or in","381590'"," - Other","8","1","R","0","0","","","","0","0","0","0","0","0"
"1854","","HS 2007","Harmonized System 2007","Gabon","266'","2019","1","38160000'","  "," Ciments, mortiers, b?tons et compositions similaires r?fractaires, autres que les produits du n? 38.01.","38'","Miscellaneous chemical products","3816'","Refractory cements, mortars, concretes and similar compositions, other than products of heading 38.0","381600'"," Refractory cements, mortars, concretes and similar compositions, other than products of heading 38.0","8","1","R","0","0","","","","0","0","0","0","0","0"
"1855","","HS 2007","Harmonized System 2007","Gabon","266'","2019","1","38170000'","  "," Alkylbenz?nes en m?langes et alkylnaphtal?nes en m?langes, autres que ceux des n?s 27.07 ou 29.02.","38'","Miscellaneous chemical products","3817'","Mixed alkylbenzenes and mixed alkylnaphthalenes, other than those of heading 27.07 or 29.02.","381700'"," Mixed alkylbenzenes and mixed alkylnaphthalenes, other than those of heading 27.07 or 29.02.","8","1","R","0","0","","","","0","0","0","0","0","0"
"1856","","HS 2007","Harmonized System 2007","Gabon","266'","2019","1","38180000'","  "," El?ments chimiques dop?s en vue de leur utilisation en ?lectronique, sous forme de disques, plaquettes ou formes analogues; compos?s chimiques dop?s en vue de leur utilisation en ?lectronique.","38'","Miscellaneous chemical products","3818'","Chemical elements doped for use in electronics, in the form of discs, wafers or similar forms; chemi","381800'"," Chemical elements doped for use in electronics, in the form of discs, wafers or similar forms; chemi","8","1","R","0","0","","","","0","0","0","0","0","0"
"1857","","HS 2007","Harmonized System 2007","Gabon","266'","2019","1","38190000'","  "," Liquides pour freins hydrauliques et autres liquides pr?par?s pour transmissions hydrauliques, ne contenant pas d'huiles de p?trole ni de min?raux bitumineux ou en contenant moins de 70 % en poids.","38'","Miscellaneous chemical products","3819'","Hydraulic brake fluids and other prepared liquids for hydraulic transmission, not containing or cont","381900'"," Hydraulic brake fluids and other prepared liquids for hydraulic transmission, not containing or cont","8","1","R","0","0","","","","0","0","0","0","0","0"
"1858","","HS 2007","Harmonized System 2007","Gabon","266'","2019","1","38200000'","  "," Pr?parations antigel et liquides pr?par?s pour d?givrage.","38'","Miscellaneous chemical products","3820'","Anti-freezing preparations and prepared de-icing fluids.","382000'"," Anti-freezing preparations and prepared de-icing fluids.","8","1","R","0","0","","","","0","0","0","0","0","0"
"1859","","HS 2007","Harmonized System 2007","Gabon","266'","2019","1","38210000'","  "," Milieux de culture pr?par?s pour le d?veloppement et l'entretien des micro-organismes (y compris les virus et les organismes similaires) ou des cellules v?g?tales, humaines ou animales.","38'","Miscellaneous chemical products","3821'","Prepared culture media for the development or maintenance of micro-organisms (including viruses and ","382100'"," Prepared culture media for the development or maintenance of micro-organisms (including viruses and ","8","1","R","0","0","","","","0","0","0","0","0","0"
"1860","","HS 2007","Harmonized System 2007","Gabon","266'","2019","1","38220000'","  "," R?actifs de diagnostic ou de laboratoire sur tout support et r?actifs de diagnostic ou de laboratoire pr?par?s, m?me pr?sent?s sur un support, autres que ceux des n?s 30.02 ou 30.06; mat?riaux de r?f?rence certifi?s.","38'","Miscellaneous chemical products","3822'","Diagnostic or laboratory reagents on a backing, prepared diagnostic or laboratory reagents whether o","382200'"," Diagnostic or laboratory reagents on a backing, prepared diagnostic or laboratory reagents whether o","8","1","R","0","0","","","","0","0","0","0","0","0"
"1861","","HS 2007","Harmonized System 2007","Gabon","266'","2019","1","38231100'","  "," -- Acide st?arique","38'","Miscellaneous chemical products","3823'","Industrial monocarboxylic fatty acids; acid oils from refining; industrial fatty alcohols.","382311'"," -- Stearic acid","8","1","R","0","0","","","","0","0","0","0","0","0"
"1862","","HS 2007","Harmonized System 2007","Gabon","266'","2019","1","38231200'","  "," -- Acide ol?ique","38'","Miscellaneous chemical products","3823'","Industrial monocarboxylic fatty acids; acid oils from refining; industrial fatty alcohols.","382312'"," -- Oleic acid","8","1","R","0","0","","","","0","0","0","0","0","0"
"1863","","HS 2007","Harmonized System 2007","Gabon","266'","2019","1","38231300'","  "," -- Tall acides gras","38'","Miscellaneous chemical products","3823'","Industrial monocarboxylic fatty acids; acid oils from refining; industrial fatty alcohols.","382313'"," -- Tall oil fatty acids","8","1","R","0","0","","","","0","0","0","0","0","0"
"1864","","HS 2007","Harmonized System 2007","Gabon","266'","2019","1","38231900'","  "," -- Autres","38'","Miscellaneous chemical products","3823'","Industrial monocarboxylic fatty acids; acid oils from refining; industrial fatty alcohols.","382319'"," -- Other","8","1","R","0","0","","","","0","0","0","0","0","0"
"1865","","HS 2007","Harmonized System 2007","Gabon","266'","2019","1","38237000'","  "," - Alcools gras industriels","38'","Miscellaneous chemical products","3823'","Industrial monocarboxylic fatty acids; acid oils from refining; industrial fatty alcohols.","382370'"," - Industrial fatty alcohols","8","1","R","0","0","","","","0","0","0","0","0","0"
"1866","","HS 2007","Harmonized System 2007","Gabon","266'","2019","1","38241000'","  "," - Liants pr?par?s pour moules ou noyaux de fonderie","38'","Miscellaneous chemical products","3824'","Prepared binders for foundry moulds or cores; chemical products and preparations of the chemical or ","382410'"," - Prepared binders for foundry moulds or cores","8","1","R","0","0","","","","0","0","0","0","0","0"
"1867","","HS 2007","Harmonized System 2007","Gabon","266'","2019","1","38243000'","  "," - Carbures m?talliques non agglom?r?s m?lang?s entre eux ou avec des liants m?talliques","38'","Miscellaneous chemical products","3824'","Prepared binders for foundry moulds or cores; chemical products and preparations of the chemical or ","382430'"," - Non-agglomerated metal carbides mixed together or with metallic binders","8","1","R","0","0","","","","0","0","0","0","0","0"
"1868","","HS 2007","Harmonized System 2007","Gabon","266'","2019","1","38244000'","  "," - Additifs pr?par?s pour ciments, mortiers ou b?tons","38'","Miscellaneous chemical products","3824'","Prepared binders for foundry moulds or cores; chemical products and preparations of the chemical or ","382440'"," - Prepared additives for cements, mortars or concretes","8","1","R","0","0","","","","0","0","0","0","0","0"
"1869","","HS 2007","Harmonized System 2007","Gabon","266'","2019","1","38245000'","  "," - Mortiers et b?tons, non r?fractaires","38'","Miscellaneous chemical products","3824'","Prepared binders for foundry moulds or cores; chemical products and preparations of the chemical or ","382450'"," - Non-refractory mortars and concretes","8","1","R","0","0","","","","0","0","0","0","0","0"
"1870","","HS 2007","Harmonized System 2007","Gabon","266'","2019","1","38246000'","  "," - Sorbitol autre que celui du n? 2905.44","38'","Miscellaneous chemical products","3824'","Prepared binders for foundry moulds or cores; chemical products and preparations of the chemical or ","382460'"," - Sorbitol other than that of subheading 2905.44","8","1","R","0","0","","","","0","0","0","0","0","0"
"1871","","HS 2007","Harmonized System 2007","Gabon","266'","2019","1","38247100'","  "," -- Contenant des chlorofluorocarbures (CFC), m?me contenant des hydrochlorofluorocarbures (HCFC), des perfluorocarbures (PFC) ou des hydrofluorocarbures (HFC)","38'","Miscellaneous chemical products","3824'","Prepared binders for foundry moulds or cores; chemical products and preparations of the chemical or ","382471'"," -- Containing chlorofluorocarbons (CFCs), whether or not containing hydrochlorofluorocarbons (HCFCs)","8","1","R","0","0","","","","0","0","0","0","0","0"
"1872","","HS 2007","Harmonized System 2007","Gabon","266'","2019","1","38247200'","  "," -- Contenant du bromochlorodifluorom?thane, du bromotrifluorom?thane ou des dibromot?trafluoro?thanes","38'","Miscellaneous chemical products","3824'","Prepared binders for foundry moulds or cores; chemical products and preparations of the chemical or ","382472'"," -- Containing bromochlorodifluoromethane, bromotrifluoromethane or dibromotetrafluoroethanes","8","1","R","0","0","","","","0","0","0","0","0","0"
"1873","","HS 2007","Harmonized System 2007","Gabon","266'","2019","1","38247300'","  "," -- Contenant des hydrobromofluorocarbures (HBFC)","38'","Miscellaneous chemical products","3824'","Prepared binders for foundry moulds or cores; chemical products and preparations of the chemical or ","382473'"," -- Containing hydrobromofluorocarbons (HBFCs)","8","1","R","0","0","","","","0","0","0","0","0","0"
"1874","","HS 2007","Harmonized System 2007","Gabon","266'","2019","1","38247400'","  "," -- Contenant des hydrochlorofluorocarbures (HCFC), m?me contenant des perfluorocarbures (PFC) ou des hydrofluorocarbures (HFC), mais ne contenant pas de chlorofluorocarbures (CFC)","38'","Miscellaneous chemical products","3824'","Prepared binders for foundry moulds or cores; chemical products and preparations of the chemical or ","382474'"," -- Containing hydrochlorofluorocarbons (HCFCs), whether or not containing perfluorocarbons (PFCs) or","8","1","R","0","0","","","","0","0","0","0","0","0"
"1875","","HS 2007","Harmonized System 2007","Gabon","266'","2019","1","38247500'","  "," -- Contenant du t?trachlorure de carbone","38'","Miscellaneous chemical products","3824'","Prepared binders for foundry moulds or cores; chemical products and preparations of the chemical or ","382475'"," -- Containing carbon tetrachloride","8","1","R","0","0","","","","0","0","0","0","0","0"
"1876","","HS 2007","Harmonized System 2007","Gabon","266'","2019","1","38247600'","  "," -- Contenant du trichloro?thane-1,1,1 (m?thylchloroforme)","38'","Miscellaneous chemical products","3824'","Prepared binders for foundry moulds or cores; chemical products and preparations of the chemical or ","382476'"," -- Containing 1,1,1-trichloroethane (methyl chloroform)","8","1","R","0","0","","","","0","0","0","0","0","0"
"1877","","HS 2007","Harmonized System 2007","Gabon","266'","2019","1","38247700'","  "," -- Contenant du bromom?thane (bromure de m?thyle) ou du","38'","Miscellaneous chemical products","3824'","Prepared binders for foundry moulds or cores; chemical products and preparations of the chemical or ","382477'"," -- Containing bromomethane (methyl bromide) or bromochloromethane","8","1","R","0","0","","","","0","0","0","0","0","0"
"1878","","HS 2007","Harmonized System 2007","Gabon","266'","2019","1","38247800'","  "," -- Contenant des perfluorocarbures (PFC) ou des hydrofluorocarbures (HFC), mais ne contenant pas de chlorofluorocarbures (CFC) ou d?hydrochlorofluorocarbures (HCFC)","38'","Miscellaneous chemical products","3824'","Prepared binders for foundry moulds or cores; chemical products and preparations of the chemical or ","382478'"," -- Containing perfluorocarbons (PFCs) or hydrofluorocarbons (HFCs), but not containing chlorofluoroc","8","1","R","0","0","","","","0","0","0","0","0","0"
"1879","","HS 2007","Harmonized System 2007","Gabon","266'","2019","1","38247900'","  "," -- Autres","38'","Miscellaneous chemical products","3824'","Prepared binders for foundry moulds or cores; chemical products and preparations of the chemical or ","382479'"," -- Other","8","1","R","0","0","","","","0","0","0","0","0","0"
"1880","","HS 2007","Harmonized System 2007","Gabon","266'","2019","1","38248100'","  "," -- Contenant de l'oxiranne (oxyde d'?thyl?ne)","38'","Miscellaneous chemical products","3824'","Prepared binders for foundry moulds or cores; chemical products and preparations of the chemical or ","382481'"," -- Containing oxirane (ethylene oxide)","8","1","R","0","0","","","","0","0","0","0","0","0"
"1881","","HS 2007","Harmonized System 2007","Gabon","266'","2019","1","38248200'","  "," -- Contenant des polybromobiph?nyles (PBB), des polychloroterph?nyles (PCT) ou des polychlorobiph?nyles (PCB)","38'","Miscellaneous chemical products","3824'","Prepared binders for foundry moulds or cores; chemical products and preparations of the chemical or ","382482'"," -- Containing polychlorinated biphenyls (PCBs), polychlorinated terphenyls (PCTs) or polybrominated ","8","1","R","0","0","","","","0","0","0","0","0","0"
"1882","","HS 2007","Harmonized System 2007","Gabon","266'","2019","1","38248300'","  "," -- Contenant du phosphate de tris(2,3-dibromopropyle)","38'","Miscellaneous chemical products","3824'","Prepared binders for foundry moulds or cores; chemical products and preparations of the chemical or ","382483'"," -- Containing tris(2,3-dibromopropyl) phosphate","8","1","R","0","0","","","","0","0","0","0","0","0"
"1883","","HS 2007","Harmonized System 2007","Gabon","266'","2019","1","38249000'","  "," - Autres","38'","Miscellaneous chemical products","3824'","Prepared binders for foundry moulds or cores; chemical products and preparations of the chemical or ","382490'"," - Other","8","1","R","0","0","","","","0","0","0","0","0","0"
"1884","","HS 2007","Harmonized System 2007","Gabon","266'","2019","1","38251000'","  "," - D?chets municipaux","38'","Miscellaneous chemical products","3825'","Residual products of the chemical or allied industries, not elsewhere specified or included; municip","382510'"," - Municipal waste","8","1","R","0","0","","","","0","0","0","0","0","0"
"1885","","HS 2007","Harmonized System 2007","Gabon","266'","2019","1","38252000'","  "," - Boues d??puration","38'","Miscellaneous chemical products","3825'","Residual products of the chemical or allied industries, not elsewhere specified or included; municip","382520'"," - Sewage sludge","8","1","R","0","0","","","","0","0","0","0","0","0"
"1886","","HS 2007","Harmonized System 2007","Gabon","266'","2019","1","38253000'","  "," - D?chets cliniques","38'","Miscellaneous chemical products","3825'","Residual products of the chemical or allied industries, not elsewhere specified or included; municip","382530'"," - Clinical waste","8","1","R","0","0","","","","0","0","0","0","0","0"
"1887","","HS 2007","Harmonized System 2007","Gabon","266'","2019","1","38254100'","  "," -- Hallog?n?s","38'","Miscellaneous chemical products","3825'","Residual products of the chemical or allied industries, not elsewhere specified or included; municip","382541'"," -- Halogenated","8","1","R","0","0","","","","0","0","0","0","0","0"
"1888","","HS 2007","Harmonized System 2007","Gabon","266'","2019","1","38254900'","  "," -- Autres","38'","Miscellaneous chemical products","3825'","Residual products of the chemical or allied industries, not elsewhere specified or included; municip","382549'"," -- Other","8","1","R","0","0","","","","0","0","0","0","0","0"
"1889","","HS 2007","Harmonized System 2007","Gabon","266'","2019","1","38255000'","  "," - D?chets de solutions (liqueurs) d?capantes pour m?taux, de liquides hydrauliques, de liquides pour freins et de liquides antigel","38'","Miscellaneous chemical products","3825'","Residual products of the chemical or allied industries, not elsewhere specified or included; municip","382550'"," - Wastes of metal pickling liquors, hydraulic fluids, brake fluids and anti-freeze fluids","8","1","R","0","0","","","","0","0","0","0","0","0"
"1890","","HS 2007","Harmonized System 2007","Gabon","266'","2019","1","38256100'","  "," -- Contenant principalement des constituants organiques","38'","Miscellaneous chemical products","3825'","Residual products of the chemical or allied industries, not elsewhere specified or included; municip","382561'"," -- Mainly containing organic constituents","8","1","R","0","0","","","","0","0","0","0","0","0"
"1891","","HS 2007","Harmonized System 2007","Gabon","266'","2019","1","38256900'","  "," -- Autres","38'","Miscellaneous chemical products","3825'","Residual products of the chemical or allied industries, not elsewhere specified or included; municip","382569'"," -- Other","8","1","R","0","0","","","","0","0","0","0","0","0"
"1892","","HS 2007","Harmonized System 2007","Gabon","266'","2019","1","38259000'","  "," - Autres","38'","Miscellaneous chemical products","3825'","Residual products of the chemical or allied industries, not elsewhere specified or included; municip","382590'"," - Other","8","1","R","0","0","","","","0","0","0","0","0","0"
"1893","","HS 2007","Harmonized System 2007","Gabon","266'","2019","1","39011000'","  "," - Poly?thyl?ne d'une densit? inf?rieure ? 0,94","39'","Plastics and articles thereof","3901'","Polymers of ethylene, in primary forms.","390110'"," - Polyethylene having a specific gravity of less than 0.94","8","1","R","0","0","","","","0","0","0","0","0","0"
"1894","","HS 2007","Harmonized System 2007","Gabon","266'","2019","1","39012000'","  "," - Poly?thyl?ne d'une densit? ?gale ou sup?rieure ? 0,94","39'","Plastics and articles thereof","3901'","Polymers of ethylene, in primary forms.","390120'"," - Polyethylene having a specific gravity of 0.94 or more","8","1","R","0","0","","","","0","0","0","0","0","0"
"1895","","HS 2007","Harmonized System 2007","Gabon","266'","2019","1","39013000'","  "," - Copolym?res d'?thyl?ne et d'ac?tate de vinyle","39'","Plastics and articles thereof","3901'","Polymers of ethylene, in primary forms.","390130'"," - Ethylene-vinyl acetate copolymers","8","1","R","0","0","","","","0","0","0","0","0","0"
"1896","","HS 2007","Harmonized System 2007","Gabon","266'","2019","1","39019000'","  "," - Autres","39'","Plastics and articles thereof","3901'","Polymers of ethylene, in primary forms.","390190'"," - Other","8","1","R","0","0","","","","0","0","0","0","0","0"
"1897","","HS 2007","Harmonized System 2007","Gabon","266'","2019","1","39021000'","  "," - Polypropyl?ne","39'","Plastics and articles thereof","3902'","Polymers of propylene or of other olefins, in primary forms.","390210'"," - Polypropylene","8","1","R","0","0","","","","0","0","0","0","0","0"
"1898","","HS 2007","Harmonized System 2007","Gabon","266'","2019","1","39022000'","  "," - Polyisobutyl?ne","39'","Plastics and articles thereof","3902'","Polymers of propylene or of other olefins, in primary forms.","390220'"," - Polyisobutylene","8","1","R","0","0","","","","0","0","0","0","0","0"
"1899","","HS 2007","Harmonized System 2007","Gabon","266'","2019","1","39023000'","  "," - Copolym?res de propyl?ne","39'","Plastics and articles thereof","3902'","Polymers of propylene or of other olefins, in primary forms.","390230'"," - Propylene copolymers","8","1","R","0","0","","","","0","0","0","0","0","0"
"1900","","HS 2007","Harmonized System 2007","Gabon","266'","2019","1","39029000'","  "," - Autres","39'","Plastics and articles thereof","3902'","Polymers of propylene or of other olefins, in primary forms.","390290'"," - Other","8","1","R","0","0","","","","0","0","0","0","0","0"
"1901","","HS 2007","Harmonized System 2007","Gabon","266'","2019","1","39031100'","  "," -- Expansible","39'","Plastics and articles thereof","3903'","Polymers of styrene, in primary forms.","390311'"," -- Expansible","8","1","R","0","0","","","","0","0","0","0","0","0"
"1902","","HS 2007","Harmonized System 2007","Gabon","266'","2019","1","39031900'","  "," -- Autres","39'","Plastics and articles thereof","3903'","Polymers of styrene, in primary forms.","390319'"," -- Other","8","1","R","0","0","","","","0","0","0","0","0","0"
"1903","","HS 2007","Harmonized System 2007","Gabon","266'","2019","1","39032000'","  "," - Copolym?res de styr?ne-acrylonitrile (SAN)","39'","Plastics and articles thereof","3903'","Polymers of styrene, in primary forms.","390320'"," - Styrene-acrylonitrile (SAN) copolymers","8","1","R","0","0","","","","0","0","0","0","0","0"
"1904","","HS 2007","Harmonized System 2007","Gabon","266'","2019","1","39033000'","  "," - Copolym?res d'acrylonitrile-butadi?ne-styr?ne (ABS)","39'","Plastics and articles thereof","3903'","Polymers of styrene, in primary forms.","390330'"," - Acrylonitrile-butadiene-styrene (ABS) copolymers","8","1","R","0","0","","","","0","0","0","0","0","0"
"1905","","HS 2007","Harmonized System 2007","Gabon","266'","2019","1","39039000'","  "," - Autres","39'","Plastics and articles thereof","3903'","Polymers of styrene, in primary forms.","390390'"," - Other","8","1","R","0","0","","","","0","0","0","0","0","0"
"1906","","HS 2007","Harmonized System 2007","Gabon","266'","2019","1","39041000'","  "," - Poly(chlorure de vinyle), non m?lang? ? d'autres substances","39'","Plastics and articles thereof","3904'","Polymers of vinyl chloride or of other halogenated olefins, in primary forms.","390410'"," - Poly(vinyl chloride), not mixed with any other substances","8","1","R","0","0","","","","0","0","0","0","0","0"
"1907","","HS 2007","Harmonized System 2007","Gabon","266'","2019","1","39042100'","  "," -- Non plastifi?","39'","Plastics and articles thereof","3904'","Polymers of vinyl chloride or of other halogenated olefins, in primary forms.","390421'"," -- Non-plasticised","8","1","R","0","0","","","","0","0","0","0","0","0"
"1908","","HS 2007","Harmonized System 2007","Gabon","266'","2019","1","39042200'","  "," -- Plastifi?","39'","Plastics and articles thereof","3904'","Polymers of vinyl chloride or of other halogenated olefins, in primary forms.","390422'"," -- Plasticised","8","1","R","0","0","","","","0","0","0","0","0","0"
"1909","","HS 2007","Harmonized System 2007","Gabon","266'","2019","1","39043000'","  "," - Copolym?res du chlorure de vinyle et d'ac?tate de vinyle","39'","Plastics and articles thereof","3904'","Polymers of vinyl chloride or of other halogenated olefins, in primary forms.","390430'"," - Vinyl chloride-vinyl acetate copolymers","8","1","R","0","0","","","","0","0","0","0","0","0"
"1910","","HS 2007","Harmonized System 2007","Gabon","266'","2019","1","39044000'","  "," - Autres copolym?res du chlorure de vinyle","39'","Plastics and articles thereof","3904'","Polymers of vinyl chloride or of other halogenated olefins, in primary forms.","390440'"," - Other vinyl chloride copolymers","8","1","R","0","0","","","","0","0","0","0","0","0"
"1911","","HS 2007","Harmonized System 2007","Gabon","266'","2019","1","39045000'","  "," - Polym?res du chlorure de vinylid?ne","39'","Plastics and articles thereof","3904'","Polymers of vinyl chloride or of other halogenated olefins, in primary forms.","390450'"," - Vinylidene chloride polymers","8","1","R","0","0","","","","0","0","0","0","0","0"
"1912","","HS 2007","Harmonized System 2007","Gabon","266'","2019","1","39046100'","  "," -- Polyt?trafluoro?thyl?ne","39'","Plastics and articles thereof","3904'","Polymers of vinyl chloride or of other halogenated olefins, in primary forms.","390461'"," -- Polytetrafluoroethylene","8","1","R","0","0","","","","0","0","0","0","0","0"
"1913","","HS 2007","Harmonized System 2007","Gabon","266'","2019","1","39046900'","  "," -- Autres","39'","Plastics and articles thereof","3904'","Polymers of vinyl chloride or of other halogenated olefins, in primary forms.","390469'"," -- Other","8","1","R","0","0","","","","0","0","0","0","0","0"
"1914","","HS 2007","Harmonized System 2007","Gabon","266'","2019","1","39049000'","  "," - Autres","39'","Plastics and articles thereof","3904'","Polymers of vinyl chloride or of other halogenated olefins, in primary forms.","390490'"," - Other","8","1","R","0","0","","","","0","0","0","0","0","0"
"1915","","HS 2007","Harmonized System 2007","Gabon","266'","2019","1","39051200'","  "," -- En dispersion aqueuse","39'","Plastics and articles thereof","3905'","Polymers of vinyl acetate or of other vinyl esters, in primary forms; other vinyl polymers in primar","390512'"," -- In aqueous dispersion","8","1","R","0","0","","","","0","0","0","0","0","0"
"1916","","HS 2007","Harmonized System 2007","Gabon","266'","2019","1","39051900'","  "," -- Autres","39'","Plastics and articles thereof","3905'","Polymers of vinyl acetate or of other vinyl esters, in primary forms; other vinyl polymers in primar","390519'"," -- Other","8","1","R","0","0","","","","0","0","0","0","0","0"
"1917","","HS 2007","Harmonized System 2007","Gabon","266'","2019","1","39052100'","  "," -- En dispersion aqueuse","39'","Plastics and articles thereof","3905'","Polymers of vinyl acetate or of other vinyl esters, in primary forms; other vinyl polymers in primar","390521'"," -- In aqueous dispersion","8","1","R","0","0","","","","0","0","0","0","0","0"
"1918","","HS 2007","Harmonized System 2007","Gabon","266'","2019","1","39052900'","  "," -- Autres","39'","Plastics and articles thereof","3905'","Polymers of vinyl acetate or of other vinyl esters, in primary forms; other vinyl polymers in primar","390529'"," -- Other","8","1","R","0","0","","","","0","0","0","0","0","0"
"1919","","HS 2007","Harmonized System 2007","Gabon","266'","2019","1","39053000'","  "," - Poly(alcool vinylique), m?me contenant des groupes ac?tate non hydrolys?s","39'","Plastics and articles thereof","3905'","Polymers of vinyl acetate or of other vinyl esters, in primary forms; other vinyl polymers in primar","390530'"," - Poly(vinyl alcohol), whether or not containing unhydrolysed acetate groups","8","1","R","0","0","","","","0","0","0","0","0","0"
"1920","","HS 2007","Harmonized System 2007","Gabon","266'","2019","1","39059100'","  "," -- Copolym?res","39'","Plastics and articles thereof","3905'","Polymers of vinyl acetate or of other vinyl esters, in primary forms; other vinyl polymers in primar","390591'"," -- Copolymers","8","1","R","0","0","","","","0","0","0","0","0","0"
"1921","","HS 2007","Harmonized System 2007","Gabon","266'","2019","1","39059900'","  "," -- Autres","39'","Plastics and articles thereof","3905'","Polymers of vinyl acetate or of other vinyl esters, in primary forms; other vinyl polymers in primar","390599'"," -- Other","8","1","R","0","0","","","","0","0","0","0","0","0"
"1922","","HS 2007","Harmonized System 2007","Gabon","266'","2019","1","39061000'","  "," - Poly(m?thacrylate de m?thyle)","39'","Plastics and articles thereof","3906'","Acrylic polymers in primary forms.","390610'"," - Poly(methyl methacrylate)","8","1","R","0","0","","","","0","0","0","0","0","0"
"1923","","HS 2007","Harmonized System 2007","Gabon","266'","2019","1","39069000'","  "," - Autres","39'","Plastics and articles thereof","3906'","Acrylic polymers in primary forms.","390690'"," - Other","8","1","R","0","0","","","","0","0","0","0","0","0"
"1924","","HS 2007","Harmonized System 2007","Gabon","266'","2019","1","39071000'","  "," - Polyac?tals","39'","Plastics and articles thereof","3907'","Polyacetals, other polyethers and epoxide resins, in primary forms; polycarbonates, alkyd resins, po","390710'"," - Polyacetals","8","1","R","0","0","","","","0","0","0","0","0","0"
"1925","","HS 2007","Harmonized System 2007","Gabon","266'","2019","1","39072000'","  "," - Autres poly?thers","39'","Plastics and articles thereof","3907'","Polyacetals, other polyethers and epoxide resins, in primary forms; polycarbonates, alkyd resins, po","390720'"," - Other polyethers","8","1","R","0","0","","","","0","0","0","0","0","0"
"1926","","HS 2007","Harmonized System 2007","Gabon","266'","2019","1","39073000'","  "," - R?sines ?poxydes","39'","Plastics and articles thereof","3907'","Polyacetals, other polyethers and epoxide resins, in primary forms; polycarbonates, alkyd resins, po","390730'"," - Epoxide resins","8","1","R","0","0","","","","0","0","0","0","0","0"
"1927","","HS 2007","Harmonized System 2007","Gabon","266'","2019","1","39074000'","  "," - Polycarbonates","39'","Plastics and articles thereof","3907'","Polyacetals, other polyethers and epoxide resins, in primary forms; polycarbonates, alkyd resins, po","390740'"," - Polycarbonates","8","1","R","0","0","","","","0","0","0","0","0","0"
"1928","","HS 2007","Harmonized System 2007","Gabon","266'","2019","1","39075000'","  "," - R?sines alkydes","39'","Plastics and articles thereof","3907'","Polyacetals, other polyethers and epoxide resins, in primary forms; polycarbonates, alkyd resins, po","390750'"," - Alkyd resins","8","1","R","0","0","","","","0","0","0","0","0","0"
"1929","","HS 2007","Harmonized System 2007","Gabon","266'","2019","1","39076000'","  "," - Poly(?thyl?ne t?r?phtalate)","39'","Plastics and articles thereof","3907'","Polyacetals, other polyethers and epoxide resins, in primary forms; polycarbonates, alkyd resins, po","390760'"," - Poly(ethylene terephthalate)","8","1","R","0","0","","","","0","0","0","0","0","0"
"1930","","HS 2007","Harmonized System 2007","Gabon","266'","2019","1","39077000'","  "," - Poly(acide lactique)","39'","Plastics and articles thereof","3907'","Polyacetals, other polyethers and epoxide resins, in primary forms; polycarbonates, alkyd resins, po","390770'"," - Poly(lactic acid)","8","1","R","0","0","","","","0","0","0","0","0","0"
"1931","","HS 2007","Harmonized System 2007","Gabon","266'","2019","1","39079100'","  "," -- Non satur?s","39'","Plastics and articles thereof","3907'","Polyacetals, other polyethers and epoxide resins, in primary forms; polycarbonates, alkyd resins, po","390791'"," -- Unsaturated","8","1","R","0","0","","","","0","0","0","0","0","0"
"1932","","HS 2007","Harmonized System 2007","Gabon","266'","2019","1","39079900'","  "," -- Autres","39'","Plastics and articles thereof","3907'","Polyacetals, other polyethers and epoxide resins, in primary forms; polycarbonates, alkyd resins, po","390799'"," -- Other","8","1","R","0","0","","","","0","0","0","0","0","0"
"1933","","HS 2007","Harmonized System 2007","Gabon","266'","2019","1","39081000'","  "," - Polyamide-6, -11, -12, -6,6, -6,9, -6,10 ou -6,12","39'","Plastics and articles thereof","3908'","Polyamides in primary forms.","390810'"," - Polyamide-6, -11, -12, -6,6, -6,9, -6,10 or -6,12","8","1","R","0","0","","","","0","0","0","0","0","0"
"1934","","HS 2007","Harmonized System 2007","Gabon","266'","2019","1","39089000'","  "," - Autres","39'","Plastics and articles thereof","3908'","Polyamides in primary forms.","390890'"," - Other","8","1","R","0","0","","","","0","0","0","0","0","0"
"1935","","HS 2007","Harmonized System 2007","Gabon","266'","2019","1","39091000'","  "," - R?sines ur?iques; r?sines de thiour?e","39'","Plastics and articles thereof","3909'","Amino-resins, phenolic resins and polyurethanes, in primary forms.","390910'"," - Urea resins; thiourea resins","8","1","R","0","0","","","","0","0","0","0","0","0"
"1936","","HS 2007","Harmonized System 2007","Gabon","266'","2019","1","39092000'","  "," - R?sines m?laminiques","39'","Plastics and articles thereof","3909'","Amino-resins, phenolic resins and polyurethanes, in primary forms.","390920'"," - Melamine resins","8","1","R","0","0","","","","0","0","0","0","0","0"
"1937","","HS 2007","Harmonized System 2007","Gabon","266'","2019","1","39093000'","  "," - Autres r?sines aminiques","39'","Plastics and articles thereof","3909'","Amino-resins, phenolic resins and polyurethanes, in primary forms.","390930'"," - Other amino-resins","8","1","R","0","0","","","","0","0","0","0","0","0"
"1938","","HS 2007","Harmonized System 2007","Gabon","266'","2019","1","39094000'","  "," - R?sines ph?noliques","39'","Plastics and articles thereof","3909'","Amino-resins, phenolic resins and polyurethanes, in primary forms.","390940'"," - Phenolic resins","8","1","R","0","0","","","","0","0","0","0","0","0"
"1939","","HS 2007","Harmonized System 2007","Gabon","266'","2019","1","39095000'","  "," - Polyur?thannes","39'","Plastics and articles thereof","3909'","Amino-resins, phenolic resins and polyurethanes, in primary forms.","390950'"," - Polyurethanes","8","1","R","0","0","","","","0","0","0","0","0","0"
"1940","","HS 2007","Harmonized System 2007","Gabon","266'","2019","1","39100000'","  "," Silicones sous formes primaires.","39'","Plastics and articles thereof","3910'","Silicones in primary forms.","391000'"," Silicones in primary forms.","8","1","R","0","0","","","","0","0","0","0","0","0"
"1941","","HS 2007","Harmonized System 2007","Gabon","266'","2019","1","39111000'","  "," - R?sines de p?trole, r?sines de coumarone, r?sines d'ind?ne, r?sines de coumarone-ind?ne et polyterp?nes","39'","Plastics and articles thereof","3911'","Petroleum resins, coumarone-indene resins, polyterpenes, polysulphides, polysulphones and other prod","391110'"," - Petroleum resins, coumarone, indene or coumarone-indene resins and polyterpenes","8","1","R","0","0","","","","0","0","0","0","0","0"
"1942","","HS 2007","Harmonized System 2007","Gabon","266'","2019","1","39119000'","  "," - Autres","39'","Plastics and articles thereof","3911'","Petroleum resins, coumarone-indene resins, polyterpenes, polysulphides, polysulphones and other prod","391190'"," - Other","8","1","R","0","0","","","","0","0","0","0","0","0"
"1943","","HS 2007","Harmonized System 2007","Gabon","266'","2019","1","39121100'","  "," -- Non plastifi?s","39'","Plastics and articles thereof","3912'","Cellulose and its chemical derivatives, not elsewhere specified or included, in primary forms.","391211'"," -- Non-plasticised","8","1","R","0","0","","","","0","0","0","0","0","0"
"1944","","HS 2007","Harmonized System 2007","Gabon","266'","2019","1","39121200'","  "," -- Plastifi?s","39'","Plastics and articles thereof","3912'","Cellulose and its chemical derivatives, not elsewhere specified or included, in primary forms.","391212'"," -- Plasticised","8","1","R","0","0","","","","0","0","0","0","0","0"
"1945","","HS 2007","Harmonized System 2007","Gabon","266'","2019","1","39122000'","  "," - Nitrates de cellulose (y compris les collodions)","39'","Plastics and articles thereof","3912'","Cellulose and its chemical derivatives, not elsewhere specified or included, in primary forms.","391220'"," - Cellulose nitrates (including collodions)","8","1","R","0","0","","","","0","0","0","0","0","0"
"1946","","HS 2007","Harmonized System 2007","Gabon","266'","2019","1","39123100'","  "," -- Carboxym?thylcellulose et ses sels","39'","Plastics and articles thereof","3912'","Cellulose and its chemical derivatives, not elsewhere specified or included, in primary forms.","391231'"," -- Carboxymethylcellulose and its salts","8","1","R","0","0","","","","0","0","0","0","0","0"
"1947","","HS 2007","Harmonized System 2007","Gabon","266'","2019","1","39123900'","  "," -- Autres","39'","Plastics and articles thereof","3912'","Cellulose and its chemical derivatives, not elsewhere specified or included, in primary forms.","391239'"," -- Other","8","1","R","0","0","","","","0","0","0","0","0","0"
"1948","","HS 2007","Harmonized System 2007","Gabon","266'","2019","1","39129000'","  "," - Autres","39'","Plastics and articles thereof","3912'","Cellulose and its chemical derivatives, not elsewhere specified or included, in primary forms.","391290'"," - Other","8","1","R","0","0","","","","0","0","0","0","0","0"
"1949","","HS 2007","Harmonized System 2007","Gabon","266'","2019","1","39131000'","  "," - Acide alginique, ses sels et ses esters","39'","Plastics and articles thereof","3913'","Natural polymers (for example, alginic acid) and modified natural polymers (for example, hardened pr","391310'"," - Alginic acid, its salts and esters","8","1","R","0","0","","","","0","0","0","0","0","0"
"1950","","HS 2007","Harmonized System 2007","Gabon","266'","2019","1","39139000'","  "," - Autres","39'","Plastics and articles thereof","3913'","Natural polymers (for example, alginic acid) and modified natural polymers (for example, hardened pr","391390'"," - Other","8","1","R","0","0","","","","0","0","0","0","0","0"
"1951","","HS 2007","Harmonized System 2007","Gabon","266'","2019","1","39140000'","  "," Echangeurs d'ions ? base de polym?res des n?s 39.01 ? 39.13, sous formes primaires.","39'","Plastics and articles thereof","3914'","Ion-exchangers based on polymers of headings 39.01 to 39.13, in primary forms.","391400'"," Ion-exchangers based on polymers of headings 39.01 to 39.13, in primary forms.","8","1","R","0","0","","","","0","0","0","0","0","0"
"1952","","HS 2007","Harmonized System 2007","Gabon","266'","2019","1","39151000'","  "," - De polym?res de l'?thyl?ne","39'","Plastics and articles thereof","3915'","Waste, parings and scrap, of plastics.","391510'"," - Of polymers of ethylene","8","1","R","0","0","","","","0","0","0","0","0","0"
"1953","","HS 2007","Harmonized System 2007","Gabon","266'","2019","1","39152000'","  "," - De polym?res du styr?ne","39'","Plastics and articles thereof","3915'","Waste, parings and scrap, of plastics.","391520'"," - Of polymers of styrene","8","1","R","0","0","","","","0","0","0","0","0","0"
"1954","","HS 2007","Harmonized System 2007","Gabon","266'","2019","1","39153000'","  "," - De polym?res du chlorure de vinyle","39'","Plastics and articles thereof","3915'","Waste, parings and scrap, of plastics.","391530'"," - Of polymers of vinyl chloride","8","1","R","0","0","","","","0","0","0","0","0","0"
"1955","","HS 2007","Harmonized System 2007","Gabon","266'","2019","1","39159000'","  "," - D'autres mati?res plastiques","39'","Plastics and articles thereof","3915'","Waste, parings and scrap, of plastics.","391590'"," - Of other plastics","8","1","R","0","0","","","","0","0","0","0","0","0"
"1956","","HS 2007","Harmonized System 2007","Gabon","266'","2019","1","39161000'","  "," - En polym?res de l'?thyl?ne","39'","Plastics and articles thereof","3916'","Monofilament of which any cross-sectional dimension exceeds 1 mm, rods, sticks and profile shapes, w","391610'"," - Of polymers of ethylene","8","1","R","0","0","","","","0","0","0","0","0","0"
"1957","","HS 2007","Harmonized System 2007","Gabon","266'","2019","1","39162000'","  "," - En polym?res du chlorure de vinyle","39'","Plastics and articles thereof","3916'","Monofilament of which any cross-sectional dimension exceeds 1 mm, rods, sticks and profile shapes, w","391620'"," - Of polymers of vinyl chloride","8","1","R","0","0","","","","0","0","0","0","0","0"
"1958","","HS 2007","Harmonized System 2007","Gabon","266'","2019","1","39169000'","  "," - En autres mati?res plastiques","39'","Plastics and articles thereof","3916'","Monofilament of which any cross-sectional dimension exceeds 1 mm, rods, sticks and profile shapes, w","391690'"," - Of other plastics","8","1","R","0","0","","","","0","0","0","0","0","0"
"1959","","HS 2007","Harmonized System 2007","Gabon","266'","2019","1","39171000'","  "," - Boyaux artificiels en prot?ines durcies ou en mati?res plastiques cellulosiques","39'","Plastics and articles thereof","3917'","Tubes, pipes and hoses, and fittings therefor (for example, joints, elbows, flanges), of plastics.","391710'"," - Artificial guts (sausage casings) of hardened protein or of cellulosic materials","8","1","R","0","0","","","","0","0","0","0","0","0"
"1960","","HS 2007","Harmonized System 2007","Gabon","266'","2019","1","39172100'","  "," -- En polym?res de l'?thyl?ne","39'","Plastics and articles thereof","3917'","Tubes, pipes and hoses, and fittings therefor (for example, joints, elbows, flanges), of plastics.","391721'"," -- Of polymers of ethylene","8","1","R","0","0","","","","0","0","0","0","0","0"
"1961","","HS 2007","Harmonized System 2007","Gabon","266'","2019","1","39172200'","  "," -- En polym?res du propyl?ne","39'","Plastics and articles thereof","3917'","Tubes, pipes and hoses, and fittings therefor (for example, joints, elbows, flanges), of plastics.","391722'"," -- Of polymers of propylene","8","1","R","0","0","","","","0","0","0","0","0","0"
"1962","","HS 2007","Harmonized System 2007","Gabon","266'","2019","1","39172300'","  "," -- En polym?res du chlorure de vinyle","39'","Plastics and articles thereof","3917'","Tubes, pipes and hoses, and fittings therefor (for example, joints, elbows, flanges), of plastics.","391723'"," -- Of polymers of vinyl chloride","8","1","R","0","0","","","","0","0","0","0","0","0"
"1963","","HS 2007","Harmonized System 2007","Gabon","266'","2019","1","39172900'","  "," -- En autres mati?res plastiques","39'","Plastics and articles thereof","3917'","Tubes, pipes and hoses, and fittings therefor (for example, joints, elbows, flanges), of plastics.","391729'"," -- Of other plastics","8","1","R","0","0","","","","0","0","0","0","0","0"
"1964","","HS 2007","Harmonized System 2007","Gabon","266'","2019","1","39173100'","  "," -- Tubes et tuyaux souples pouvant supporter au minimum une pression de 27,6 MPa","39'","Plastics and articles thereof","3917'","Tubes, pipes and hoses, and fittings therefor (for example, joints, elbows, flanges), of plastics.","391731'"," -- Flexible tubes, pipes and hoses, having a minimum burst pressure of 27.6 MPa","8","1","R","0","0","","","","0","0","0","0","0","0"
"1965","","HS 2007","Harmonized System 2007","Gabon","266'","2019","1","39173200'","  "," -- Autres, non renforc?s d'autres mati?res ni autrement associ?s ? d'autres mati?res, sans accessoires","39'","Plastics and articles thereof","3917'","Tubes, pipes and hoses, and fittings therefor (for example, joints, elbows, flanges), of plastics.","391732'"," -- Other, not reinforced or otherwise combined with other materials, without fittings","8","1","R","0","0","","","","0","0","0","0","0","0"
"1966","","HS 2007","Harmonized System 2007","Gabon","266'","2019","1","39173300'","  "," -- Autres, non renforc?s d'autres mati?res ni autrement associ?s ? d'autres mati?res, avec accessoires","39'","Plastics and articles thereof","3917'","Tubes, pipes and hoses, and fittings therefor (for example, joints, elbows, flanges), of plastics.","391733'"," -- Other, not reinforced or otherwise combined with other materials, with fittings","8","1","R","0","0","","","","0","0","0","0","0","0"
"1967","","HS 2007","Harmonized System 2007","Gabon","266'","2019","1","39173900'","  "," -- Autres","39'","Plastics and articles thereof","3917'","Tubes, pipes and hoses, and fittings therefor (for example, joints, elbows, flanges), of plastics.","391739'"," -- Other","8","1","R","0","0","","","","0","0","0","0","0","0"
"1968","","HS 2007","Harmonized System 2007","Gabon","266'","2019","1","39174000'","  "," - Accessoires","39'","Plastics and articles thereof","3917'","Tubes, pipes and hoses, and fittings therefor (for example, joints, elbows, flanges), of plastics.","391740'"," - Fittings","8","1","R","0","0","","","","0","0","0","0","0","0"
"1969","","HS 2007","Harmonized System 2007","Gabon","266'","2019","1","39181000'","  "," - En polym?res du chlorure de vinyle","39'","Plastics and articles thereof","3918'","Floor coverings of plastics, whether or not self-adhesive, in rolls or in the form of tiles; wall or","391810'"," - Of polymers of vinyl chloride","8","1","R","0","0","","","","0","0","0","0","0","0"
"1970","","HS 2007","Harmonized System 2007","Gabon","266'","2019","1","39189000'","  "," - En autres mati?res plastiques","39'","Plastics and articles thereof","3918'","Floor coverings of plastics, whether or not self-adhesive, in rolls or in the form of tiles; wall or","391890'"," - Of other plastics","8","1","R","0","0","","","","0","0","0","0","0","0"
"1971","","HS 2007","Harmonized System 2007","Gabon","266'","2019","1","39191000'","  "," - En rouleaux d'une largeur n'exc?dant pas 20 cm","39'","Plastics and articles thereof","3919'","Self-adhesive plates, sheets, film, foil, tape, strip and other flat shapes, of plastics, whether or","391910'"," - In rolls of a width not exceeding 20 cm","8","1","R","0","0","","","","0","0","0","0","0","0"
"1972","","HS 2007","Harmonized System 2007","Gabon","266'","2019","1","39199000'","  "," - Autres","39'","Plastics and articles thereof","3919'","Self-adhesive plates, sheets, film, foil, tape, strip and other flat shapes, of plastics, whether or","391990'"," - Other","8","1","R","0","0","","","","0","0","0","0","0","0"
"1973","","HS 2007","Harmonized System 2007","Gabon","266'","2019","1","39201000'","  "," - En polym?res de l'?thyl?ne","39'","Plastics and articles thereof","3920'","Other plates, sheets, film, foil and strip, of plastics, non-cellular and not reinforced, laminated,","392010'"," - Of polymers of ethylene","8","1","R","0","0","","","","0","0","0","0","0","0"
"1974","","HS 2007","Harmonized System 2007","Gabon","266'","2019","1","39202000'","  "," - En polym?res du propyl?ne","39'","Plastics and articles thereof","3920'","Other plates, sheets, film, foil and strip, of plastics, non-cellular and not reinforced, laminated,","392020'"," - Of polymers of propylene","8","1","R","0","0","","","","0","0","0","0","0","0"
"1975","","HS 2007","Harmonized System 2007","Gabon","266'","2019","1","39203000'","  "," - En polym?res du styr?ne","39'","Plastics and articles thereof","3920'","Other plates, sheets, film, foil and strip, of plastics, non-cellular and not reinforced, laminated,","392030'"," - Of polymers of styrene","8","1","R","0","0","","","","0","0","0","0","0","0"
"1976","","HS 2007","Harmonized System 2007","Gabon","266'","2019","1","39204300'","  "," -- Contenant en poids au moins 6 % de plastifiants","39'","Plastics and articles thereof","3920'","Other plates, sheets, film, foil and strip, of plastics, non-cellular and not reinforced, laminated,","392043'"," -- Containing by weight not less than 6 % of plasticisers","8","1","R","0","0","","","","0","0","0","0","0","0"
"1977","","HS 2007","Harmonized System 2007","Gabon","266'","2019","1","39204900'","  "," -- Autres","39'","Plastics and articles thereof","3920'","Other plates, sheets, film, foil and strip, of plastics, non-cellular and not reinforced, laminated,","392049'"," -- Other","8","1","R","0","0","","","","0","0","0","0","0","0"
"1978","","HS 2007","Harmonized System 2007","Gabon","266'","2019","1","39205100'","  "," -- En poly(m?thacrylate de m?thyle)","39'","Plastics and articles thereof","3920'","Other plates, sheets, film, foil and strip, of plastics, non-cellular and not reinforced, laminated,","392051'"," -- Of poly(methyl methacrylate)","8","1","R","0","0","","","","0","0","0","0","0","0"
"1979","","HS 2007","Harmonized System 2007","Gabon","266'","2019","1","39205900'","  "," -- Autres","39'","Plastics and articles thereof","3920'","Other plates, sheets, film, foil and strip, of plastics, non-cellular and not reinforced, laminated,","392059'"," -- Other","8","1","R","0","0","","","","0","0","0","0","0","0"
"1980","","HS 2007","Harmonized System 2007","Gabon","266'","2019","1","39206100'","  "," -- En polycarbonates","39'","Plastics and articles thereof","3920'","Other plates, sheets, film, foil and strip, of plastics, non-cellular and not reinforced, laminated,","392061'"," -- Of polycarbonates","8","1","R","0","0","","","","0","0","0","0","0","0"
"1981","","HS 2007","Harmonized System 2007","Gabon","266'","2019","1","39206200'","  "," -- En poly(?thyl?ne t?r?phtalate)","39'","Plastics and articles thereof","3920'","Other plates, sheets, film, foil and strip, of plastics, non-cellular and not reinforced, laminated,","392062'"," -- Of poly(ethylene terephthalate)","8","1","R","0","0","","","","0","0","0","0","0","0"
"1982","","HS 2007","Harmonized System 2007","Gabon","266'","2019","1","39206300'","  "," -- En polyesters non satur?s","39'","Plastics and articles thereof","3920'","Other plates, sheets, film, foil and strip, of plastics, non-cellular and not reinforced, laminated,","392063'"," -- Of unsaturated polyesters","8","1","R","0","0","","","","0","0","0","0","0","0"
"1983","","HS 2007","Harmonized System 2007","Gabon","266'","2019","1","39206900'","  "," -- En autres polyesters","39'","Plastics and articles thereof","3920'","Other plates, sheets, film, foil and strip, of plastics, non-cellular and not reinforced, laminated,","392069'"," -- Of other polyesters","8","1","R","0","0","","","","0","0","0","0","0","0"
"1984","","HS 2007","Harmonized System 2007","Gabon","266'","2019","1","39207100'","  "," -- En cellulose r?g?n?r?e","39'","Plastics and articles thereof","3920'","Other plates, sheets, film, foil and strip, of plastics, non-cellular and not reinforced, laminated,","392071'"," -- Of regenerated cellulose","8","1","R","0","0","","","","0","0","0","0","0","0"
"1985","","HS 2007","Harmonized System 2007","Gabon","266'","2019","1","39207300'","  "," -- En ac?tate de cellulose","39'","Plastics and articles thereof","3920'","Other plates, sheets, film, foil and strip, of plastics, non-cellular and not reinforced, laminated,","392073'"," -- Of cellulose acetate","8","1","R","0","0","","","","0","0","0","0","0","0"
"1986","","HS 2007","Harmonized System 2007","Gabon","266'","2019","1","39207900'","  "," -- En autres d?riv?s de la cellulose","39'","Plastics and articles thereof","3920'","Other plates, sheets, film, foil and strip, of plastics, non-cellular and not reinforced, laminated,","392079'"," -- Of other cellulose derivatives","8","1","R","0","0","","","","0","0","0","0","0","0"
"1987","","HS 2007","Harmonized System 2007","Gabon","266'","2019","1","39209100'","  "," -- En poly(butyral de vinyle)","39'","Plastics and articles thereof","3920'","Other plates, sheets, film, foil and strip, of plastics, non-cellular and not reinforced, laminated,","392091'"," -- Of poly(vinyl butyral)","8","1","R","0","0","","","","0","0","0","0","0","0"
"1988","","HS 2007","Harmonized System 2007","Gabon","266'","2019","1","39209200'","  "," -- En polyamides","39'","Plastics and articles thereof","3920'","Other plates, sheets, film, foil and strip, of plastics, non-cellular and not reinforced, laminated,","392092'"," -- Of polyamides","8","1","R","0","0","","","","0","0","0","0","0","0"
"1989","","HS 2007","Harmonized System 2007","Gabon","266'","2019","1","39209300'","  "," -- En r?sines aminiques","39'","Plastics and articles thereof","3920'","Other plates, sheets, film, foil and strip, of plastics, non-cellular and not reinforced, laminated,","392093'"," -- Of amino-resins","8","1","R","0","0","","","","0","0","0","0","0","0"
"1990","","HS 2007","Harmonized System 2007","Gabon","266'","2019","1","39209400'","  "," -- En r?sines ph?noliques","39'","Plastics and articles thereof","3920'","Other plates, sheets, film, foil and strip, of plastics, non-cellular and not reinforced, laminated,","392094'"," -- Of phenolic resins","8","1","R","0","0","","","","0","0","0","0","0","0"
"1991","","HS 2007","Harmonized System 2007","Gabon","266'","2019","1","39209900'","  "," -- En autres mati?res plastiques","39'","Plastics and articles thereof","3920'","Other plates, sheets, film, foil and strip, of plastics, non-cellular and not reinforced, laminated,","392099'"," -- Of other plastics","8","1","R","0","0","","","","0","0","0","0","0","0"
"1992","","HS 2007","Harmonized System 2007","Gabon","266'","2019","1","39211100'","  "," -- En polym?res du styr?ne","39'","Plastics and articles thereof","3921'","Other plates, sheets, film, foil and strip, of plastics.","392111'"," -- Of polymers of styrene","8","1","R","0","0","","","","0","0","0","0","0","0"
"1993","","HS 2007","Harmonized System 2007","Gabon","266'","2019","1","39211200'","  "," -- En polym?res du chlorure de vinyle","39'","Plastics and articles thereof","3921'","Other plates, sheets, film, foil and strip, of plastics.","392112'"," -- Of polymers of vinyl chloride","8","1","R","0","0","","","","0","0","0","0","0","0"
"1994","","HS 2007","Harmonized System 2007","Gabon","266'","2019","1","39211300'","  "," -- En polyur?thannes","39'","Plastics and articles thereof","3921'","Other plates, sheets, film, foil and strip, of plastics.","392113'"," -- Of polyurethanes","8","1","R","0","0","","","","0","0","0","0","0","0"
"1995","","HS 2007","Harmonized System 2007","Gabon","266'","2019","1","39211400'","  "," -- En cellulose r?g?n?r?e","39'","Plastics and articles thereof","3921'","Other plates, sheets, film, foil and strip, of plastics.","392114'"," -- Of regenerated cellulose","8","1","R","0","0","","","","0","0","0","0","0","0"
"1996","","HS 2007","Harmonized System 2007","Gabon","266'","2019","1","39211900'","  "," -- En autres mati?res plastiques","39'","Plastics and articles thereof","3921'","Other plates, sheets, film, foil and strip, of plastics.","392119'"," -- Of other plastics","8","1","R","0","0","","","","0","0","0","0","0","0"
"1997","","HS 2007","Harmonized System 2007","Gabon","266'","2019","1","39219000'","  "," - Autres","39'","Plastics and articles thereof","3921'","Other plates, sheets, film, foil and strip, of plastics.","392190'"," - Other","8","1","R","0","0","","","","0","0","0","0","0","0"
"1998","","HS 2007","Harmonized System 2007","Gabon","266'","2019","1","39221000'","  "," - Baignoires, douches, ?viers et lavabos","39'","Plastics and articles thereof","3922'","Baths, shower-baths, sinks, wash-basins, bidets, lavatory pans, seats and covers, flushing cisterns ","392210'"," - Baths, shower-baths, sinks and wash-basins","8","1","R","0","0","","","","0","0","0","0","0","0"
"1999","","HS 2007","Harmonized System 2007","Gabon","266'","2019","1","39222000'","  "," - Si?ges et couvercles de cuvettes d'aisance","39'","Plastics and articles thereof","3922'","Baths, shower-baths, sinks, wash-basins, bidets, lavatory pans, seats and covers, flushing cisterns ","392220'"," - Lavatory seats and covers","8","1","R","0","0","","","","0","0","0","0","0","0"
"2000","","HS 2007","Harmonized System 2007","Gabon","266'","2019","1","39229000'","  "," - Autres","39'","Plastics and articles thereof","3922'","Baths, shower-baths, sinks, wash-basins, bidets, lavatory pans, seats and covers, flushing cisterns ","392290'"," - Other","8","1","R","0","0","","","","0","0","0","0","0","0"
"2001","","HS 2007","Harmonized System 2007","Gabon","266'","2019","1","39231000'","  "," - Bo?tes, caisses, casiers et articles similaires","39'","Plastics and articles thereof","3923'","Articles for the conveyance or packing of goods, of plastics; stoppers, lids, caps and other closure","392310'"," - Boxes, cases, crates and similar articles","8","1","R","0","0","","","","0","0","0","0","0","0"
"2002","","HS 2007","Harmonized System 2007","Gabon","266'","2019","1","39232100'","  "," -- En polym?res de l'?thyl?ne","39'","Plastics and articles thereof","3923'","Articles for the conveyance or packing of goods, of plastics; stoppers, lids, caps and other closure","392321'"," -- Of polymers of ethylene","8","1","R","0","0","","","","0","0","0","0","0","0"
"2003","","HS 2007","Harmonized System 2007","Gabon","266'","2019","1","39232900'","  "," -- En autres mati?res plastiques","39'","Plastics and articles thereof","3923'","Articles for the conveyance or packing of goods, of plastics; stoppers, lids, caps and other closure","392329'"," -- Of other plastics","8","1","R","0","0","","","","0","0","0","0","0","0"
"2004","","HS 2007","Harmonized System 2007","Gabon","266'","2019","1","39233010'","  "," Bonbonnes, bouteilles, flacons et articles similaires en mat. plastiques ? usage m?dical","39'","Plastics and articles thereof","3923'","Articles for the conveyance or packing of goods, of plastics; stoppers, lids, caps and other closure","392330'"," - Carboys, bottles, flasks and similar articles","8","1","R","0","0","","","","0","0","0","0","0","0"
"2005","","HS 2007","Harmonized System 2007","Gabon","266'","2019","1","39233090'","  "," Bonbonnes, bouteilles, flacons et articles similaires en mat. plastique pour autre usage","39'","Plastics and articles thereof","3923'","Articles for the conveyance or packing of goods, of plastics; stoppers, lids, caps and other closure","392330'"," - Carboys, bottles, flasks and similar articles","8","1","R","0","0","","","","0","0","0","0","0","0"
"2006","","HS 2007","Harmonized System 2007","Gabon","266'","2019","1","39234000'","  "," - Bobines, fusettes, canettes et supports similaires","39'","Plastics and articles thereof","3923'","Articles for the conveyance or packing of goods, of plastics; stoppers, lids, caps and other closure","392340'"," - Spools, cops, bobbins and similar supports","8","1","R","0","0","","","","0","0","0","0","0","0"
"2007","","HS 2007","Harmonized System 2007","Gabon","266'","2019","1","39235000'","  "," - Bouchons, couvercles, capsules et autres dispositifs de fermeture","39'","Plastics and articles thereof","3923'","Articles for the conveyance or packing of goods, of plastics; stoppers, lids, caps and other closure","392350'"," - Stoppers, lids, caps and other closures","8","1","R","0","0","","","","0","0","0","0","0","0"
"2008","","HS 2007","Harmonized System 2007","Gabon","266'","2019","1","39239010'","  "," glaci?res","39'","Plastics and articles thereof","3923'","Articles for the conveyance or packing of goods, of plastics; stoppers, lids, caps and other closure","392390'"," - Other","8","1","R","0","0","","","","0","0","0","0","0","0"
"2009","","HS 2007","Harmonized System 2007","Gabon","266'","2019","1","39239090'","  "," articles de transport du 3923 ndnca","39'","Plastics and articles thereof","3923'","Articles for the conveyance or packing of goods, of plastics; stoppers, lids, caps and other closure","392390'"," - Other","8","1","R","0","0","","","","0","0","0","0","0","0"
"2010","","HS 2007","Harmonized System 2007","Gabon","266'","2019","1","39241000'","  "," - Vaisselle et autres articles pour le service de la table ou de la cuisine","39'","Plastics and articles thereof","3924'","Tableware, kitchenware, other household articles and hygienic or toilet articles, of plastics.","392410'"," - Tableware and kitchenware","8","1","R","0","0","","","","0","0","0","0","0","0"
"2011","","HS 2007","Harmonized System 2007","Gabon","266'","2019","1","39249000'","  "," - Autres","39'","Plastics and articles thereof","3924'","Tableware, kitchenware, other household articles and hygienic or toilet articles, of plastics.","392490'"," - Other","8","1","R","0","0","","","","0","0","0","0","0","0"
"2012","","HS 2007","Harmonized System 2007","Gabon","266'","2019","1","39251000'","  "," - R?servoirs, foudres, cuves et r?cipients analogues, d'une contenance exc?dant 300 l","39'","Plastics and articles thereof","3925'","Builders' ware of plastics, not elsewhere specified or included.","392510'"," - Reservoirs, tanks, vats and similar containers, of a capacity exceeding 300 l","8","1","R","0","0","","","","0","0","0","0","0","0"
"2013","","HS 2007","Harmonized System 2007","Gabon","266'","2019","1","39252000'","  "," - Portes, fen?tres et leurs cadres, chambranles et seuils","39'","Plastics and articles thereof","3925'","Builders' ware of plastics, not elsewhere specified or included.","392520'"," - Doors, windows and their frames and thresholds for doors","8","1","R","0","0","","","","0","0","0","0","0","0"
"2014","","HS 2007","Harmonized System 2007","Gabon","266'","2019","1","39253000'","  "," - Volets, stores (y compris les stores v?nitiens) et articles similaires, et leurs parties","39'","Plastics and articles thereof","3925'","Builders' ware of plastics, not elsewhere specified or included.","392530'"," - Shutters, blinds (including Venetian blinds) and similar articles and parts thereof","8","1","R","0","0","","","","0","0","0","0","0","0"
"2015","","HS 2007","Harmonized System 2007","Gabon","266'","2019","1","39259000'","  "," - Autres","39'","Plastics and articles thereof","3925'","Builders' ware of plastics, not elsewhere specified or included.","392590'"," - Other","8","1","R","0","0","","","","0","0","0","0","0","0"
"2016","","HS 2007","Harmonized System 2007","Gabon","266'","2019","1","39261000'","  "," - Articles de bureau et articles scolaires","39'","Plastics and articles thereof","3926'","Other articles of plastics and articles of other materials of headings 39.01 to 39.14.","392610'"," - Office or school supplies","8","1","R","0","0","","","","0","0","0","0","0","0"
"2017","","HS 2007","Harmonized System 2007","Gabon","266'","2019","1","39262000'","  "," - V?tements et accessoires du v?tement (y compris les gants, mitaines et moufles)","39'","Plastics and articles thereof","3926'","Other articles of plastics and articles of other materials of headings 39.01 to 39.14.","392620'"," - Articles of apparel and clothing accessories (including gloves, mittens and mitts)","8","1","R","0","0","","","","0","0","0","0","0","0"
"2018","","HS 2007","Harmonized System 2007","Gabon","266'","2019","1","39263000'","  "," - Garnitures pour meubles, carrosseries ou similaires","39'","Plastics and articles thereof","3926'","Other articles of plastics and articles of other materials of headings 39.01 to 39.14.","392630'"," - Fittings for furniture, coachwork or the like","8","1","R","0","0","","","","0","0","0","0","0","0"
"2019","","HS 2007","Harmonized System 2007","Gabon","266'","2019","1","39264000'","  "," - Statuettes et autres objets d'ornementation","39'","Plastics and articles thereof","3926'","Other articles of plastics and articles of other materials of headings 39.01 to 39.14.","392640'"," - Statuettes and other ornamental articles","8","1","R","0","0","","","","0","0","0","0","0","0"
"2020","","HS 2007","Harmonized System 2007","Gabon","266'","2019","1","39269011'","  "," ouvrages en mati?res plastiques pour lareliure","39'","Plastics and articles thereof","3926'","Other articles of plastics and articles of other materials of headings 39.01 to 39.14.","392690'"," - Other","8","1","R","0","0","","","","0","0","0","0","0","0"
"2021","","HS 2007","Harmonized System 2007","Gabon","266'","2019","1","39269019'","  "," ouvrages en mati?res plastiques du 3926,?usages techniques","39'","Plastics and articles thereof","3926'","Other articles of plastics and articles of other materials of headings 39.01 to 39.14.","392690'"," - Other","8","1","R","0","0","","","","0","0","0","0","0","0"
"2022","","HS 2007","Harmonized System 2007","Gabon","266'","2019","1","39269090'","  "," ouvrages en mati?res plastiques du 3926ndnca","39'","Plastics and articles thereof","3926'","Other articles of plastics and articles of other materials of headings 39.01 to 39.14.","392690'"," - Other","8","1","R","0","0","","","","0","0","0","0","0","0"
"2023","","HS 2007","Harmonized System 2007","Gabon","266'","2019","1","40011000'","  "," - Latex de caoutchouc naturel, m?me pr?vulcanis?","40'","Rubber and articles thereof","4001'","Natural rubber, balata, gutta-percha, guayule, chicle and similar natural gums, in primary forms or ","400110'"," - Natural rubber latex, whether or not pre-vulcanised","8","1","R","0","0","","","","0","0","0","0","0","0"
"2024","","HS 2007","Harmonized System 2007","Gabon","266'","2019","1","40012100'","  "," -- Feuilles fum?es","40'","Rubber and articles thereof","4001'","Natural rubber, balata, gutta-percha, guayule, chicle and similar natural gums, in primary forms or ","400121'"," -- Smoked sheets","8","1","R","0","0","","","","0","0","0","0","0","0"
"2025","","HS 2007","Harmonized System 2007","Gabon","266'","2019","1","40012200'","  "," -- Caoutchoucs techniquement sp?cifi?s (TSNR)","40'","Rubber and articles thereof","4001'","Natural rubber, balata, gutta-percha, guayule, chicle and similar natural gums, in primary forms or ","400122'"," -- Technically specified natural rubber (TSNR)","8","1","R","0","0","","","","0","0","0","0","0","0"
"2026","","HS 2007","Harmonized System 2007","Gabon","266'","2019","1","40012900'","  "," -- Autres","40'","Rubber and articles thereof","4001'","Natural rubber, balata, gutta-percha, guayule, chicle and similar natural gums, in primary forms or ","400129'"," -- Other","8","1","R","0","0","","","","0","0","0","0","0","0"
"2027","","HS 2007","Harmonized System 2007","Gabon","266'","2019","1","40013000'","  "," - Balata, gutta-percha, guayule, chicle et gommes naturelles analogues","40'","Rubber and articles thereof","4001'","Natural rubber, balata, gutta-percha, guayule, chicle and similar natural gums, in primary forms or ","400130'"," - Balata, gutta-percha, guayule, chicle and similar natural gums","8","1","R","0","0","","","","0","0","0","0","0","0"
"2028","","HS 2007","Harmonized System 2007","Gabon","266'","2019","1","40021100'","  "," -- Latex","40'","Rubber and articles thereof","4002'","Synthetic rubber and factice derived from oils, in primary forms or in plates, sheets or strip; mixt","400211'"," -- Latex","8","1","R","0","0","","","","0","0","0","0","0","0"
"2029","","HS 2007","Harmonized System 2007","Gabon","266'","2019","1","40021900'","  "," -- Autres","40'","Rubber and articles thereof","4002'","Synthetic rubber and factice derived from oils, in primary forms or in plates, sheets or strip; mixt","400219'"," -- Other","8","1","R","0","0","","","","0","0","0","0","0","0"
"2030","","HS 2007","Harmonized System 2007","Gabon","266'","2019","1","40022000'","  "," - Caoutchouc butadi?ne (BR)","40'","Rubber and articles thereof","4002'","Synthetic rubber and factice derived from oils, in primary forms or in plates, sheets or strip; mixt","400220'"," - Butadiene rubber (BR)","8","1","R","0","0","","","","0","0","0","0","0","0"
"2031","","HS 2007","Harmonized System 2007","Gabon","266'","2019","1","40023100'","  "," -- Caoutchouc isobut?ne-isopr?ne (butyle) (IIR)","40'","Rubber and articles thereof","4002'","Synthetic rubber and factice derived from oils, in primary forms or in plates, sheets or strip; mixt","400231'"," -- Isobutene-isoprene (butyl) rubber (IIR)","8","1","R","0","0","","","","0","0","0","0","0","0"
"2032","","HS 2007","Harmonized System 2007","Gabon","266'","2019","1","40023900'","  "," -- Autres","40'","Rubber and articles thereof","4002'","Synthetic rubber and factice derived from oils, in primary forms or in plates, sheets or strip; mixt","400239'"," -- Other","8","1","R","0","0","","","","0","0","0","0","0","0"
"2033","","HS 2007","Harmonized System 2007","Gabon","266'","2019","1","40024100'","  "," -- Latex","40'","Rubber and articles thereof","4002'","Synthetic rubber and factice derived from oils, in primary forms or in plates, sheets or strip; mixt","400241'"," -- Latex","8","1","R","0","0","","","","0","0","0","0","0","0"
"2034","","HS 2007","Harmonized System 2007","Gabon","266'","2019","1","40024900'","  "," -- Autres","40'","Rubber and articles thereof","4002'","Synthetic rubber and factice derived from oils, in primary forms or in plates, sheets or strip; mixt","400249'"," -- Other","8","1","R","0","0","","","","0","0","0","0","0","0"
"2035","","HS 2007","Harmonized System 2007","Gabon","266'","2019","1","40025100'","  "," -- Latex","40'","Rubber and articles thereof","4002'","Synthetic rubber and factice derived from oils, in primary forms or in plates, sheets or strip; mixt","400251'"," -- Latex","8","1","R","0","0","","","","0","0","0","0","0","0"
"2036","","HS 2007","Harmonized System 2007","Gabon","266'","2019","1","40025900'","  "," -- Autres","40'","Rubber and articles thereof","4002'","Synthetic rubber and factice derived from oils, in primary forms or in plates, sheets or strip; mixt","400259'"," -- Other","8","1","R","0","0","","","","0","0","0","0","0","0"
"2037","","HS 2007","Harmonized System 2007","Gabon","266'","2019","1","40026000'","  "," - Caoutchouc isopr?ne (IR)","40'","Rubber and articles thereof","4002'","Synthetic rubber and factice derived from oils, in primary forms or in plates, sheets or strip; mixt","400260'"," - Isoprene rubber (IR)","8","1","R","0","0","","","","0","0","0","0","0","0"
"2038","","HS 2007","Harmonized System 2007","Gabon","266'","2019","1","40027000'","  "," - Caoutchouc ?thyl?ne-propyl?ne-di?ne non conjugu? (EPDM)","40'","Rubber and articles thereof","4002'","Synthetic rubber and factice derived from oils, in primary forms or in plates, sheets or strip; mixt","400270'"," - Ethylene-propylene-non-conjugated diene rubber (EPDM)","8","1","R","0","0","","","","0","0","0","0","0","0"
"2039","","HS 2007","Harmonized System 2007","Gabon","266'","2019","1","40028000'","  "," - M?langes des produits du n? 40.01 avec des produits de la pr?sente position","40'","Rubber and articles thereof","4002'","Synthetic rubber and factice derived from oils, in primary forms or in plates, sheets or strip; mixt","400280'"," - Mixtures of any product of heading 40.01 with any product of this heading","8","1","R","0","0","","","","0","0","0","0","0","0"
"2040","","HS 2007","Harmonized System 2007","Gabon","266'","2019","1","40029100'","  "," -- Latex","40'","Rubber and articles thereof","4002'","Synthetic rubber and factice derived from oils, in primary forms or in plates, sheets or strip; mixt","400291'"," -- Latex","8","1","R","0","0","","","","0","0","0","0","0","0"
"2041","","HS 2007","Harmonized System 2007","Gabon","266'","2019","1","40029900'","  "," -- Autres","40'","Rubber and articles thereof","4002'","Synthetic rubber and factice derived from oils, in primary forms or in plates, sheets or strip; mixt","400299'"," -- Other","8","1","R","0","0","","","","0","0","0","0","0","0"
"2042","","HS 2007","Harmonized System 2007","Gabon","266'","2019","1","40030000'","  "," Caoutchouc r?g?n?r? sous formes primaires ou en plaques, feuilles ou bandes.","40'","Rubber and articles thereof","4003'","Reclaimed rubber in primary forms or in plates, sheets or strip.","400300'"," Reclaimed rubber in primary forms or in plates, sheets or strip.","8","1","R","0","0","","","","0","0","0","0","0","0"
"2043","","HS 2007","Harmonized System 2007","Gabon","266'","2019","1","40040000'","  "," D?chets, d?bris et rognures de caoutchouc non durci, m?me r?duits en poudre ou en granul?s.","40'","Rubber and articles thereof","4004'","Waste, parings and scrap of rubber (other than hard rubber) and powders and granules obtained theref","400400'"," Waste, parings and scrap of rubber (other than hard rubber) and powders and granules obtained theref","8","1","R","0","0","","","","0","0","0","0","0","0"
"2044","","HS 2007","Harmonized System 2007","Gabon","266'","2019","1","40051000'","  "," - Caoutchouc additionn? de noir de carbone ou de silice","40'","Rubber and articles thereof","4005'","Compounded rubber, unvulcanised, in primary forms or in plates, sheets or strip.","400510'"," - Compounded with carbon black or silica","8","1","R","0","0","","","","0","0","0","0","0","0"
"2045","","HS 2007","Harmonized System 2007","Gabon","266'","2019","1","40052000'","  "," - Solutions; dispersions autres que celles du n? 4005.10","40'","Rubber and articles thereof","4005'","Compounded rubber, unvulcanised, in primary forms or in plates, sheets or strip.","400520'"," - Solutions; dispersions other than those of subheading 4005.10","8","1","R","0","0","","","","0","0","0","0","0","0"
"2046","","HS 2007","Harmonized System 2007","Gabon","266'","2019","1","40059100'","  "," -- Plaques, feuilles et bandes","40'","Rubber and articles thereof","4005'","Compounded rubber, unvulcanised, in primary forms or in plates, sheets or strip.","400591'"," -- Plates, sheets and strip","8","1","R","0","0","","","","0","0","0","0","0","0"
"2047","","HS 2007","Harmonized System 2007","Gabon","266'","2019","1","40059900'","  "," -- Autres","40'","Rubber and articles thereof","4005'","Compounded rubber, unvulcanised, in primary forms or in plates, sheets or strip.","400599'"," -- Other","8","1","R","0","0","","","","0","0","0","0","0","0"
"2048","","HS 2007","Harmonized System 2007","Gabon","266'","2019","1","40061000'","  "," - Profil?s pour le rechapage","40'","Rubber and articles thereof","4006'","Other forms (for example, rods, tubes and profile shapes) and articles (for example, discs and rings","400610'"," - ?Camel-back? strips for retreading rubber tyres","8","1","R","0","0","","","","0","0","0","0","0","0"
"2049","","HS 2007","Harmonized System 2007","Gabon","266'","2019","1","40069000'","  "," - Autres","40'","Rubber and articles thereof","4006'","Other forms (for example, rods, tubes and profile shapes) and articles (for example, discs and rings","400690'"," - Other","8","1","R","0","0","","","","0","0","0","0","0","0"
"2050","","HS 2007","Harmonized System 2007","Gabon","266'","2019","1","40070000'","  "," Fils et cordes de caoutchouc vulcanis?.","40'","Rubber and articles thereof","4007'","Vulcanised rubber thread and cord.","400700'"," Vulcanised rubber thread and cord.","8","1","R","0","0","","","","0","0","0","0","0","0"
"2051","","HS 2007","Harmonized System 2007","Gabon","266'","2019","1","40081100'","  "," -- Plaques, feuilles et bandes","40'","Rubber and articles thereof","4008'","Plates, sheets, strip, rods and profile shapes, of vulcanised rubber other than hard rubber.","400811'"," -- Plates, sheets and strip","8","1","R","0","0","","","","0","0","0","0","0","0"
"2052","","HS 2007","Harmonized System 2007","Gabon","266'","2019","1","40081900'","  "," -- Autres","40'","Rubber and articles thereof","4008'","Plates, sheets, strip, rods and profile shapes, of vulcanised rubber other than hard rubber.","400819'"," -- Other","8","1","R","0","0","","","","0","0","0","0","0","0"
"2053","","HS 2007","Harmonized System 2007","Gabon","266'","2019","1","40082100'","  "," -- Plaques, feuilles et bandes","40'","Rubber and articles thereof","4008'","Plates, sheets, strip, rods and profile shapes, of vulcanised rubber other than hard rubber.","400821'"," -- Plates, sheets and strip","8","1","R","0","0","","","","0","0","0","0","0","0"
"2054","","HS 2007","Harmonized System 2007","Gabon","266'","2019","1","40082900'","  "," -- Autres","40'","Rubber and articles thereof","4008'","Plates, sheets, strip, rods and profile shapes, of vulcanised rubber other than hard rubber.","400829'"," -- Other","8","1","R","0","0","","","","0","0","0","0","0","0"
"2055","","HS 2007","Harmonized System 2007","Gabon","266'","2019","1","40091100'","  "," -- Sans accessoires","40'","Rubber and articles thereof","4009'","Tubes, pipes and hoses, of vulcanised rubber other than hard rubber, with or without their fittings ","400911'"," -- Without fittings","8","1","R","0","0","","","","0","0","0","0","0","0"
"2056","","HS 2007","Harmonized System 2007","Gabon","266'","2019","1","40091200'","  "," -- Avec accessoires","40'","Rubber and articles thereof","4009'","Tubes, pipes and hoses, of vulcanised rubber other than hard rubber, with or without their fittings ","400912'"," -- With fittings","8","1","R","0","0","","","","0","0","0","0","0","0"
"2057","","HS 2007","Harmonized System 2007","Gabon","266'","2019","1","40092100'","  "," -- Sans accessoires","40'","Rubber and articles thereof","4009'","Tubes, pipes and hoses, of vulcanised rubber other than hard rubber, with or without their fittings ","400921'"," -- Without fittings","8","1","R","0","0","","","","0","0","0","0","0","0"
"2058","","HS 2007","Harmonized System 2007","Gabon","266'","2019","1","40092200'","  "," -- Avec accessoires","40'","Rubber and articles thereof","4009'","Tubes, pipes and hoses, of vulcanised rubber other than hard rubber, with or without their fittings ","400922'"," -- With fittings","8","1","R","0","0","","","","0","0","0","0","0","0"
"2059","","HS 2007","Harmonized System 2007","Gabon","266'","2019","1","40093100'","  "," -- Sans accessoires","40'","Rubber and articles thereof","4009'","Tubes, pipes and hoses, of vulcanised rubber other than hard rubber, with or without their fittings ","400931'"," -- Without fittings","8","1","R","0","0","","","","0","0","0","0","0","0"
"2060","","HS 2007","Harmonized System 2007","Gabon","266'","2019","1","40093200'","  "," -- Avec accessoires","40'","Rubber and articles thereof","4009'","Tubes, pipes and hoses, of vulcanised rubber other than hard rubber, with or without their fittings ","400932'"," -- With fittings","8","1","R","0","0","","","","0","0","0","0","0","0"
"2061","","HS 2007","Harmonized System 2007","Gabon","266'","2019","1","40094100'","  "," -- Sans accessoires","40'","Rubber and articles thereof","4009'","Tubes, pipes and hoses, of vulcanised rubber other than hard rubber, with or without their fittings ","400941'"," -- Without fittings","8","1","R","0","0","","","","0","0","0","0","0","0"
"2062","","HS 2007","Harmonized System 2007","Gabon","266'","2019","1","40094200'","  "," -- Avec accessoires","40'","Rubber and articles thereof","4009'","Tubes, pipes and hoses, of vulcanised rubber other than hard rubber, with or without their fittings ","400942'"," -- With fittings","8","1","R","0","0","","","","0","0","0","0","0","0"
"2063","","HS 2007","Harmonized System 2007","Gabon","266'","2019","1","40101100'","  "," -- Renforc?es seulement de m?tal","40'","Rubber and articles thereof","4010'","Conveyor or transmission belts or belting, of vulcanised rubber.","401011'"," -- Reinforced only with metal","8","1","R","0","0","","","","0","0","0","0","0","0"
"2064","","HS 2007","Harmonized System 2007","Gabon","266'","2019","1","40101200'","  "," -- Renforc?es seulement de mati?res textiles","40'","Rubber and articles thereof","4010'","Conveyor or transmission belts or belting, of vulcanised rubber.","401012'"," -- Reinforced only with textile materials","8","1","R","0","0","","","","0","0","0","0","0","0"
"2065","","HS 2007","Harmonized System 2007","Gabon","266'","2019","1","40101900'","  "," -- Autres","40'","Rubber and articles thereof","4010'","Conveyor or transmission belts or belting, of vulcanised rubber.","401019'"," -- Other","8","1","R","0","0","","","","0","0","0","0","0","0"
"2066","","HS 2007","Harmonized System 2007","Gabon","266'","2019","1","40103100'","  "," -- Courroies de transmission sans fin, de section trap?zo?dale, stri?es, d'une circonf?rence ext?rieure exc?dant 60 cm mais n'exc?dant pas 180 cm","40'","Rubber and articles thereof","4010'","Conveyor or transmission belts or belting, of vulcanised rubber.","401031'"," -- Endless transmission belts of trapezoidal cross-section (V-belts), V-ribbed, of an outside circum","8","1","R","0","0","","","","0","0","0","0","0","0"
"2067","","HS 2007","Harmonized System 2007","Gabon","266'","2019","1","40103200'","  "," -- Courroies de transmission sans fin, de section trap?zo?dale autres que stri?es, d'une circonf?rence ext?rieure exc?dant 60 cm mais n'exc?dant pas 180 cm","40'","Rubber and articles thereof","4010'","Conveyor or transmission belts or belting, of vulcanised rubber.","401032'"," -- Endless transmission belts of trapezoidal cross-section (V-belts), other than V-ribbed, of an out","8","1","R","0","0","","","","0","0","0","0","0","0"
"2068","","HS 2007","Harmonized System 2007","Gabon","266'","2019","1","40103300'","  "," -- Courroies de transmission sans fin, de section trap?zo?dale, stri?es, d'une circonf?rence ext?rieure exc?dant 180 cm mais n'exc?dant pas 240 cm","40'","Rubber and articles thereof","4010'","Conveyor or transmission belts or belting, of vulcanised rubber.","401033'"," -- Endless transmission belts of trapezoidal cross-section (V-belts), V-ribbed, of an outside circum","8","1","R","0","0","","","","0","0","0","0","0","0"
"2069","","HS 2007","Harmonized System 2007","Gabon","266'","2019","1","40103400'","  "," -- Courroies de transmission sans fin, de section trap?zo?dale, autres que stri?es, d'une circonf?rence ext?rieure exc?dant 180 cm mais n'exc?dant pas 240 cm","40'","Rubber and articles thereof","4010'","Conveyor or transmission belts or belting, of vulcanised rubber.","401034'"," -- Endless transmission belts of trapezoidal cross-section (V-belts), other than V-ribbed, of an out","8","1","R","0","0","","","","0","0","0","0","0","0"
"2070","","HS 2007","Harmonized System 2007","Gabon","266'","2019","1","40103500'","  "," -- Courroies de transmission sans fin, crant?es (synchrones), d'une circonf?rence ext?rieure exc?dant 60 cm mais n'exc?dant pas 150 cm","40'","Rubber and articles thereof","4010'","Conveyor or transmission belts or belting, of vulcanised rubber.","401035'"," -- Endless synchronous belts, of an outside circumference exceeding 60 cm but not exceeding 150 cm","8","1","R","0","0","","","","0","0","0","0","0","0"
"2071","","HS 2007","Harmonized System 2007","Gabon","266'","2019","1","40103600'","  "," -- Courroies de transmission sans fin, crant?es (synchrones), d'une circonf?rence ext?rieure exc?dant 150 cm mais n'exc?dant pas 198 cm","40'","Rubber and articles thereof","4010'","Conveyor or transmission belts or belting, of vulcanised rubber.","401036'"," -- Endless synchronous belts, of an outside circumference exceeding 150 cm but not exceeding 198 cm","8","1","R","0","0","","","","0","0","0","0","0","0"
"2072","","HS 2007","Harmonized System 2007","Gabon","266'","2019","1","40103900'","  "," -- Autres","40'","Rubber and articles thereof","4010'","Conveyor or transmission belts or belting, of vulcanised rubber.","401039'"," -- Other","8","1","R","0","0","","","","0","0","0","0","0","0"
"2073","","HS 2007","Harmonized System 2007","Gabon","266'","2019","1","40111000'","  "," - Des types utilis?s pour les voitures de tourisme (y compris les voitures du type ?break? et les voitures de course)","40'","Rubber and articles thereof","4011'","New pneumatic tyres, of rubber.","401110'"," - Of a kind used on motor cars (including station wagons and racing cars)","8","1","R","0","0","","","","0","0","0","0","0","0"
"2074","","HS 2007","Harmonized System 2007","Gabon","266'","2019","1","40112000'","  "," - Des types utilis?s pour autobus ou camions","40'","Rubber and articles thereof","4011'","New pneumatic tyres, of rubber.","401120'"," - Of a kind used on buses or lorries","8","1","R","0","0","","","","0","0","0","0","0","0"
"2075","","HS 2007","Harmonized System 2007","Gabon","266'","2019","1","40113000'","  "," - Des types utilis?s pour v?hicules a?riens","40'","Rubber and articles thereof","4011'","New pneumatic tyres, of rubber.","401130'"," - Of a kind used on aircraft","8","1","R","0","0","","","","0","0","0","0","0","0"
"2076","","HS 2007","Harmonized System 2007","Gabon","266'","2019","1","40114000'","  "," - Des types utilis?s pour motocycles","40'","Rubber and articles thereof","4011'","New pneumatic tyres, of rubber.","401140'"," - Of a kind used on motorcycles","8","1","R","0","0","","","","0","0","0","0","0","0"
"2077","","HS 2007","Harmonized System 2007","Gabon","266'","2019","1","40115000'","  "," - Des types utilis?s pour bicyclettes","40'","Rubber and articles thereof","4011'","New pneumatic tyres, of rubber.","401150'"," - Of a kind used on bicycles","8","1","R","0","0","","","","0","0","0","0","0","0"
"2078","","HS 2007","Harmonized System 2007","Gabon","266'","2019","1","40116100'","  "," -- Des types utilis?s pour les v?hicules et engins agricoles et forestiers","40'","Rubber and articles thereof","4011'","New pneumatic tyres, of rubber.","401161'"," -- Of a kind used on agricultural or forestry vehicles and machines","8","1","R","0","0","","","","0","0","0","0","0","0"
"2079","","HS 2007","Harmonized System 2007","Gabon","266'","2019","1","40116200'","  "," -- Des types utilis?s pour les v?hicules et engins de g?nie civil et de manutention industrielle, pour jantes d'un diam?tre inf?rieur ou ?gal ? 61 cm","40'","Rubber and articles thereof","4011'","New pneumatic tyres, of rubber.","401162'"," -- Of a kind used on construction or industrial handling vehicles and machines and having a rim size","8","1","R","0","0","","","","0","0","0","0","0","0"
"2080","","HS 2007","Harmonized System 2007","Gabon","266'","2019","1","40116300'","  "," -- Des types utilis?s pour les v?hicules et engins de g?nie civil et de manutention industrielle, pour jantes d'un diam?tre sup?rieur ? 61 cm","40'","Rubber and articles thereof","4011'","New pneumatic tyres, of rubber.","401163'"," -- Of a kind used on construction or industrial handling vehicles and machines and having a rim size","8","1","R","0","0","","","","0","0","0","0","0","0"
"2081","","HS 2007","Harmonized System 2007","Gabon","266'","2019","1","40116900'","  "," -- Autres","40'","Rubber and articles thereof","4011'","New pneumatic tyres, of rubber.","401169'"," -- Other","8","1","R","0","0","","","","0","0","0","0","0","0"
"2082","","HS 2007","Harmonized System 2007","Gabon","266'","2019","1","40119200'","  "," -- Des types utilis?s pour les v?hicules et engins agricoles et forestiers","40'","Rubber and articles thereof","4011'","New pneumatic tyres, of rubber.","401192'"," -- Of a kind used on agricultural or forestry vehicles and machines","8","1","R","0","0","","","","0","0","0","0","0","0"
"2083","","HS 2007","Harmonized System 2007","Gabon","266'","2019","1","40119300'","  "," -- Des types utilis?s pour les v?hicules et engins de g?nie civil et de manutention industrielle, pour jantes d'un diam?tre inf?rieur ou ?gal ? 61 cm","40'","Rubber and articles thereof","4011'","New pneumatic tyres, of rubber.","401193'"," -- Of a kind used on construction or industrial handling vehicles and machines and having a rim size","8","1","R","0","0","","","","0","0","0","0","0","0"
"2084","","HS 2007","Harmonized System 2007","Gabon","266'","2019","1","40119400'","  "," -- Des types utilis?s pour les v?hicules et engins de g?nie civil et de manutention industrielle, pour jantes d'un diam?tre sup?rieur ? 61?cm","40'","Rubber and articles thereof","4011'","New pneumatic tyres, of rubber.","401194'"," -- Of a kind used on construction or industrial handling vehicles and machines and having a rim size","8","1","R","0","0","","","","0","0","0","0","0","0"
"2085","","HS 2007","Harmonized System 2007","Gabon","266'","2019","1","40119900'","  "," -- Autres","40'","Rubber and articles thereof","4011'","New pneumatic tyres, of rubber.","401199'"," -- Other","8","1","R","0","0","","","","0","0","0","0","0","0"
"2086","","HS 2007","Harmonized System 2007","Gabon","266'","2019","1","40121100'","  "," -- Des types utilis?s pour les voitures de tourisme (y compris les voitures du type ??break?? et les voitures de course)","40'","Rubber and articles thereof","4012'","Retreaded or used pneumatic tyres of rubber; solid or cushion tyres, tyre treads and tyre flaps, of ","401211'"," -- Of a kind used on motor cars (including station wagons and racing cars)","8","1","R","0","0","","","","0","0","0","0","0","0"
"2087","","HS 2007","Harmonized System 2007","Gabon","266'","2019","1","40121200'","  "," -- Des types utilis?s pour autobus ou camions","40'","Rubber and articles thereof","4012'","Retreaded or used pneumatic tyres of rubber; solid or cushion tyres, tyre treads and tyre flaps, of ","401212'"," -- Of a kind used on buses or lorries","8","1","R","0","0","","","","0","0","0","0","0","0"
"2088","","HS 2007","Harmonized System 2007","Gabon","266'","2019","1","40121300'","  "," -- Des types utilis?s pour v?hicules a?riens","40'","Rubber and articles thereof","4012'","Retreaded or used pneumatic tyres of rubber; solid or cushion tyres, tyre treads and tyre flaps, of ","401213'"," -- Of a kind used on aircraft","8","1","R","0","0","","","","0","0","0","0","0","0"
"2089","","HS 2007","Harmonized System 2007","Gabon","266'","2019","1","40121900'","  "," -- Autres","40'","Rubber and articles thereof","4012'","Retreaded or used pneumatic tyres of rubber; solid or cushion tyres, tyre treads and tyre flaps, of ","401219'"," -- Other","8","1","R","0","0","","","","0","0","0","0","0","0"
"2090","","HS 2007","Harmonized System 2007","Gabon","266'","2019","1","40122000'","  "," - Pneumatiques usag?s","40'","Rubber and articles thereof","4012'","Retreaded or used pneumatic tyres of rubber; solid or cushion tyres, tyre treads and tyre flaps, of ","401220'"," - Used pneumatic tyres","8","1","R","0","0","","","","0","0","0","0","0","0"
"2091","","HS 2007","Harmonized System 2007","Gabon","266'","2019","1","40129000'","  "," - Autres","40'","Rubber and articles thereof","4012'","Retreaded or used pneumatic tyres of rubber; solid or cushion tyres, tyre treads and tyre flaps, of ","401290'"," - Other","8","1","R","0","0","","","","0","0","0","0","0","0"
"2092","","HS 2007","Harmonized System 2007","Gabon","266'","2019","1","40131000'","  "," - Des types utilis?s pour les voitures de tourisme (y compris les voitures du type ?break? et les voitures de course), les autobus ou les camions","40'","Rubber and articles thereof","4013'","Inner tubes, of rubber.","401310'"," - Of a kind used on motor cars (including station wagons and racing cars), buses or lorries","8","1","R","0","0","","","","0","0","0","0","0","0"
"2093","","HS 2007","Harmonized System 2007","Gabon","266'","2019","1","40132000'","  "," - Des types utilis?s pour bicyclettes","40'","Rubber and articles thereof","4013'","Inner tubes, of rubber.","401320'"," - Of a kind used on bicycles","8","1","R","0","0","","","","0","0","0","0","0","0"
"2094","","HS 2007","Harmonized System 2007","Gabon","266'","2019","1","40139000'","  "," - Autres","40'","Rubber and articles thereof","4013'","Inner tubes, of rubber.","401390'"," - Other","8","1","R","0","0","","","","0","0","0","0","0","0"
"2095","","HS 2007","Harmonized System 2007","Gabon","266'","2019","1","40141000'","  "," - Pr?servatifs","40'","Rubber and articles thereof","4014'","Hygienic or pharmaceutical articles (including teats), of vulcanised rubber other than hard rubber, ","401410'"," - Sheath contraceptives","8","1","R","0","0","","","","0","0","0","0","0","0"
"2096","","HS 2007","Harmonized System 2007","Gabon","266'","2019","1","40149000'","  "," - Autres","40'","Rubber and articles thereof","4014'","Hygienic or pharmaceutical articles (including teats), of vulcanised rubber other than hard rubber, ","401490'"," - Other","8","1","R","0","0","","","","0","0","0","0","0","0"
"2097","","HS 2007","Harmonized System 2007","Gabon","266'","2019","1","40151100'","  "," -- Pour chirurgie","40'","Rubber and articles thereof","4015'","Articles of apparel and clothing accessories (including gloves, mittens and mitts), for all purposes","401511'"," -- Surgical","8","1","R","0","0","","","","0","0","0","0","0","0"
"2098","","HS 2007","Harmonized System 2007","Gabon","266'","2019","1","40151900'","  "," -- Autres","40'","Rubber and articles thereof","4015'","Articles of apparel and clothing accessories (including gloves, mittens and mitts), for all purposes","401519'"," -- Other","8","1","R","0","0","","","","0","0","0","0","0","0"
"2099","","HS 2007","Harmonized System 2007","Gabon","266'","2019","1","40159000'","  "," - Autres","40'","Rubber and articles thereof","4015'","Articles of apparel and clothing accessories (including gloves, mittens and mitts), for all purposes","401590'"," - Other","8","1","R","0","0","","","","0","0","0","0","0","0"
"2100","","HS 2007","Harmonized System 2007","Gabon","266'","2019","1","40161000'","  "," - En caoutchouc alv?olaire","40'","Rubber and articles thereof","4016'","Other articles of vulcanised rubber other than hard rubber.","401610'"," - Of cellular rubber","8","1","R","0","0","","","","0","0","0","0","0","0"
"2101","","HS 2007","Harmonized System 2007","Gabon","266'","2019","1","40169100'","  "," -- Rev?tements de sol et tapis de pied","40'","Rubber and articles thereof","4016'","Other articles of vulcanised rubber other than hard rubber.","401691'"," -- Floor coverings and mats","8","1","R","0","0","","","","0","0","0","0","0","0"
"2102","","HS 2007","Harmonized System 2007","Gabon","266'","2019","1","40169200'","  "," -- Gommes ? effacer","40'","Rubber and articles thereof","4016'","Other articles of vulcanised rubber other than hard rubber.","401692'"," -- Erasers","8","1","R","0","0","","","","0","0","0","0","0","0"
"2103","","HS 2007","Harmonized System 2007","Gabon","266'","2019","1","40169300'","  "," -- Joints","40'","Rubber and articles thereof","4016'","Other articles of vulcanised rubber other than hard rubber.","401693'"," -- Gaskets, washers and other seals","8","1","R","0","0","","","","0","0","0","0","0","0"
"2104","","HS 2007","Harmonized System 2007","Gabon","266'","2019","1","40169400'","  "," -- Pare-chocs, m?me gonflables, pour accostage des bateaux","40'","Rubber and articles thereof","4016'","Other articles of vulcanised rubber other than hard rubber.","401694'"," -- Boat or dock fenders, whether or not inflatable","8","1","R","0","0","","","","0","0","0","0","0","0"
"2105","","HS 2007","Harmonized System 2007","Gabon","266'","2019","1","40169500'","  "," -- Autres articles gonflables","40'","Rubber and articles thereof","4016'","Other articles of vulcanised rubber other than hard rubber.","401695'"," -- Other inflatable articles","8","1","R","0","0","","","","0","0","0","0","0","0"
"2106","","HS 2007","Harmonized System 2007","Gabon","266'","2019","1","40169910'","  "," semelles et di?dres d?stin?s aux chemins de fer d'int?ret public","40'","Rubber and articles thereof","4016'","Other articles of vulcanised rubber other than hard rubber.","401699'"," -- Other","8","1","R","0","0","","","","0","0","0","0","0","0"
"2107","","HS 2007","Harmonized System 2007","Gabon","266'","2019","1","40169920'","  "," bouchons en caoutchouc pour f?ts","40'","Rubber and articles thereof","4016'","Other articles of vulcanised rubber other than hard rubber.","401699'"," -- Other","8","1","R","0","0","","","","0","0","0","0","0","0"
"2108","","HS 2007","Harmonized System 2007","Gabon","266'","2019","1","40169990'","  "," ouvrages en caoutchouc vulcanis? non durcisdu4016 ndnca","40'","Rubber and articles thereof","4016'","Other articles of vulcanised rubber other than hard rubber.","401699'"," -- Other","8","1","R","0","0","","","","0","0","0","0","0","0"
"2109","","HS 2007","Harmonized System 2007","Gabon","266'","2019","1","40170000'","  "," Caoutchouc durci (?bonite, par exemple) sous toutes formes, y compris les d?chets et d?bris; ouvrages en caoutchouc durci.","40'","Rubber and articles thereof","4017'","Hard rubber (for example, ebonite) in all forms, including waste and scrap; articles of hard rubber.","401700'"," Hard rubber (for example, ebonite) in all forms, including waste and scrap; articles of hard rubber.","8","1","R","0","0","","","","0","0","0","0","0","0"
"2110","","HS 2007","Harmonized System 2007","Gabon","266'","2019","1","41012000'","  "," - Cuirs et peaux bruts entiers, d'un poids unitaire n'exc?dant pas 8 kg lorsqu'ils sont secs, 10 kg lorsqu'ils sont sal?s secs et 16?kg lorsqu'ils sont frais, sal?s verts ou autrement conserv?s","41'","Raw hides and skins (other than furskins) and leather","4101'","Raw hides and skins of bovine (including buffalo) or equine animals (fresh, or salted, dried, limed,","410120'"," - Whole hides and skins, of a weight per skin not exceeding 8?kg when simply dried, 10 kg when dry-s","8","1","R","0","0","","","","0","0","0","0","0","0"
"2111","","HS 2007","Harmonized System 2007","Gabon","266'","2019","1","41015000'","  "," - Cuirs et peaux bruts entiers, d?un poids unitaire exc?dant 16?kg","41'","Raw hides and skins (other than furskins) and leather","4101'","Raw hides and skins of bovine (including buffalo) or equine animals (fresh, or salted, dried, limed,","410150'"," - Whole hides and skins, of a weight exceeding 16 kg","8","1","R","0","0","","","","0","0","0","0","0","0"
"2112","","HS 2007","Harmonized System 2007","Gabon","266'","2019","1","41019000'","  "," - Autres, y compris les croupons, demi-croupons et flancs","41'","Raw hides and skins (other than furskins) and leather","4101'","Raw hides and skins of bovine (including buffalo) or equine animals (fresh, or salted, dried, limed,","410190'"," - Other, including butts, bends and bellies","8","1","R","0","0","","","","0","0","0","0","0","0"
"2113","","HS 2007","Harmonized System 2007","Gabon","266'","2019","1","41021000'","  "," - Lain?es","41'","Raw hides and skins (other than furskins) and leather","4102'","Raw skins of sheep or lambs (fresh, or salted, dried, limed, pickled or otherwise preserved, but not","410210'"," - With wool on","8","1","R","0","0","","","","0","0","0","0","0","0"
"2114","","HS 2007","Harmonized System 2007","Gabon","266'","2019","1","41022100'","  "," -- Pickl?es","41'","Raw hides and skins (other than furskins) and leather","4102'","Raw skins of sheep or lambs (fresh, or salted, dried, limed, pickled or otherwise preserved, but not","410221'"," -- Pickled","8","1","R","0","0","","","","0","0","0","0","0","0"
"2115","","HS 2007","Harmonized System 2007","Gabon","266'","2019","1","41022900'","  "," -- Autres","41'","Raw hides and skins (other than furskins) and leather","4102'","Raw skins of sheep or lambs (fresh, or salted, dried, limed, pickled or otherwise preserved, but not","410229'"," -- Other","8","1","R","0","0","","","","0","0","0","0","0","0"
"2116","","HS 2007","Harmonized System 2007","Gabon","266'","2019","1","41032000'","  "," - De reptiles","41'","Raw hides and skins (other than furskins) and leather","4103'","Other raw hides and skins (fresh, or salted, dried, limed, pickled or otherwise preserved, but not t","410320'"," - Of reptiles","8","1","R","0","0","","","","0","0","0","0","0","0"
"2117","","HS 2007","Harmonized System 2007","Gabon","266'","2019","1","41033000'","  "," - De porcins","41'","Raw hides and skins (other than furskins) and leather","4103'","Other raw hides and skins (fresh, or salted, dried, limed, pickled or otherwise preserved, but not t","410330'"," - Of swine","8","1","R","0","0","","","","0","0","0","0","0","0"
"2118","","HS 2007","Harmonized System 2007","Gabon","266'","2019","1","41039000'","  "," - Autres","41'","Raw hides and skins (other than furskins) and leather","4103'","Other raw hides and skins (fresh, or salted, dried, limed, pickled or otherwise preserved, but not t","410390'"," - Other","8","1","R","0","0","","","","0","0","0","0","0","0"
"2119","","HS 2007","Harmonized System 2007","Gabon","266'","2019","1","41041100'","  "," -- Pleine fleur, non refendue; c?t?s fleur","41'","Raw hides and skins (other than furskins) and leather","4104'","Tanned or crust hides and skins of bovine (including buffalo) or equine animals, without hair on, wh","410411'"," -- Full grains, unsplit; grain splits","8","1","R","0","0","","","","0","0","0","0","0","0"
"2120","","HS 2007","Harmonized System 2007","Gabon","266'","2019","1","41041900'","  "," -- Autres","41'","Raw hides and skins (other than furskins) and leather","4104'","Tanned or crust hides and skins of bovine (including buffalo) or equine animals, without hair on, wh","410419'"," -- Other","8","1","R","0","0","","","","0","0","0","0","0","0"
"2121","","HS 2007","Harmonized System 2007","Gabon","266'","2019","1","41044100'","  "," -- Pleine fleur, non refendue; c?t?s fleur","41'","Raw hides and skins (other than furskins) and leather","4104'","Tanned or crust hides and skins of bovine (including buffalo) or equine animals, without hair on, wh","410441'"," -- Full grains, unsplit; grain splits","8","1","R","0","0","","","","0","0","0","0","0","0"
"2122","","HS 2007","Harmonized System 2007","Gabon","266'","2019","1","41044900'","  "," -- Autres","41'","Raw hides and skins (other than furskins) and leather","4104'","Tanned or crust hides and skins of bovine (including buffalo) or equine animals, without hair on, wh","410449'"," -- Other","8","1","R","0","0","","","","0","0","0","0","0","0"
"2123","","HS 2007","Harmonized System 2007","Gabon","266'","2019","1","41051000'","  "," - A l'?tat humide?(y compris wet-blue)","41'","Raw hides and skins (other than furskins) and leather","4105'","Tanned or crust skins of sheep or lambs, without wool on, whether or not split, but not further prep","410510'"," - In the wet state (including wet-blue)","8","1","R","0","0","","","","0","0","0","0","0","0"
"2124","","HS 2007","Harmonized System 2007","Gabon","266'","2019","1","41053000'","  "," - A l'?tat sec (en cro?te)","41'","Raw hides and skins (other than furskins) and leather","4105'","Tanned or crust skins of sheep or lambs, without wool on, whether or not split, but not further prep","410530'"," - In the dry state (crust)","8","1","R","0","0","","","","0","0","0","0","0","0"
"2125","","HS 2007","Harmonized System 2007","Gabon","266'","2019","1","41062100'","  "," -- A l??tat humide (y compris wet-blue)","41'","Raw hides and skins (other than furskins) and leather","4106'","Tanned or crust hides and skins of other animals, without wool or hair on, whether or not split, but","410621'"," -- In the wet state (including wet-blue)","8","1","R","0","0","","","","0","0","0","0","0","0"
"2126","","HS 2007","Harmonized System 2007","Gabon","266'","2019","1","41062200'","  "," -- A l'?tat sec (en cro?te)","41'","Raw hides and skins (other than furskins) and leather","4106'","Tanned or crust hides and skins of other animals, without wool or hair on, whether or not split, but","410622'"," -- In the dry state (crust)","8","1","R","0","0","","","","0","0","0","0","0","0"
"2127","","HS 2007","Harmonized System 2007","Gabon","266'","2019","1","41063100'","  "," -- A l'?tat humide (y compris wet-blue)","41'","Raw hides and skins (other than furskins) and leather","4106'","Tanned or crust hides and skins of other animals, without wool or hair on, whether or not split, but","410631'"," -- In the wet state (including wet-blue)","8","1","R","0","0","","","","0","0","0","0","0","0"
"2128","","HS 2007","Harmonized System 2007","Gabon","266'","2019","1","41063200'","  "," -- A l'?tat sec (en cro?te)","41'","Raw hides and skins (other than furskins) and leather","4106'","Tanned or crust hides and skins of other animals, without wool or hair on, whether or not split, but","410632'"," -- In the dry state (crust)","8","1","R","0","0","","","","0","0","0","0","0","0"
"2129","","HS 2007","Harmonized System 2007","Gabon","266'","2019","1","41064000'","  "," - De reptiles","41'","Raw hides and skins (other than furskins) and leather","4106'","Tanned or crust hides and skins of other animals, without wool or hair on, whether or not split, but","410640'"," - Of reptiles","8","1","R","0","0","","","","0","0","0","0","0","0"
"2130","","HS 2007","Harmonized System 2007","Gabon","266'","2019","1","41069100'","  "," -- A l'?tat humide (y compris wet-blue)","41'","Raw hides and skins (other than furskins) and leather","4106'","Tanned or crust hides and skins of other animals, without wool or hair on, whether or not split, but","410691'"," -- In the wet state (including wet-blue)","8","1","R","0","0","","","","0","0","0","0","0","0"
"2131","","HS 2007","Harmonized System 2007","Gabon","266'","2019","1","41069200'","  "," -- A l'?tat sec (en cro?te)","41'","Raw hides and skins (other than furskins) and leather","4106'","Tanned or crust hides and skins of other animals, without wool or hair on, whether or not split, but","410692'"," -- In the dry state (crust)","8","1","R","0","0","","","","0","0","0","0","0","0"
"2132","","HS 2007","Harmonized System 2007","Gabon","266'","2019","1","41071100'","  "," -- Pleine fleur, non refendue","41'","Raw hides and skins (other than furskins) and leather","4107'","Leather further prepared after tanning or crusting, including parchment-dressed leather, of bovine (","410711'"," -- Full grains, unsplit","8","1","R","0","0","","","","0","0","0","0","0","0"
"2133","","HS 2007","Harmonized System 2007","Gabon","266'","2019","1","41071200'","  "," -- C?t?s fleur","41'","Raw hides and skins (other than furskins) and leather","4107'","Leather further prepared after tanning or crusting, including parchment-dressed leather, of bovine (","410712'"," -- Grain splits","8","1","R","0","0","","","","0","0","0","0","0","0"
"2134","","HS 2007","Harmonized System 2007","Gabon","266'","2019","1","41071900'","  "," -- Autres","41'","Raw hides and skins (other than furskins) and leather","4107'","Leather further prepared after tanning or crusting, including parchment-dressed leather, of bovine (","410719'"," -- Other","8","1","R","0","0","","","","0","0","0","0","0","0"
"2135","","HS 2007","Harmonized System 2007","Gabon","266'","2019","1","41079100'","  "," -- Pleine fleur, non refendue","41'","Raw hides and skins (other than furskins) and leather","4107'","Leather further prepared after tanning or crusting, including parchment-dressed leather, of bovine (","410791'"," -- Full grains, unsplit","8","1","R","0","0","","","","0","0","0","0","0","0"
"2136","","HS 2007","Harmonized System 2007","Gabon","266'","2019","1","41079200'","  "," -- C?t?s fleur","41'","Raw hides and skins (other than furskins) and leather","4107'","Leather further prepared after tanning or crusting, including parchment-dressed leather, of bovine (","410792'"," -- Grain splits","8","1","R","0","0","","","","0","0","0","0","0","0"
"2137","","HS 2007","Harmonized System 2007","Gabon","266'","2019","1","41079900'","  "," -- Autres","41'","Raw hides and skins (other than furskins) and leather","4107'","Leather further prepared after tanning or crusting, including parchment-dressed leather, of bovine (","410799'"," -- Other","8","1","R","0","0","","","","0","0","0","0","0","0"
"2138","","HS 2007","Harmonized System 2007","Gabon","266'","2019","1","41120000'","  "," Cuirs pr?par?s apr?s tannage ou apr?s dess?chement et cuirs et peaux parchemin?s, d?ovins, ?pil?s, m?me refendus, autres que ceux du n? 41.14.","41'","Raw hides and skins (other than furskins) and leather","4112'","Leather further prepared after tanning or crusting, including parchment-dressed leather, of sheep or","411200'"," Leather further prepared after tanning or crusting, including parchment-dressed leather, of sheep or","8","1","R","0","0","","","","0","0","0","0","0","0"
"2139","","HS 2007","Harmonized System 2007","Gabon","266'","2019","1","41131000'","  "," - De caprins","41'","Raw hides and skins (other than furskins) and leather","4113'","Leather further prepared after tanning or crusting, including parchment-dressed leather, of other an","411310'"," - Of goats or kids","8","1","R","0","0","","","","0","0","0","0","0","0"
"2140","","HS 2007","Harmonized System 2007","Gabon","266'","2019","1","41132000'","  "," - De porcins","41'","Raw hides and skins (other than furskins) and leather","4113'","Leather further prepared after tanning or crusting, including parchment-dressed leather, of other an","411320'"," - Of swine","8","1","R","0","0","","","","0","0","0","0","0","0"
"2141","","HS 2007","Harmonized System 2007","Gabon","266'","2019","1","41133000'","  "," - De reptiles","41'","Raw hides and skins (other than furskins) and leather","4113'","Leather further prepared after tanning or crusting, including parchment-dressed leather, of other an","411330'"," - Of reptiles","8","1","R","0","0","","","","0","0","0","0","0","0"
"2142","","HS 2007","Harmonized System 2007","Gabon","266'","2019","1","41139000'","  "," - Autres","41'","Raw hides and skins (other than furskins) and leather","4113'","Leather further prepared after tanning or crusting, including parchment-dressed leather, of other an","411390'"," - Other","8","1","R","0","0","","","","0","0","0","0","0","0"
"2143","","HS 2007","Harmonized System 2007","Gabon","266'","2019","1","41141000'","  "," - Cuirs et peaux chamois?s (y compris le chamois combin?)","41'","Raw hides and skins (other than furskins) and leather","4114'","Chamois (including combination chamois) leather; patent leather and patent laminated leather; metall","411410'"," - Chamois (including combination chamois) leather","8","1","R","0","0","","","","0","0","0","0","0","0"
"2144","","HS 2007","Harmonized System 2007","Gabon","266'","2019","1","41142000'","  "," - Cuirs et peaux vernis ou plaqu?s; cuirs et peaux m?tallis?s","41'","Raw hides and skins (other than furskins) and leather","4114'","Chamois (including combination chamois) leather; patent leather and patent laminated leather; metall","411420'"," - Patent leather and patent laminated leather; metallised leather","8","1","R","0","0","","","","0","0","0","0","0","0"
"2145","","HS 2007","Harmonized System 2007","Gabon","266'","2019","1","41151000'","  "," - Cuir reconstitu?, ? base de cuir ou de fibres de cuir, en plaques, feuilles ou bandes m?me enroul?es","41'","Raw hides and skins (other than furskins) and leather","4115'","Composition leather with a basis of leather or leather fibre, in slabs, sheets or strip, whether or ","411510'"," - Composition leather with a basis of leather or leather fibre, in slabs, sheets or strip, whether o","8","1","R","0","0","","","","0","0","0","0","0","0"
"2146","","HS 2007","Harmonized System 2007","Gabon","266'","2019","1","41152000'","  "," - Rognures et autres d?chets de cuirs ou de peaux pr?par?s ou de cuir reconstitu?, non-utilisables pour la fabrication d'ouvrages en cuir; sciure, poudre et farine de cuir","41'","Raw hides and skins (other than furskins) and leather","4115'","Composition leather with a basis of leather or leather fibre, in slabs, sheets or strip, whether or ","411520'"," - Parings and other waste of leather or of composition leather, not suitable for the manufacture of ","8","1","R","0","0","","","","0","0","0","0","0","0"
"2147","","HS 2007","Harmonized System 2007","Gabon","266'","2019","1","42010000'","  "," Articles de sellerie ou de bourrellerie pour tous animaux (y compris les traits, laisses, genouill?res, museli?res, tapis de selles, fontes, manteaux pour chiens et articles similaires), en toutes mati?res.","42'","Articles of leather; saddlery and harness; travel goods, handbags and similar containers; articles o","4201'","Saddlery and harness for any animal (including traces, leads, knee pads, muzzles, saddle cloths, sad","420100'"," Saddlery and harness for any animal (including traces, leads, knee pads, muzzles, saddle cloths, sad","8","1","R","0","0","","","","0","0","0","0","0","0"
"2148","","HS 2007","Harmonized System 2007","Gabon","266'","2019","1","42021100'","  "," -- A surface ext?rieure en cuir naturel, en cuir reconstitu? ou en cuir verni","42'","Articles of leather; saddlery and harness; travel goods, handbags and similar containers; articles o","4202'","Trunks, suit-cases, vanity-cases, executive-cases, brief-cases, school satchels, spectacle cases, bi","420211'"," -- With outer surface of leather, of composition leather or of patent leather","8","1","R","0","0","","","","0","0","0","0","0","0"
"2149","","HS 2007","Harmonized System 2007","Gabon","266'","2019","1","42021200'","  "," -- A surface ext?rieure en mati?res plastiques ou en mati?res textiles","42'","Articles of leather; saddlery and harness; travel goods, handbags and similar containers; articles o","4202'","Trunks, suit-cases, vanity-cases, executive-cases, brief-cases, school satchels, spectacle cases, bi","420212'"," -- With outer surface of plastics or of textile materials","8","1","R","0","0","","","","0","0","0","0","0","0"
"2150","","HS 2007","Harmonized System 2007","Gabon","266'","2019","1","42021900'","  "," -- Autres","42'","Articles of leather; saddlery and harness; travel goods, handbags and similar containers; articles o","4202'","Trunks, suit-cases, vanity-cases, executive-cases, brief-cases, school satchels, spectacle cases, bi","420219'"," -- Other","8","1","R","0","0","","","","0","0","0","0","0","0"
"2151","","HS 2007","Harmonized System 2007","Gabon","266'","2019","1","42022100'","  "," -- A surface ext?rieure en cuir naturel, en cuir reconstitu? ou en cuir verni","42'","Articles of leather; saddlery and harness; travel goods, handbags and similar containers; articles o","4202'","Trunks, suit-cases, vanity-cases, executive-cases, brief-cases, school satchels, spectacle cases, bi","420221'"," -- With outer surface of leather, of composition leather or of patent leather","8","1","R","0","0","","","","0","0","0","0","0","0"
"2152","","HS 2007","Harmonized System 2007","Gabon","266'","2019","1","42022200'","  "," -- A surface ext?rieure en feuilles de mati?res plastiques ou en mati?res textiles","42'","Articles of leather; saddlery and harness; travel goods, handbags and similar containers; articles o","4202'","Trunks, suit-cases, vanity-cases, executive-cases, brief-cases, school satchels, spectacle cases, bi","420222'"," -- With outer surface of plastic sheeting or of textile materials","8","1","R","0","0","","","","0","0","0","0","0","0"
"2153","","HS 2007","Harmonized System 2007","Gabon","266'","2019","1","42022900'","  "," -- Autres","42'","Articles of leather; saddlery and harness; travel goods, handbags and similar containers; articles o","4202'","Trunks, suit-cases, vanity-cases, executive-cases, brief-cases, school satchels, spectacle cases, bi","420229'"," -- Other","8","1","R","0","0","","","","0","0","0","0","0","0"
"2154","","HS 2007","Harmonized System 2007","Gabon","266'","2019","1","42023100'","  "," -- A surface ext?rieure en cuir naturel, en cuir reconstitu? ou en cuir verni","42'","Articles of leather; saddlery and harness; travel goods, handbags and similar containers; articles o","4202'","Trunks, suit-cases, vanity-cases, executive-cases, brief-cases, school satchels, spectacle cases, bi","420231'"," -- With outer surface of leather, of composition leather or of patent leather","8","1","R","0","0","","","","0","0","0","0","0","0"
"2155","","HS 2007","Harmonized System 2007","Gabon","266'","2019","1","42023200'","  "," -- A surface ext?rieure en feuilles de mati?res plastiques ou en mati?res textiles","42'","Articles of leather; saddlery and harness; travel goods, handbags and similar containers; articles o","4202'","Trunks, suit-cases, vanity-cases, executive-cases, brief-cases, school satchels, spectacle cases, bi","420232'"," -- With outer surface of plastic sheeting or of textile materials","8","1","R","0","0","","","","0","0","0","0","0","0"
"2156","","HS 2007","Harmonized System 2007","Gabon","266'","2019","1","42023900'","  "," -- Autres","42'","Articles of leather; saddlery and harness; travel goods, handbags and similar containers; articles o","4202'","Trunks, suit-cases, vanity-cases, executive-cases, brief-cases, school satchels, spectacle cases, bi","420239'"," -- Other","8","1","R","0","0","","","","0","0","0","0","0","0"
"2157","","HS 2007","Harmonized System 2007","Gabon","266'","2019","1","42029100'","  "," -- A surface ext?rieure en cuir naturel, en cuir reconstitu? ou en cuir verni","42'","Articles of leather; saddlery and harness; travel goods, handbags and similar containers; articles o","4202'","Trunks, suit-cases, vanity-cases, executive-cases, brief-cases, school satchels, spectacle cases, bi","420291'"," -- With outer surface of leather, of composition leather or of patent leather","8","1","R","0","0","","","","0","0","0","0","0","0"
"2158","","HS 2007","Harmonized System 2007","Gabon","266'","2019","1","42029200'","  "," -- A surface ext?rieure en feuilles de mati?res plastiques ou en mati?res textiles","42'","Articles of leather; saddlery and harness; travel goods, handbags and similar containers; articles o","4202'","Trunks, suit-cases, vanity-cases, executive-cases, brief-cases, school satchels, spectacle cases, bi","420292'"," -- With outer surface of plastic sheeting or of textile materials","8","1","R","0","0","","","","0","0","0","0","0","0"
"2159","","HS 2007","Harmonized System 2007","Gabon","266'","2019","1","42029900'","  "," -- Autres","42'","Articles of leather; saddlery and harness; travel goods, handbags and similar containers; articles o","4202'","Trunks, suit-cases, vanity-cases, executive-cases, brief-cases, school satchels, spectacle cases, bi","420299'"," -- Other","8","1","R","0","0","","","","0","0","0","0","0","0"
"2160","","HS 2007","Harmonized System 2007","Gabon","266'","2019","1","42031000'","  "," - V?tements","42'","Articles of leather; saddlery and harness; travel goods, handbags and similar containers; articles o","4203'","Articles of apparel and clothing accessories, of leather or of composition leather.","420310'"," - Articles of apparel","8","1","R","0","0","","","","0","0","0","0","0","0"
"2161","","HS 2007","Harmonized System 2007","Gabon","266'","2019","1","42032100'","  "," -- Sp?cialement con?us pour la pratique de sports","42'","Articles of leather; saddlery and harness; travel goods, handbags and similar containers; articles o","4203'","Articles of apparel and clothing accessories, of leather or of composition leather.","420321'"," -- Specially designed for use in sports","8","1","R","0","0","","","","0","0","0","0","0","0"
"2162","","HS 2007","Harmonized System 2007","Gabon","266'","2019","1","42032910'","  "," gants de protection","42'","Articles of leather; saddlery and harness; travel goods, handbags and similar containers; articles o","4203'","Articles of apparel and clothing accessories, of leather or of composition leather.","420329'"," -- Other","8","1","R","0","0","","","","0","0","0","0","0","0"
"2163","","HS 2007","Harmonized System 2007","Gabon","266'","2019","1","42032990'","  "," gants, mitaines et moufles autres que du420321 & 42032910","42'","Articles of leather; saddlery and harness; travel goods, handbags and similar containers; articles o","4203'","Articles of apparel and clothing accessories, of leather or of composition leather.","420329'"," -- Other","8","1","R","0","0","","","","0","0","0","0","0","0"
"2164","","HS 2007","Harmonized System 2007","Gabon","266'","2019","1","42033000'","  "," - Ceintures, ceinturons et baudriers","42'","Articles of leather; saddlery and harness; travel goods, handbags and similar containers; articles o","4203'","Articles of apparel and clothing accessories, of leather or of composition leather.","420330'"," - Belts and bandoliers","8","1","R","0","0","","","","0","0","0","0","0","0"
"2165","","HS 2007","Harmonized System 2007","Gabon","266'","2019","1","42034000'","  "," - Autres accessoires du v?tement","42'","Articles of leather; saddlery and harness; travel goods, handbags and similar containers; articles o","4203'","Articles of apparel and clothing accessories, of leather or of composition leather.","420340'"," - Other clothing accessories","8","1","R","0","0","","","","0","0","0","0","0","0"
"2166","","HS 2007","Harmonized System 2007","Gabon","266'","2019","1","42050010'","  "," articles en cuir naturel ou reconstitu usage technique","42'","Articles of leather; saddlery and harness; travel goods, handbags and similar containers; articles o","4205'","Other articles of leather or of composition leather.","420500'"," Other articles of leather or of composition leather.","8","1","R","0","0","","","","0","0","0","0","0","0"
"2167","","HS 2007","Harmonized System 2007","Gabon","266'","2019","1","42050090'","  "," Autres","42'","Articles of leather; saddlery and harness; travel goods, handbags and similar containers; articles o","4205'","Other articles of leather or of composition leather.","420500'"," Other articles of leather or of composition leather.","8","1","R","0","0","","","","0","0","0","0","0","0"
"2168","","HS 2007","Harmonized System 2007","Gabon","266'","2019","1","42060000'","  "," Ouvrages en boyaux, en baudruches, en vessies ou en tendons.","42'","Articles of leather; saddlery and harness; travel goods, handbags and similar containers; articles o","4206'","Articles of gut (other than silk-worm gut), of goldbeater's skin, of bladders or of tendons.","420600'"," Articles of gut (other than silk-worm gut), of goldbeater's skin, of bladders or of tendons.","8","1","R","0","0","","","","0","0","0","0","0","0"
"2169","","HS 2007","Harmonized System 2007","Gabon","266'","2019","1","43011000'","  "," - De visons, enti?res, m?me sans les t?tes, queues ou pattes","43'","Furskins and artificial fur; manufactures thereof","4301'","Raw furskins (including heads, tails, paws and other pieces or cuttings, suitable for furriers' use)","430110'"," - Of mink, whole, with or without head, tail or paws","8","1","R","0","0","","","","0","0","0","0","0","0"
"2170","","HS 2007","Harmonized System 2007","Gabon","266'","2019","1","43013000'","  "," - D'agneaux dits astrakan, breitschwanz, caracul, persianer ou similaires, d'agneaux des Indes, de Chine, de Mongolie ou du Tibet, enti?res, m?me sans les t?tes, queues ou pattes","43'","Furskins and artificial fur; manufactures thereof","4301'","Raw furskins (including heads, tails, paws and other pieces or cuttings, suitable for furriers' use)","430130'"," - Of lamb, the following: Astrakhan, Broadtail, Caracul, Persian and similar lamb, Indian, Chinese, ","8","1","R","0","0","","","","0","0","0","0","0","0"
"2171","","HS 2007","Harmonized System 2007","Gabon","266'","2019","1","43016000'","  "," - De renards, enti?res, m?me sans les t?tes, queues ou pattes","43'","Furskins and artificial fur; manufactures thereof","4301'","Raw furskins (including heads, tails, paws and other pieces or cuttings, suitable for furriers' use)","430160'"," - Of fox, whole, with or without head, tail or paws","8","1","R","0","0","","","","0","0","0","0","0","0"
"2172","","HS 2007","Harmonized System 2007","Gabon","266'","2019","1","43018010'","  "," pelleteries enti?res de panth?res","43'","Furskins and artificial fur; manufactures thereof","4301'","Raw furskins (including heads, tails, paws and other pieces or cuttings, suitable for furriers' use)","430180'"," - Other furskins, whole, with or without head, tail or paws","8","1","R","0","0","","","","0","0","0","0","0","0"
"2173","","HS 2007","Harmonized System 2007","Gabon","266'","2019","1","43018090'","  "," pelleteries enti?res d'animaux autres que de ceux du 430110 ? 43018010","43'","Furskins and artificial fur; manufactures thereof","4301'","Raw furskins (including heads, tails, paws and other pieces or cuttings, suitable for furriers' use)","430180'"," - Other furskins, whole, with or without head, tail or paws","8","1","R","0","0","","","","0","0","0","0","0","0"
"2174","","HS 2007","Harmonized System 2007","Gabon","266'","2019","1","43019000'","  "," - T?tes, queues, pattes et autres morceaux utilisables en pelleterie","43'","Furskins and artificial fur; manufactures thereof","4301'","Raw furskins (including heads, tails, paws and other pieces or cuttings, suitable for furriers' use)","430190'"," - Heads, tails, paws and other pieces or cuttings, suitable for furriers' use","8","1","R","0","0","","","","0","0","0","0","0","0"
"2175","","HS 2007","Harmonized System 2007","Gabon","266'","2019","1","43021100'","  "," -- De visons","43'","Furskins and artificial fur; manufactures thereof","4302'","Tanned or dressed furskins (including heads, tails, paws and other pieces or cuttings), unassembled,","430211'"," -- Of mink","8","1","R","0","0","","","","0","0","0","0","0","0"
"2176","","HS 2007","Harmonized System 2007","Gabon","266'","2019","1","43021900'","  "," -- Autres","43'","Furskins and artificial fur; manufactures thereof","4302'","Tanned or dressed furskins (including heads, tails, paws and other pieces or cuttings), unassembled,","430219'"," -- Other","8","1","R","0","0","","","","0","0","0","0","0","0"
"2177","","HS 2007","Harmonized System 2007","Gabon","266'","2019","1","43022000'","  "," - T?tes, queues, pattes et autres morceaux, d?chets et chutes, non assembl?s","43'","Furskins and artificial fur; manufactures thereof","4302'","Tanned or dressed furskins (including heads, tails, paws and other pieces or cuttings), unassembled,","430220'"," - Heads, tails, paws and other pieces or cuttings, not assembled","8","1","R","0","0","","","","0","0","0","0","0","0"
"2178","","HS 2007","Harmonized System 2007","Gabon","266'","2019","1","43023000'","  "," - Pelleteries enti?res et leurs morceaux et chutes, assembl?s","43'","Furskins and artificial fur; manufactures thereof","4302'","Tanned or dressed furskins (including heads, tails, paws and other pieces or cuttings), unassembled,","430230'"," - Whole skins and pieces or cuttings thereof, assembled","8","1","R","0","0","","","","0","0","0","0","0","0"
"2179","","HS 2007","Harmonized System 2007","Gabon","266'","2019","1","43031000'","  "," - V?tements et accessoires du v?tement","43'","Furskins and artificial fur; manufactures thereof","4303'","Articles of apparel, clothing accessories and other articles of furskin.","430310'"," - Articles of apparel and clothing accessories","8","1","R","0","0","","","","0","0","0","0","0","0"
"2180","","HS 2007","Harmonized System 2007","Gabon","266'","2019","1","43039000'","  "," - Autres","43'","Furskins and artificial fur; manufactures thereof","4303'","Articles of apparel, clothing accessories and other articles of furskin.","430390'"," - Other","8","1","R","0","0","","","","0","0","0","0","0","0"
"2181","","HS 2007","Harmonized System 2007","Gabon","266'","2019","1","43040000'","  "," Pelleteries factices et articles en pelleteries factices.","43'","Furskins and artificial fur; manufactures thereof","4304'","Artificial fur and articles thereof.","430400'"," Artificial fur and articles thereof.","8","1","R","0","0","","","","0","0","0","0","0","0"
"2182","","HS 2007","Harmonized System 2007","Gabon","266'","2019","1","44011000'","  "," - Bois de chauffage en rondins, b?ches, ramilles, fagots ou sous formes similaires","44'","Wood and articles of wood; wood charcoal","4401'","Fuel wood, in logs, in billets, in twigs, in faggots or in similar forms; wood in chips or particles","440110'"," - Fuel wood, in logs, in billets, in twigs, in faggots or in similar forms","8","1","R","0","0","","","","0","0","0","0","0","0"
"2183","","HS 2007","Harmonized System 2007","Gabon","266'","2019","1","44012100'","  "," -- De conif?res","44'","Wood and articles of wood; wood charcoal","4401'","Fuel wood, in logs, in billets, in twigs, in faggots or in similar forms; wood in chips or particles","440121'"," -- Coniferous","8","1","R","0","0","","","","0","0","0","0","0","0"
"2184","","HS 2007","Harmonized System 2007","Gabon","266'","2019","1","44012200'","  "," -- Autres que de conif?res","44'","Wood and articles of wood; wood charcoal","4401'","Fuel wood, in logs, in billets, in twigs, in faggots or in similar forms; wood in chips or particles","440122'"," -- Non-coniferous","8","1","R","0","0","","","","0","0","0","0","0","0"
"2185","","HS 2007","Harmonized System 2007","Gabon","266'","2019","1","44013000'","  "," - Sciures, d?chets et d?bris de bois, m?me agglom?r?s sous forme de b?ches, briquettes, boulettes ou sous formes similaires","44'","Wood and articles of wood; wood charcoal","4401'","Fuel wood, in logs, in billets, in twigs, in faggots or in similar forms; wood in chips or particles","440130'"," - Sawdust and wood waste and scrap, whether or not agglomerated in logs, briquettes, pellets or simi","8","1","R","0","0","","","","0","0","0","0","0","0"
"2186","","HS 2007","Harmonized System 2007","Gabon","266'","2019","1","44021000'","  "," - De bambou","44'","Wood and articles of wood; wood charcoal","4402'","Wood charcoal (including shell or nut charcoal), whether or not agglomerated.","440210'"," - Of bamboo","8","1","R","0","0","","","","0","0","0","0","0","0"
"2187","","HS 2007","Harmonized System 2007","Gabon","266'","2019","1","44029000'","  "," - Autres","44'","Wood and articles of wood; wood charcoal","4402'","Wood charcoal (including shell or nut charcoal), whether or not agglomerated.","440290'"," - Other","8","1","R","0","0","","","","0","0","0","0","0","0"
"2188","","HS 2007","Harmonized System 2007","Gabon","266'","2019","1","44031000'","  "," - Trait?s avec une peinture, de la cr?osote ou d'autres agents de conservation","44'","Wood and articles of wood; wood charcoal","4403'","Wood in the rough, whether or not stripped of bark or sapwood, or roughly squared.","440310'"," - Treated with paint, stains, creosote or other preservatives","8","1","R","0","0","","","","0","0","0","0","0","0"
"2189","","HS 2007","Harmonized System 2007","Gabon","266'","2019","1","44032000'","  "," - Autres, de conif?res","44'","Wood and articles of wood; wood charcoal","4403'","Wood in the rough, whether or not stripped of bark or sapwood, or roughly squared.","440320'"," - Other, coniferous","8","1","R","0","0","","","","0","0","0","0","0","0"
"2190","","HS 2007","Harmonized System 2007","Gabon","266'","2019","1","44034100'","  "," -- Dark Red Meranti, Light Red Meranti et Meranti Bakau","44'","Wood and articles of wood; wood charcoal","4403'","Wood in the rough, whether or not stripped of bark or sapwood, or roughly squared.","440341'"," -- Dark Red Meranti, Light Red Meranti and Meranti Bakau","8","1","R","0","0","","","","0","0","0","0","0","0"
"2191","","HS 2007","Harmonized System 2007","Gabon","266'","2019","1","44034901'","  "," bois bruts d'Abura, non ?quarri(BAHIA)","44'","Wood and articles of wood; wood charcoal","4403'","Wood in the rough, whether or not stripped of bark or sapwood, or roughly squared.","440349'"," -- Other","8","1","R","0","0","","","","0","0","0","0","0","0"
"2192","","HS 2007","Harmonized System 2007","Gabon","266'","2019","1","44034902'","  "," bois bruts d'Acajou, non ?quarri","44'","Wood and articles of wood; wood charcoal","4403'","Wood in the rough, whether or not stripped of bark or sapwood, or roughly squared.","440349'"," -- Other","8","1","R","0","0","","","","0","0","0","0","0","0"
"2193","","HS 2007","Harmonized System 2007","Gabon","266'","2019","1","44034903'","  "," bois bruts d'Afrormosia, non ?quarri","44'","Wood and articles of wood; wood charcoal","4403'","Wood in the rough, whether or not stripped of bark or sapwood, or roughly squared.","440349'"," -- Other","8","1","R","0","0","","","","0","0","0","0","0","0"
"2194","","HS 2007","Harmonized System 2007","Gabon","266'","2019","1","44034904'","  "," bois bruts d'Ai?l?, non ?quarri","44'","Wood and articles of wood; wood charcoal","4403'","Wood in the rough, whether or not stripped of bark or sapwood, or roughly squared.","440349'"," -- Other","8","1","R","0","0","","","","0","0","0","0","0","0"
"2195","","HS 2007","Harmonized System 2007","Gabon","266'","2019","1","44034905'","  "," bois bruts d'Ako, non ?quarri","44'","Wood and articles of wood; wood charcoal","4403'","Wood in the rough, whether or not stripped of bark or sapwood, or roughly squared.","440349'"," -- Other","8","1","R","0","0","","","","0","0","0","0","0","0"
"2196","","HS 2007","Harmonized System 2007","Gabon","266'","2019","1","44034906'","  "," bois bruts d'Andoung, non ?quarri","44'","Wood and articles of wood; wood charcoal","4403'","Wood in the rough, whether or not stripped of bark or sapwood, or roughly squared.","440349'"," -- Other","8","1","R","0","0","","","","0","0","0","0","0","0"
"2197","","HS 2007","Harmonized System 2007","Gabon","266'","2019","1","44034907'","  "," bois bruts d'Avodir?, non ?quarri","44'","Wood and articles of wood; wood charcoal","4403'","Wood in the rough, whether or not stripped of bark or sapwood, or roughly squared.","440349'"," -- Other","8","1","R","0","0","","","","0","0","0","0","0","0"
"2198","","HS 2007","Harmonized System 2007","Gabon","266'","2019","1","44034908'","  "," bois bruts de B?t?, non ?quarri","44'","Wood and articles of wood; wood charcoal","4403'","Wood in the rough, whether or not stripped of bark or sapwood, or roughly squared.","440349'"," -- Other","8","1","R","0","0","","","","0","0","0","0","0","0"
"2199","","HS 2007","Harmonized System 2007","Gabon","266'","2019","1","44034909'","  "," bois bruts de Bilinga, non ?quarri","44'","Wood and articles of wood; wood charcoal","4403'","Wood in the rough, whether or not stripped of bark or sapwood, or roughly squared.","440349'"," -- Other","8","1","R","0","0","","","","0","0","0","0","0","0"
"2200","","HS 2007","Harmonized System 2007","Gabon","266'","2019","1","44034910'","  "," bois bruts de Boss?, non ?quarri","44'","Wood and articles of wood; wood charcoal","4403'","Wood in the rough, whether or not stripped of bark or sapwood, or roughly squared.","440349'"," -- Other","8","1","R","0","0","","","","0","0","0","0","0","0"
"2201","","HS 2007","Harmonized System 2007","Gabon","266'","2019","1","44034911'","  "," bois bruts de Bubinga, non ?quarri","44'","Wood and articles of wood; wood charcoal","4403'","Wood in the rough, whether or not stripped of bark or sapwood, or roughly squared.","440349'"," -- Other","8","1","R","0","0","","","","0","0","0","0","0","0"
"2202","","HS 2007","Harmonized System 2007","Gabon","266'","2019","1","44034912'","  "," bois bruts de Dab?ma, non ?quarri","44'","Wood and articles of wood; wood charcoal","4403'","Wood in the rough, whether or not stripped of bark or sapwood, or roughly squared.","440349'"," -- Other","8","1","R","0","0","","","","0","0","0","0","0","0"
"2203","","HS 2007","Harmonized System 2007","Gabon","266'","2019","1","44034913'","  "," bois bruts de Douka, non ?quarri","44'","Wood and articles of wood; wood charcoal","4403'","Wood in the rough, whether or not stripped of bark or sapwood, or roughly squared.","440349'"," -- Other","8","1","R","0","0","","","","0","0","0","0","0","0"
"2204","","HS 2007","Harmonized System 2007","Gabon","266'","2019","1","44034914'","  "," bois bruts de Doussi?, non ?quarri","44'","Wood and articles of wood; wood charcoal","4403'","Wood in the rough, whether or not stripped of bark or sapwood, or roughly squared.","440349'"," -- Other","8","1","R","0","0","","","","0","0","0","0","0","0"
"2205","","HS 2007","Harmonized System 2007","Gabon","266'","2019","1","44034915'","  "," bois bruts d'Eb?ne, non ?quarri","44'","Wood and articles of wood; wood charcoal","4403'","Wood in the rough, whether or not stripped of bark or sapwood, or roughly squared.","440349'"," -- Other","8","1","R","0","0","","","","0","0","0","0","0","0"
"2206","","HS 2007","Harmonized System 2007","Gabon","266'","2019","1","44034916'","  "," bois bruts d'Eyong, non ?quarri","44'","Wood and articles of wood; wood charcoal","4403'","Wood in the rough, whether or not stripped of bark or sapwood, or roughly squared.","440349'"," -- Other","8","1","R","0","0","","","","0","0","0","0","0","0"
"2207","","HS 2007","Harmonized System 2007","Gabon","266'","2019","1","44034917'","  "," bois bruts de Framir?, non ?quarri","44'","Wood and articles of wood; wood charcoal","4403'","Wood in the rough, whether or not stripped of bark or sapwood, or roughly squared.","440349'"," -- Other","8","1","R","0","0","","","","0","0","0","0","0","0"
"2208","","HS 2007","Harmonized System 2007","Gabon","266'","2019","1","44034918'","  "," bois bruts de Fromager, non ?quarri","44'","Wood and articles of wood; wood charcoal","4403'","Wood in the rough, whether or not stripped of bark or sapwood, or roughly squared.","440349'"," -- Other","8","1","R","0","0","","","","0","0","0","0","0","0"
"2209","","HS 2007","Harmonized System 2007","Gabon","266'","2019","1","44034919'","  "," bois bruts d'Igaganga, non ?quarri","44'","Wood and articles of wood; wood charcoal","4403'","Wood in the rough, whether or not stripped of bark or sapwood, or roughly squared.","440349'"," -- Other","8","1","R","0","0","","","","0","0","0","0","0","0"
"2210","","HS 2007","Harmonized System 2007","Gabon","266'","2019","1","44034920'","  "," bois bruts d'Izomb?, non ?quarri","44'","Wood and articles of wood; wood charcoal","4403'","Wood in the rough, whether or not stripped of bark or sapwood, or roughly squared.","440349'"," -- Other","8","1","R","0","0","","","","0","0","0","0","0","0"
"2211","","HS 2007","Harmonized System 2007","Gabon","266'","2019","1","44034921'","  "," bois bruts de Kosipo, non ?quarri","44'","Wood and articles of wood; wood charcoal","4403'","Wood in the rough, whether or not stripped of bark or sapwood, or roughly squared.","440349'"," -- Other","8","1","R","0","0","","","","0","0","0","0","0","0"
"2212","","HS 2007","Harmonized System 2007","Gabon","266'","2019","1","44034922'","  "," bois bruts de Kotib?, non ?quarri","44'","Wood and articles of wood; wood charcoal","4403'","Wood in the rough, whether or not stripped of bark or sapwood, or roughly squared.","440349'"," -- Other","8","1","R","0","0","","","","0","0","0","0","0","0"
"2213","","HS 2007","Harmonized System 2007","Gabon","266'","2019","1","44034923'","  "," bois bruts de Kodrodua, non ?quarri","44'","Wood and articles of wood; wood charcoal","4403'","Wood in the rough, whether or not stripped of bark or sapwood, or roughly squared.","440349'"," -- Other","8","1","R","0","0","","","","0","0","0","0","0","0"
"2214","","HS 2007","Harmonized System 2007","Gabon","266'","2019","1","44034924'","  "," bois bruts de Limba des qualit?s ""Loyal et Marchand""et "" exportation"", non ?quarri","44'","Wood and articles of wood; wood charcoal","4403'","Wood in the rough, whether or not stripped of bark or sapwood, or roughly squared.","440349'"," -- Other","8","1","R","0","0","","","","0","0","0","0","0","0"
"2215","","HS 2007","Harmonized System 2007","Gabon","266'","2019","1","44034925'","  "," bois bruts de Limba d'autres categories, non ?quarri","44'","Wood and articles of wood; wood charcoal","4403'","Wood in the rough, whether or not stripped of bark or sapwood, or roughly squared.","440349'"," -- Other","8","1","R","0","0","","","","0","0","0","0","0","0"
"2216","","HS 2007","Harmonized System 2007","Gabon","266'","2019","1","44034926'","  "," bois bruts de Moabi, non ?quarri","44'","Wood and articles of wood; wood charcoal","4403'","Wood in the rough, whether or not stripped of bark or sapwood, or roughly squared.","440349'"," -- Other","8","1","R","0","0","","","","0","0","0","0","0","0"
"2217","","HS 2007","Harmonized System 2007","Gabon","266'","2019","1","44034927'","  "," bois bruts de Movingui, non ?quarri","44'","Wood and articles of wood; wood charcoal","4403'","Wood in the rough, whether or not stripped of bark or sapwood, or roughly squared.","440349'"," -- Other","8","1","R","0","0","","","","0","0","0","0","0","0"
"2218","","HS 2007","Harmonized System 2007","Gabon","266'","2019","1","44034928'","  "," bois bruts de Mut?ny?, non ?quarri","44'","Wood and articles of wood; wood charcoal","4403'","Wood in the rough, whether or not stripped of bark or sapwood, or roughly squared.","440349'"," -- Other","8","1","R","0","0","","","","0","0","0","0","0","0"
"2219","","HS 2007","Harmonized System 2007","Gabon","266'","2019","1","44034929'","  "," bois bruts de Niangon, non ?quarri","44'","Wood and articles of wood; wood charcoal","4403'","Wood in the rough, whether or not stripped of bark or sapwood, or roughly squared.","440349'"," -- Other","8","1","R","0","0","","","","0","0","0","0","0","0"
"2220","","HS 2007","Harmonized System 2007","Gabon","266'","2019","1","44034930'","  "," bois bruts de Niov?, non ?quarri","44'","Wood and articles of wood; wood charcoal","4403'","Wood in the rough, whether or not stripped of bark or sapwood, or roughly squared.","440349'"," -- Other","8","1","R","0","0","","","","0","0","0","0","0","0"
"2221","","HS 2007","Harmonized System 2007","Gabon","266'","2019","1","44034931'","  "," bois bruts d'Olon, non ?quarri","44'","Wood and articles of wood; wood charcoal","4403'","Wood in the rough, whether or not stripped of bark or sapwood, or roughly squared.","440349'"," -- Other","8","1","R","0","0","","","","0","0","0","0","0","0"
"2222","","HS 2007","Harmonized System 2007","Gabon","266'","2019","1","44034932'","  "," bois bruts d'Ovoga, non ?quarri","44'","Wood and articles of wood; wood charcoal","4403'","Wood in the rough, whether or not stripped of bark or sapwood, or roughly squared.","440349'"," -- Other","8","1","R","0","0","","","","0","0","0","0","0","0"
"2223","","HS 2007","Harmonized System 2007","Gabon","266'","2019","1","44034933'","  "," bois bruts d'Ozigo, non ?quarri","44'","Wood and articles of wood; wood charcoal","4403'","Wood in the rough, whether or not stripped of bark or sapwood, or roughly squared.","440349'"," -- Other","8","1","R","0","0","","","","0","0","0","0","0","0"
"2224","","HS 2007","Harmonized System 2007","Gabon","266'","2019","1","44034934'","  "," bois bruts de Padouk, non ?quarri","44'","Wood and articles of wood; wood charcoal","4403'","Wood in the rough, whether or not stripped of bark or sapwood, or roughly squared.","440349'"," -- Other","8","1","R","0","0","","","","0","0","0","0","0","0"
"2225","","HS 2007","Harmonized System 2007","Gabon","266'","2019","1","44034935'","  "," bois bruts de Pau rosa, non ?quarri","44'","Wood and articles of wood; wood charcoal","4403'","Wood in the rough, whether or not stripped of bark or sapwood, or roughly squared.","440349'"," -- Other","8","1","R","0","0","","","","0","0","0","0","0","0"
"2226","","HS 2007","Harmonized System 2007","Gabon","266'","2019","1","44034936'","  "," bois bruts de Tchitola, non ?quarri","44'","Wood and articles of wood; wood charcoal","4403'","Wood in the rough, whether or not stripped of bark or sapwood, or roughly squared.","440349'"," -- Other","8","1","R","0","0","","","","0","0","0","0","0","0"
"2227","","HS 2007","Harmonized System 2007","Gabon","266'","2019","1","44034937'","  "," bois bruts de Tola, non ?quarri","44'","Wood and articles of wood; wood charcoal","4403'","Wood in the rough, whether or not stripped of bark or sapwood, or roughly squared.","440349'"," -- Other","8","1","R","0","0","","","","0","0","0","0","0","0"
"2228","","HS 2007","Harmonized System 2007","Gabon","266'","2019","1","44034938'","  "," bois bruts de Zingana, non ?quarri","44'","Wood and articles of wood; wood charcoal","4403'","Wood in the rough, whether or not stripped of bark or sapwood, or roughly squared.","440349'"," -- Other","8","1","R","0","0","","","","0","0","0","0","0","0"
"2229","","HS 2007","Harmonized System 2007","Gabon","266'","2019","1","44034939'","  "," bois bruts Azob?, non ?quarri","44'","Wood and articles of wood; wood charcoal","4403'","Wood in the rough, whether or not stripped of bark or sapwood, or roughly squared.","440349'"," -- Other","8","1","R","0","0","","","","0","0","0","0","0","0"
"2230","","HS 2007","Harmonized System 2007","Gabon","266'","2019","1","44034940'","  "," bois bruts Dib?tou, non ?quarri","44'","Wood and articles of wood; wood charcoal","4403'","Wood in the rough, whether or not stripped of bark or sapwood, or roughly squared.","440349'"," -- Other","8","1","R","0","0","","","","0","0","0","0","0","0"
"2231","","HS 2007","Harmonized System 2007","Gabon","266'","2019","1","44034941'","  "," bois bruts Ilomba, non ?quarri","44'","Wood and articles of wood; wood charcoal","4403'","Wood in the rough, whether or not stripped of bark or sapwood, or roughly squared.","440349'"," -- Other","8","1","R","0","0","","","","0","0","0","0","0","0"
"2232","","HS 2007","Harmonized System 2007","Gabon","266'","2019","1","44034942'","  "," bois bruts Iroko, non ?quarri","44'","Wood and articles of wood; wood charcoal","4403'","Wood in the rough, whether or not stripped of bark or sapwood, or roughly squared.","440349'"," -- Other","8","1","R","0","0","","","","0","0","0","0","0","0"
"2233","","HS 2007","Harmonized System 2007","Gabon","266'","2019","1","44034943'","  "," bois bruts Makor?, non ?quarri","44'","Wood and articles of wood; wood charcoal","4403'","Wood in the rough, whether or not stripped of bark or sapwood, or roughly squared.","440349'"," -- Other","8","1","R","0","0","","","","0","0","0","0","0","0"
"2234","","HS 2007","Harmonized System 2007","Gabon","266'","2019","1","44034944'","  "," bois bruts Mansonia, non ?quarri","44'","Wood and articles of wood; wood charcoal","4403'","Wood in the rough, whether or not stripped of bark or sapwood, or roughly squared.","440349'"," -- Other","8","1","R","0","0","","","","0","0","0","0","0","0"
"2235","","HS 2007","Harmonized System 2007","Gabon","266'","2019","1","44034945'","  "," bois bruts Ob?ch?,non equarri","44'","Wood and articles of wood; wood charcoal","4403'","Wood in the rough, whether or not stripped of bark or sapwood, or roughly squared.","440349'"," -- Other","8","1","R","0","0","","","","0","0","0","0","0","0"
"2236","","HS 2007","Harmonized System 2007","Gabon","266'","2019","1","44034946'","  "," bois bruts Okoum? loyal et marchand, non ?quarri","44'","Wood and articles of wood; wood charcoal","4403'","Wood in the rough, whether or not stripped of bark or sapwood, or roughly squared.","440349'"," -- Other","8","1","R","0","0","","","","0","0","0","0","0","0"
"2237","","HS 2007","Harmonized System 2007","Gabon","266'","2019","1","44034947'","  "," bois bruts Okoum? loyal et marchand tranchage, non ?quarri","44'","Wood and articles of wood; wood charcoal","4403'","Wood in the rough, whether or not stripped of bark or sapwood, or roughly squared.","440349'"," -- Other","8","1","R","0","0","","","","0","0","0","0","0","0"
"2238","","HS 2007","Harmonized System 2007","Gabon","266'","2019","1","44034948'","  "," bois bruts Okoum? qualit? seconde, non ?quarri","44'","Wood and articles of wood; wood charcoal","4403'","Wood in the rough, whether or not stripped of bark or sapwood, or roughly squared.","440349'"," -- Other","8","1","R","0","0","","","","0","0","0","0","0","0"
"2239","","HS 2007","Harmonized System 2007","Gabon","266'","2019","1","44034949'","  "," bois bruts Okoum? choix industriel, non ?quarri","44'","Wood and articles of wood; wood charcoal","4403'","Wood in the rough, whether or not stripped of bark or sapwood, or roughly squared.","440349'"," -- Other","8","1","R","0","0","","","","0","0","0","0","0","0"
"2240","","HS 2007","Harmonized System 2007","Gabon","266'","2019","1","44034950'","  "," bois bruts Okoum? choix ?conomiques, non ?quarri","44'","Wood and articles of wood; wood charcoal","4403'","Wood in the rough, whether or not stripped of bark or sapwood, or roughly squared.","440349'"," -- Other","8","1","R","0","0","","","","0","0","0","0","0","0"
"2241","","HS 2007","Harmonized System 2007","Gabon","266'","2019","1","44034951'","  "," bois bruts Okoum? choix sp?cial, non ?quarri","44'","Wood and articles of wood; wood charcoal","4403'","Wood in the rough, whether or not stripped of bark or sapwood, or roughly squared.","440349'"," -- Other","8","1","R","0","0","","","","0","0","0","0","0","0"
"2242","","HS 2007","Harmonized System 2007","Gabon","266'","2019","1","44034952'","  "," bois bruts Ozigo loyal et marchand, non ?quarri","44'","Wood and articles of wood; wood charcoal","4403'","Wood in the rough, whether or not stripped of bark or sapwood, or roughly squared.","440349'"," -- Other","8","1","R","0","0","","","","0","0","0","0","0","0"
"2243","","HS 2007","Harmonized System 2007","Gabon","266'","2019","1","44034953'","  "," bois bruts Ozigo loyal et marchand tranchage, non ?quarri","44'","Wood and articles of wood; wood charcoal","4403'","Wood in the rough, whether or not stripped of bark or sapwood, or roughly squared.","440349'"," -- Other","8","1","R","0","0","","","","0","0","0","0","0","0"
"2244","","HS 2007","Harmonized System 2007","Gabon","266'","2019","1","44034954'","  "," bois bruts Ozigo quali? seconde, non ?quarri","44'","Wood and articles of wood; wood charcoal","4403'","Wood in the rough, whether or not stripped of bark or sapwood, or roughly squared.","440349'"," -- Other","8","1","R","0","0","","","","0","0","0","0","0","0"
"2245","","HS 2007","Harmonized System 2007","Gabon","266'","2019","1","44034955'","  "," bois bruts Ozigo choix industriel, non ?quarri","44'","Wood and articles of wood; wood charcoal","4403'","Wood in the rough, whether or not stripped of bark or sapwood, or roughly squared.","440349'"," -- Other","8","1","R","0","0","","","","0","0","0","0","0","0"
"2246","","HS 2007","Harmonized System 2007","Gabon","266'","2019","1","44034956'","  "," bois bruts Ozigo choix ?conomique, non ?quarri","44'","Wood and articles of wood; wood charcoal","4403'","Wood in the rough, whether or not stripped of bark or sapwood, or roughly squared.","440349'"," -- Other","8","1","R","0","0","","","","0","0","0","0","0","0"
"2247","","HS 2007","Harmonized System 2007","Gabon","266'","2019","1","44034957'","  "," bois bruts Ozigo choix sp?cial, non ?quarri","44'","Wood and articles of wood; wood charcoal","4403'","Wood in the rough, whether or not stripped of bark or sapwood, or roughly squared.","440349'"," -- Other","8","1","R","0","0","","","","0","0","0","0","0","0"
"2248","","HS 2007","Harmonized System 2007","Gabon","266'","2019","1","44034958'","  "," bois bruts Sapelli, non ?quarri","44'","Wood and articles of wood; wood charcoal","4403'","Wood in the rough, whether or not stripped of bark or sapwood, or roughly squared.","440349'"," -- Other","8","1","R","0","0","","","","0","0","0","0","0","0"
"2249","","HS 2007","Harmonized System 2007","Gabon","266'","2019","1","44034959'","  "," bois bruts Sipo, non ?quarri","44'","Wood and articles of wood; wood charcoal","4403'","Wood in the rough, whether or not stripped of bark or sapwood, or roughly squared.","440349'"," -- Other","8","1","R","0","0","","","","0","0","0","0","0","0"
"2250","","HS 2007","Harmonized System 2007","Gabon","266'","2019","1","44034960'","  "," bois bruts Tiama, non ?quarri","44'","Wood and articles of wood; wood charcoal","4403'","Wood in the rough, whether or not stripped of bark or sapwood, or roughly squared.","440349'"," -- Other","8","1","R","0","0","","","","0","0","0","0","0","0"
"2251","","HS 2007","Harmonized System 2007","Gabon","266'","2019","1","44034961'","  "," Bois brut d'ACCUMINATA,non ?quarri","44'","Wood and articles of wood; wood charcoal","4403'","Wood in the rough, whether or not stripped of bark or sapwood, or roughly squared.","440349'"," -- Other","8","1","R","0","0","","","","0","0","0","0","0","0"
"2252","","HS 2007","Harmonized System 2007","Gabon","266'","2019","1","44034963'","  "," Bois brut de BELI BRUN (AWOURA),non ?quarri","44'","Wood and articles of wood; wood charcoal","4403'","Wood in the rough, whether or not stripped of bark or sapwood, or roughly squared.","440349'"," -- Other","8","1","R","0","0","","","","0","0","0","0","0","0"
"2253","","HS 2007","Harmonized System 2007","Gabon","266'","2019","1","44034965'","  "," Bois brut de BOMANGA,non ?quarri","44'","Wood and articles of wood; wood charcoal","4403'","Wood in the rough, whether or not stripped of bark or sapwood, or roughly squared.","440349'"," -- Other","8","1","R","0","0","","","","0","0","0","0","0","0"
"2254","","HS 2007","Harmonized System 2007","Gabon","266'","2019","1","44034966'","  "," Bois brut de EBIARA (POCOULI),non ?quarri","44'","Wood and articles of wood; wood charcoal","4403'","Wood in the rough, whether or not stripped of bark or sapwood, or roughly squared.","440349'"," -- Other","8","1","R","0","0","","","","0","0","0","0","0","0"
"2255","","HS 2007","Harmonized System 2007","Gabon","266'","2019","1","44034967'","  "," Bois brut de EMIEN,non ?quarri","44'","Wood and articles of wood; wood charcoal","4403'","Wood in the rough, whether or not stripped of bark or sapwood, or roughly squared.","440349'"," -- Other","8","1","R","0","0","","","","0","0","0","0","0","0"
"2256","","HS 2007","Harmonized System 2007","Gabon","266'","2019","1","44034969'","  "," bois brurts tropicaux, non ?quarri, autres que ceux du 44034901 aux 44034969","44'","Wood and articles of wood; wood charcoal","4403'","Wood in the rough, whether or not stripped of bark or sapwood, or roughly squared.","440349'"," -- Other","8","1","R","0","0","","","","0","0","0","0","0","0"
"2257","","HS 2007","Harmonized System 2007","Gabon","266'","2019","1","44034970'","  "," Bois brut de PACHYLOBA,non ?quarri","44'","Wood and articles of wood; wood charcoal","4403'","Wood in the rough, whether or not stripped of bark or sapwood, or roughly squared.","440349'"," -- Other","8","1","R","0","0","","","","0","0","0","0","0","0"
"2258","","HS 2007","Harmonized System 2007","Gabon","266'","2019","1","44034971'","  "," Bois brut de TALI,non ?quarri","44'","Wood and articles of wood; wood charcoal","4403'","Wood in the rough, whether or not stripped of bark or sapwood, or roughly squared.","440349'"," -- Other","8","1","R","0","0","","","","0","0","0","0","0","0"
"2259","","HS 2007","Harmonized System 2007","Gabon","266'","2019","1","44034972'","  "," Bois brut de WENGUE,non ?quarri","44'","Wood and articles of wood; wood charcoal","4403'","Wood in the rough, whether or not stripped of bark or sapwood, or roughly squared.","440349'"," -- Other","8","1","R","0","0","","","","0","0","0","0","0","0"
"2260","","HS 2007","Harmonized System 2007","Gabon","266'","2019","1","44034973'","  "," Bois brut de OKOUME IR,non ?quarri","44'","Wood and articles of wood; wood charcoal","4403'","Wood in the rough, whether or not stripped of bark or sapwood, or roughly squared.","440349'"," -- Other","8","1","R","0","0","","","","0","0","0","0","0","0"
"2261","","HS 2007","Harmonized System 2007","Gabon","266'","2019","1","44034974'","  "," Bois brut de OKAN,non ?quarri","44'","Wood and articles of wood; wood charcoal","4403'","Wood in the rough, whether or not stripped of bark or sapwood, or roughly squared.","440349'"," -- Other","8","1","R","0","0","","","","0","0","0","0","0","0"
"2262","","HS 2007","Harmonized System 2007","Gabon","266'","2019","1","44034975'","  "," Bois brut de ALONE (KONDROTI),non ?quarri","44'","Wood and articles of wood; wood charcoal","4403'","Wood in the rough, whether or not stripped of bark or sapwood, or roughly squared.","440349'"," -- Other","8","1","R","0","0","","","","0","0","0","0","0","0"
"2263","","HS 2007","Harmonized System 2007","Gabon","266'","2019","1","44034976'","  "," Bois brut de ANZEM (ETIMOE),non ?quarri","44'","Wood and articles of wood; wood charcoal","4403'","Wood in the rough, whether or not stripped of bark or sapwood, or roughly squared.","440349'"," -- Other","8","1","R","0","0","","","","0","0","0","0","0","0"
"2264","","HS 2007","Harmonized System 2007","Gabon","266'","2019","1","44034977'","  "," Bois brut de FARO,non ?quarri","44'","Wood and articles of wood; wood charcoal","4403'","Wood in the rough, whether or not stripped of bark or sapwood, or roughly squared.","440349'"," -- Other","8","1","R","0","0","","","","0","0","0","0","0","0"
"2265","","HS 2007","Harmonized System 2007","Gabon","266'","2019","1","44034978'","  "," Bois brut de GOMBE,non ?quarri","44'","Wood and articles of wood; wood charcoal","4403'","Wood in the rough, whether or not stripped of bark or sapwood, or roughly squared.","440349'"," -- Other","8","1","R","0","0","","","","0","0","0","0","0","0"
"2266","","HS 2007","Harmonized System 2007","Gabon","266'","2019","1","44034979'","  "," Bois brut de BELI ROUGE,non ?quarri","44'","Wood and articles of wood; wood charcoal","4403'","Wood in the rough, whether or not stripped of bark or sapwood, or roughly squared.","440349'"," -- Other","8","1","R","0","0","","","","0","0","0","0","0","0"
"2267","","HS 2007","Harmonized System 2007","Gabon","266'","2019","1","44034980'","  "," Bois brut de GHEOMBI,non ?quarri","44'","Wood and articles of wood; wood charcoal","4403'","Wood in the rough, whether or not stripped of bark or sapwood, or roughly squared.","440349'"," -- Other","8","1","R","0","0","","","","0","0","0","0","0","0"
"2268","","HS 2007","Harmonized System 2007","Gabon","266'","2019","1","44034981'","  "," Bois brut de ONZABILI,non ?quarri","44'","Wood and articles of wood; wood charcoal","4403'","Wood in the rough, whether or not stripped of bark or sapwood, or roughly squared.","440349'"," -- Other","8","1","R","0","0","","","","0","0","0","0","0","0"
"2269","","HS 2007","Harmonized System 2007","Gabon","266'","2019","1","44034982'","  "," Bois brut de BODOIA,non ?quarri","44'","Wood and articles of wood; wood charcoal","4403'","Wood in the rough, whether or not stripped of bark or sapwood, or roughly squared.","440349'"," -- Other","8","1","R","0","0","","","","0","0","0","0","0","0"
"2270","","HS 2007","Harmonized System 2007","Gabon","266'","2019","1","44034983'","  "," Bois brut d'Abeum , non ?quarri","44'","Wood and articles of wood; wood charcoal","4403'","Wood in the rough, whether or not stripped of bark or sapwood, or roughly squared.","440349'"," -- Other","8","1","R","0","0","","","","0","0","0","0","0","0"
"2271","","HS 2007","Harmonized System 2007","Gabon","266'","2019","1","44034984'","  "," Bois brut d'Adzagon ,non ?quarri","44'","Wood and articles of wood; wood charcoal","4403'","Wood in the rough, whether or not stripped of bark or sapwood, or roughly squared.","440349'"," -- Other","8","1","R","0","0","","","","0","0","0","0","0","0"
"2272","","HS 2007","Harmonized System 2007","Gabon","266'","2019","1","44034985'","  "," Bois brut d'Afina , non ?quarri","44'","Wood and articles of wood; wood charcoal","4403'","Wood in the rough, whether or not stripped of bark or sapwood, or roughly squared.","440349'"," -- Other","8","1","R","0","0","","","","0","0","0","0","0","0"
"2273","","HS 2007","Harmonized System 2007","Gabon","266'","2019","1","44034986'","  "," Bois brut d'Afo , non ?quarri","44'","Wood and articles of wood; wood charcoal","4403'","Wood in the rough, whether or not stripped of bark or sapwood, or roughly squared.","440349'"," -- Other","8","1","R","0","0","","","","0","0","0","0","0","0"
"2274","","HS 2007","Harmonized System 2007","Gabon","266'","2019","1","44034987'","  "," Bois brut dAlep , non ?quarri","44'","Wood and articles of wood; wood charcoal","4403'","Wood in the rough, whether or not stripped of bark or sapwood, or roughly squared.","440349'"," -- Other","8","1","R","0","0","","","","0","0","0","0","0","0"
"2275","","HS 2007","Harmonized System 2007","Gabon","266'","2019","1","44034988'","  "," Bois brut d'Angoa, non ?quarri","44'","Wood and articles of wood; wood charcoal","4403'","Wood in the rough, whether or not stripped of bark or sapwood, or roughly squared.","440349'"," -- Other","8","1","R","0","0","","","","0","0","0","0","0","0"
"2276","","HS 2007","Harmonized System 2007","Gabon","266'","2019","1","44034989'","  "," Bois brut de bombax, non equarri.","44'","Wood and articles of wood; wood charcoal","4403'","Wood in the rough, whether or not stripped of bark or sapwood, or roughly squared.","440349'"," -- Other","8","1","R","0","0","","","","0","0","0","0","0","0"
"2277","","HS 2007","Harmonized System 2007","Gabon","266'","2019","1","44034990'","  "," bois brut de crawood,non equarri","44'","Wood and articles of wood; wood charcoal","4403'","Wood in the rough, whether or not stripped of bark or sapwood, or roughly squared.","440349'"," -- Other","8","1","R","0","0","","","","0","0","0","0","0","0"
"2278","","HS 2007","Harmonized System 2007","Gabon","266'","2019","1","44034991'","  "," -Bois brut d'Ebana, non ?quarri","44'","Wood and articles of wood; wood charcoal","4403'","Wood in the rough, whether or not stripped of bark or sapwood, or roughly squared.","440349'"," -- Other","8","1","R","0","0","","","","0","0","0","0","0","0"
"2279","","HS 2007","Harmonized System 2007","Gabon","266'","2019","1","44034992'","  "," Bois brut d'Essessang","44'","Wood and articles of wood; wood charcoal","4403'","Wood in the rough, whether or not stripped of bark or sapwood, or roughly squared.","440349'"," -- Other","8","1","R","0","0","","","","0","0","0","0","0","0"
"2280","","HS 2007","Harmonized System 2007","Gabon","266'","2019","1","44034993'","  "," Bois brut d'Eveuss, non ?quarri","44'","Wood and articles of wood; wood charcoal","4403'","Wood in the rough, whether or not stripped of bark or sapwood, or roughly squared.","440349'"," -- Other","8","1","R","0","0","","","","0","0","0","0","0","0"
"2281","","HS 2007","Harmonized System 2007","Gabon","266'","2019","1","44034994'","  "," Bois brut d'Evino, non ?quarri","44'","Wood and articles of wood; wood charcoal","4403'","Wood in the rough, whether or not stripped of bark or sapwood, or roughly squared.","440349'"," -- Other","8","1","R","0","0","","","","0","0","0","0","0","0"
"2282","","HS 2007","Harmonized System 2007","Gabon","266'","2019","1","44034995'","  "," Bois brut d'Eyoum, non ?quarri","44'","Wood and articles of wood; wood charcoal","4403'","Wood in the rough, whether or not stripped of bark or sapwood, or roughly squared.","440349'"," -- Other","8","1","R","0","0","","","","0","0","0","0","0","0"
"2283","","HS 2007","Harmonized System 2007","Gabon","266'","2019","1","44034996'","  "," Bois brut de Longui Mbebane","44'","Wood and articles of wood; wood charcoal","4403'","Wood in the rough, whether or not stripped of bark or sapwood, or roughly squared.","440349'"," -- Other","8","1","R","0","0","","","","0","0","0","0","0","0"
"2284","","HS 2007","Harmonized System 2007","Gabon","266'","2019","1","44034997'","  "," Bois brut de Mukulungu, non ?quarri","44'","Wood and articles of wood; wood charcoal","4403'","Wood in the rough, whether or not stripped of bark or sapwood, or roughly squared.","440349'"," -- Other","8","1","R","0","0","","","","0","0","0","0","0","0"
"2285","","HS 2007","Harmonized System 2007","Gabon","266'","2019","1","44034998'","  "," Bois brut de Safoukala , non ?quarri","44'","Wood and articles of wood; wood charcoal","4403'","Wood in the rough, whether or not stripped of bark or sapwood, or roughly squared.","440349'"," -- Other","8","1","R","0","0","","","","0","0","0","0","0","0"
"2286","","HS 2007","Harmonized System 2007","Gabon","266'","2019","1","44034999'","  "," autres bois tropicaux non equarris, non denommes,ni compris ailleurs","44'","Wood and articles of wood; wood charcoal","4403'","Wood in the rough, whether or not stripped of bark or sapwood, or roughly squared.","440349'"," -- Other","8","1","R","0","0","","","","0","0","0","0","0","0"
"2287","","HS 2007","Harmonized System 2007","Gabon","266'","2019","1","44039100'","  "," -- De ch?ne (Quercus spp.)","44'","Wood and articles of wood; wood charcoal","4403'","Wood in the rough, whether or not stripped of bark or sapwood, or roughly squared.","440391'"," -- Of oak (Quercus spp.)","8","1","R","0","0","","","","0","0","0","0","0","0"
"2288","","HS 2007","Harmonized System 2007","Gabon","266'","2019","1","44039200'","  "," -- De h?tre (Fagus spp.)","44'","Wood and articles of wood; wood charcoal","4403'","Wood in the rough, whether or not stripped of bark or sapwood, or roughly squared.","440392'"," -- Of beech (Fagus spp.)","8","1","R","0","0","","","","0","0","0","0","0","0"
"2289","","HS 2007","Harmonized System 2007","Gabon","266'","2019","1","44039910'","  "," bois de trituration, non ?quarri","44'","Wood and articles of wood; wood charcoal","4403'","Wood in the rough, whether or not stripped of bark or sapwood, or roughly squared.","440399'"," -- Other","8","1","R","0","0","","","","0","0","0","0","0","0"
"2290","","HS 2007","Harmonized System 2007","Gabon","266'","2019","1","44039920'","  "," bois bruts, non ?quarris autres que ceux du440349 ? 44039910","44'","Wood and articles of wood; wood charcoal","4403'","Wood in the rough, whether or not stripped of bark or sapwood, or roughly squared.","440399'"," -- Other","8","1","R","0","0","","","","0","0","0","0","0","0"
"2291","","HS 2007","Harmonized System 2007","Gabon","266'","2019","1","44039990'","  "," bois ?quarri du 4403 ndnca","44'","Wood and articles of wood; wood charcoal","4403'","Wood in the rough, whether or not stripped of bark or sapwood, or roughly squared.","440399'"," -- Other","8","1","R","0","0","","","","0","0","0","0","0","0"
"2292","","HS 2007","Harmonized System 2007","Gabon","266'","2019","1","44041000'","  "," - De conif?res","44'","Wood and articles of wood; wood charcoal","4404'","Hoopwood; split poles; piles, pickets and stakes of wood, pointed but not sawn lengthwise; wooden st","440410'"," - Coniferous","8","1","R","0","0","","","","0","0","0","0","0","0"
"2293","","HS 2007","Harmonized System 2007","Gabon","266'","2019","1","44042010'","  "," bois feuillards, ?chalas fendus","44'","Wood and articles of wood; wood charcoal","4404'","Hoopwood; split poles; piles, pickets and stakes of wood, pointed but not sawn lengthwise; wooden st","440420'"," - Non-coniferous","8","1","R","0","0","","","","0","0","0","0","0","0"
"2294","","HS 2007","Harmonized System 2007","Gabon","266'","2019","1","44042020'","  "," bois du 4404 autres que ceux du 440410","44'","Wood and articles of wood; wood charcoal","4404'","Hoopwood; split poles; piles, pickets and stakes of wood, pointed but not sawn lengthwise; wooden st","440420'"," - Non-coniferous","8","1","R","0","0","","","","0","0","0","0","0","0"
"2295","","HS 2007","Harmonized System 2007","Gabon","266'","2019","1","44042090'","  "," bois du 4404 autres que ceux du 440410 ? 44042020","44'","Wood and articles of wood; wood charcoal","4404'","Hoopwood; split poles; piles, pickets and stakes of wood, pointed but not sawn lengthwise; wooden st","440420'"," - Non-coniferous","8","1","R","0","0","","","","0","0","0","0","0","0"
"2296","","HS 2007","Harmonized System 2007","Gabon","266'","2019","1","44050010'","  "," laine (paille) de bois","44'","Wood and articles of wood; wood charcoal","4405'","Wood wool; wood flour.","440500'"," Wood wool; wood flour.","8","1","R","0","0","","","","0","0","0","0","0","0"
"2297","","HS 2007","Harmonized System 2007","Gabon","266'","2019","1","44050090'","  "," farine de bois","44'","Wood and articles of wood; wood charcoal","4405'","Wood wool; wood flour.","440500'"," Wood wool; wood flour.","8","1","R","0","0","","","","0","0","0","0","0","0"
"2298","","HS 2007","Harmonized System 2007","Gabon","266'","2019","1","44061000'","  "," - Non impr?gn?es","44'","Wood and articles of wood; wood charcoal","4406'","Railway or tramway sleepers (cross-ties) of wood.","440610'"," - Not impregnated","8","1","R","0","0","","","","0","0","0","0","0","0"
"2299","","HS 2007","Harmonized System 2007","Gabon","266'","2019","1","44069000'","  "," - Autres","44'","Wood and articles of wood; wood charcoal","4406'","Railway or tramway sleepers (cross-ties) of wood.","440690'"," - Other","8","1","R","0","0","","","","0","0","0","0","0","0"
"2300","","HS 2007","Harmonized System 2007","Gabon","266'","2019","1","44071000'","  "," - De conif?res","44'","Wood and articles of wood; wood charcoal","4407'","Wood sawn or chipped lengthwise, sliced or peeled, whether or not planed, sanded or end-jointed, of ","440710'"," - Coniferous","8","1","R","0","0","","","","0","0","0","0","0","0"
"2301","","HS 2007","Harmonized System 2007","Gabon","266'","2019","1","44072100'","  "," -- Mahogany (Swietenia spp.)","44'","Wood and articles of wood; wood charcoal","4407'","Wood sawn or chipped lengthwise, sliced or peeled, whether or not planed, sanded or end-jointed, of ","440721'"," -- Mahogany (Swietenia spp.)","8","1","R","0","0","","","","0","0","0","0","0","0"
"2302","","HS 2007","Harmonized System 2007","Gabon","266'","2019","1","44072200'","  "," -- Virola, Imbuia et Balsa","44'","Wood and articles of wood; wood charcoal","4407'","Wood sawn or chipped lengthwise, sliced or peeled, whether or not planed, sanded or end-jointed, of ","440722'"," -- Virola, Imbuia and Balsa","8","1","R","0","0","","","","0","0","0","0","0","0"
"2303","","HS 2007","Harmonized System 2007","Gabon","266'","2019","1","44072500'","  "," -- Dark Red Meranti, Light Red Meranti et Meranti Bakau","44'","Wood and articles of wood; wood charcoal","4407'","Wood sawn or chipped lengthwise, sliced or peeled, whether or not planed, sanded or end-jointed, of ","440725'"," -- Dark Red Meranti, Light Red Meranti and Meranti Bakau","8","1","R","0","0","","","","0","0","0","0","0","0"
"2304","","HS 2007","Harmonized System 2007","Gabon","266'","2019","1","44072600'","  "," -- White Lauan, White Meranti, White Seraya, Yellow Meranti et Alan","44'","Wood and articles of wood; wood charcoal","4407'","Wood sawn or chipped lengthwise, sliced or peeled, whether or not planed, sanded or end-jointed, of ","440726'"," -- White Lauan, White Meranti, White Seraya, Yellow Meranti and Alan","8","1","R","0","0","","","","0","0","0","0","0","0"
"2305","","HS 2007","Harmonized System 2007","Gabon","266'","2019","1","44072700'","  "," -- Sapelli","44'","Wood and articles of wood; wood charcoal","4407'","Wood sawn or chipped lengthwise, sliced or peeled, whether or not planed, sanded or end-jointed, of ","440727'"," -- Sapelli","8","1","R","0","0","","","","0","0","0","0","0","0"
"2306","","HS 2007","Harmonized System 2007","Gabon","266'","2019","1","44072800'","  "," -- Iroko","44'","Wood and articles of wood; wood charcoal","4407'","Wood sawn or chipped lengthwise, sliced or peeled, whether or not planed, sanded or end-jointed, of ","440728'"," -- Iroko","8","1","R","0","0","","","","0","0","0","0","0","0"
"2307","","HS 2007","Harmonized System 2007","Gabon","266'","2019","1","44072901'","  "," bois d'Abura sci?s d'une ?paisseur > 6mm","44'","Wood and articles of wood; wood charcoal","4407'","Wood sawn or chipped lengthwise, sliced or peeled, whether or not planed, sanded or end-jointed, of ","440729'"," -- Other","8","1","R","0","0","","","","0","0","0","0","0","0"
"2308","","HS 2007","Harmonized System 2007","Gabon","266'","2019","1","44072902'","  "," bois d'Acajou, sci? d'une ?paisseur > 6mm","44'","Wood and articles of wood; wood charcoal","4407'","Wood sawn or chipped lengthwise, sliced or peeled, whether or not planed, sanded or end-jointed, of ","440729'"," -- Other","8","1","R","0","0","","","","0","0","0","0","0","0"
"2309","","HS 2007","Harmonized System 2007","Gabon","266'","2019","1","44072903'","  "," bois d'Afrormosia, sci? d'une epaisseur >6mm","44'","Wood and articles of wood; wood charcoal","4407'","Wood sawn or chipped lengthwise, sliced or peeled, whether or not planed, sanded or end-jointed, of ","440729'"," -- Other","8","1","R","0","0","","","","0","0","0","0","0","0"
"2310","","HS 2007","Harmonized System 2007","Gabon","266'","2019","1","44072904'","  "," bois d'Ai?l?, sci? d'une ?paisseur > 6mm","44'","Wood and articles of wood; wood charcoal","4407'","Wood sawn or chipped lengthwise, sliced or peeled, whether or not planed, sanded or end-jointed, of ","440729'"," -- Other","8","1","R","0","0","","","","0","0","0","0","0","0"
"2311","","HS 2007","Harmonized System 2007","Gabon","266'","2019","1","44072905'","  "," bois d'Ako, sci? d'une ?paisseur > 6mm","44'","Wood and articles of wood; wood charcoal","4407'","Wood sawn or chipped lengthwise, sliced or peeled, whether or not planed, sanded or end-jointed, of ","440729'"," -- Other","8","1","R","0","0","","","","0","0","0","0","0","0"
"2312","","HS 2007","Harmonized System 2007","Gabon","266'","2019","1","44072906'","  "," bois d'andoung, sci? d'une ?paisseur > 6mm","44'","Wood and articles of wood; wood charcoal","4407'","Wood sawn or chipped lengthwise, sliced or peeled, whether or not planed, sanded or end-jointed, of ","440729'"," -- Other","8","1","R","0","0","","","","0","0","0","0","0","0"
"2313","","HS 2007","Harmonized System 2007","Gabon","266'","2019","1","44072907'","  "," bois d'Avodir?, sci? d'une ?paisseur > 6mm","44'","Wood and articles of wood; wood charcoal","4407'","Wood sawn or chipped lengthwise, sliced or peeled, whether or not planed, sanded or end-jointed, of ","440729'"," -- Other","8","1","R","0","0","","","","0","0","0","0","0","0"
"2314","","HS 2007","Harmonized System 2007","Gabon","266'","2019","1","44072908'","  "," bois de B?t?, sci? d'une ?paisseur > 6mm","44'","Wood and articles of wood; wood charcoal","4407'","Wood sawn or chipped lengthwise, sliced or peeled, whether or not planed, sanded or end-jointed, of ","440729'"," -- Other","8","1","R","0","0","","","","0","0","0","0","0","0"
"2315","","HS 2007","Harmonized System 2007","Gabon","266'","2019","1","44072909'","  "," bois de Bilinga, sci? d'une ?paisseur > 6mm","44'","Wood and articles of wood; wood charcoal","4407'","Wood sawn or chipped lengthwise, sliced or peeled, whether or not planed, sanded or end-jointed, of ","440729'"," -- Other","8","1","R","0","0","","","","0","0","0","0","0","0"
"2316","","HS 2007","Harmonized System 2007","Gabon","266'","2019","1","44072910'","  "," bois de Boss?, sci? d'une ?paisseur > 6mm","44'","Wood and articles of wood; wood charcoal","4407'","Wood sawn or chipped lengthwise, sliced or peeled, whether or not planed, sanded or end-jointed, of ","440729'"," -- Other","8","1","R","0","0","","","","0","0","0","0","0","0"
"2317","","HS 2007","Harmonized System 2007","Gabon","266'","2019","1","44072911'","  "," bois Budinga, sci? d'une ?paisseur > 6mm","44'","Wood and articles of wood; wood charcoal","4407'","Wood sawn or chipped lengthwise, sliced or peeled, whether or not planed, sanded or end-jointed, of ","440729'"," -- Other","8","1","R","0","0","","","","0","0","0","0","0","0"
"2318","","HS 2007","Harmonized System 2007","Gabon","266'","2019","1","44072912'","  "," bois de Dab?ma, sci? d'une ?paisseur > 6mm","44'","Wood and articles of wood; wood charcoal","4407'","Wood sawn or chipped lengthwise, sliced or peeled, whether or not planed, sanded or end-jointed, of ","440729'"," -- Other","8","1","R","0","0","","","","0","0","0","0","0","0"
"2319","","HS 2007","Harmonized System 2007","Gabon","266'","2019","1","44072913'","  "," bois de douka, sci? d'une ?paisseur > 6mm","44'","Wood and articles of wood; wood charcoal","4407'","Wood sawn or chipped lengthwise, sliced or peeled, whether or not planed, sanded or end-jointed, of ","440729'"," -- Other","8","1","R","0","0","","","","0","0","0","0","0","0"
"2320","","HS 2007","Harmonized System 2007","Gabon","266'","2019","1","44072914'","  "," bois de Doussi?, sci? d'une ?paisseur > 6mm","44'","Wood and articles of wood; wood charcoal","4407'","Wood sawn or chipped lengthwise, sliced or peeled, whether or not planed, sanded or end-jointed, of ","440729'"," -- Other","8","1","R","0","0","","","","0","0","0","0","0","0"
"2321","","HS 2007","Harmonized System 2007","Gabon","266'","2019","1","44072915'","  "," bois d'Eb?ne, sci? d'une ?paisseur > 6mm","44'","Wood and articles of wood; wood charcoal","4407'","Wood sawn or chipped lengthwise, sliced or peeled, whether or not planed, sanded or end-jointed, of ","440729'"," -- Other","8","1","R","0","0","","","","0","0","0","0","0","0"
"2322","","HS 2007","Harmonized System 2007","Gabon","266'","2019","1","44072916'","  "," bois d'Eyong, sci? d'une ?paisseur > 6mm","44'","Wood and articles of wood; wood charcoal","4407'","Wood sawn or chipped lengthwise, sliced or peeled, whether or not planed, sanded or end-jointed, of ","440729'"," -- Other","8","1","R","0","0","","","","0","0","0","0","0","0"
"2323","","HS 2007","Harmonized System 2007","Gabon","266'","2019","1","44072917'","  "," bois de framir?, sci? d'une ?paisseur > 6mm","44'","Wood and articles of wood; wood charcoal","4407'","Wood sawn or chipped lengthwise, sliced or peeled, whether or not planed, sanded or end-jointed, of ","440729'"," -- Other","8","1","R","0","0","","","","0","0","0","0","0","0"
"2324","","HS 2007","Harmonized System 2007","Gabon","266'","2019","1","44072918'","  "," bois de fromager, sci? d'une ?paisseur > 6mm","44'","Wood and articles of wood; wood charcoal","4407'","Wood sawn or chipped lengthwise, sliced or peeled, whether or not planed, sanded or end-jointed, of ","440729'"," -- Other","8","1","R","0","0","","","","0","0","0","0","0","0"
"2325","","HS 2007","Harmonized System 2007","Gabon","266'","2019","1","44072919'","  "," bois d'Igaganga, sci? d'une ?paisseur > 6mm","44'","Wood and articles of wood; wood charcoal","4407'","Wood sawn or chipped lengthwise, sliced or peeled, whether or not planed, sanded or end-jointed, of ","440729'"," -- Other","8","1","R","0","0","","","","0","0","0","0","0","0"
"2326","","HS 2007","Harmonized System 2007","Gabon","266'","2019","1","44072920'","  "," bois d'Izomb?, sci? d'une ?paisseur > 6mm","44'","Wood and articles of wood; wood charcoal","4407'","Wood sawn or chipped lengthwise, sliced or peeled, whether or not planed, sanded or end-jointed, of ","440729'"," -- Other","8","1","R","0","0","","","","0","0","0","0","0","0"
"2327","","HS 2007","Harmonized System 2007","Gabon","266'","2019","1","44072921'","  "," bois de Kosipo, sci? d'une ?paisseur > 6mm","44'","Wood and articles of wood; wood charcoal","4407'","Wood sawn or chipped lengthwise, sliced or peeled, whether or not planed, sanded or end-jointed, of ","440729'"," -- Other","8","1","R","0","0","","","","0","0","0","0","0","0"
"2328","","HS 2007","Harmonized System 2007","Gabon","266'","2019","1","44072922'","  "," bois de kitib?, sci? d'une ?paisseur > 6mm","44'","Wood and articles of wood; wood charcoal","4407'","Wood sawn or chipped lengthwise, sliced or peeled, whether or not planed, sanded or end-jointed, of ","440729'"," -- Other","8","1","R","0","0","","","","0","0","0","0","0","0"
"2329","","HS 2007","Harmonized System 2007","Gabon","266'","2019","1","44072923'","  "," bois de kodrodua, sci? d'une ?paisseur >6mm","44'","Wood and articles of wood; wood charcoal","4407'","Wood sawn or chipped lengthwise, sliced or peeled, whether or not planed, sanded or end-jointed, of ","440729'"," -- Other","8","1","R","0","0","","","","0","0","0","0","0","0"
"2330","","HS 2007","Harmonized System 2007","Gabon","266'","2019","1","44072924'","  "," bois de Limba, sci? d'une ?paisseur > 6mm","44'","Wood and articles of wood; wood charcoal","4407'","Wood sawn or chipped lengthwise, sliced or peeled, whether or not planed, sanded or end-jointed, of ","440729'"," -- Other","8","1","R","0","0","","","","0","0","0","0","0","0"
"2331","","HS 2007","Harmonized System 2007","Gabon","266'","2019","1","44072925'","  "," bois de Moabi, sci? d'une ?paisseur > 6mm","44'","Wood and articles of wood; wood charcoal","4407'","Wood sawn or chipped lengthwise, sliced or peeled, whether or not planed, sanded or end-jointed, of ","440729'"," -- Other","8","1","R","0","0","","","","0","0","0","0","0","0"
"2332","","HS 2007","Harmonized System 2007","Gabon","266'","2019","1","44072926'","  "," bois de Movingui, sci? d'une ?paisseur >6mm","44'","Wood and articles of wood; wood charcoal","4407'","Wood sawn or chipped lengthwise, sliced or peeled, whether or not planed, sanded or end-jointed, of ","440729'"," -- Other","8","1","R","0","0","","","","0","0","0","0","0","0"
"2333","","HS 2007","Harmonized System 2007","Gabon","266'","2019","1","44072927'","  "," bois de Mut?ny?, sci? d'une ?paisseur > 6mm","44'","Wood and articles of wood; wood charcoal","4407'","Wood sawn or chipped lengthwise, sliced or peeled, whether or not planed, sanded or end-jointed, of ","440729'"," -- Other","8","1","R","0","0","","","","0","0","0","0","0","0"
"2334","","HS 2007","Harmonized System 2007","Gabon","266'","2019","1","44072928'","  "," bois de Niangon, sci? d'une ?paisseur > 6mm","44'","Wood and articles of wood; wood charcoal","4407'","Wood sawn or chipped lengthwise, sliced or peeled, whether or not planed, sanded or end-jointed, of ","440729'"," -- Other","8","1","R","0","0","","","","0","0","0","0","0","0"
"2335","","HS 2007","Harmonized System 2007","Gabon","266'","2019","1","44072929'","  "," bois de Niov?, sci? d'une ?paisseur > 6mm","44'","Wood and articles of wood; wood charcoal","4407'","Wood sawn or chipped lengthwise, sliced or peeled, whether or not planed, sanded or end-jointed, of ","440729'"," -- Other","8","1","R","0","0","","","","0","0","0","0","0","0"
"2336","","HS 2007","Harmonized System 2007","Gabon","266'","2019","1","44072930'","  "," bois d'Olon, sci? d' une ?paisseur > 6mm","44'","Wood and articles of wood; wood charcoal","4407'","Wood sawn or chipped lengthwise, sliced or peeled, whether or not planed, sanded or end-jointed, of ","440729'"," -- Other","8","1","R","0","0","","","","0","0","0","0","0","0"
"2337","","HS 2007","Harmonized System 2007","Gabon","266'","2019","1","44072931'","  "," bois d'Ovoga, sci? d'une ?paisseur > 6mm","44'","Wood and articles of wood; wood charcoal","4407'","Wood sawn or chipped lengthwise, sliced or peeled, whether or not planed, sanded or end-jointed, of ","440729'"," -- Other","8","1","R","0","0","","","","0","0","0","0","0","0"
"2338","","HS 2007","Harmonized System 2007","Gabon","266'","2019","1","44072932'","  "," bois d 'Ozigo, sci? d'une ?paisseur > 6mm","44'","Wood and articles of wood; wood charcoal","4407'","Wood sawn or chipped lengthwise, sliced or peeled, whether or not planed, sanded or end-jointed, of ","440729'"," -- Other","8","1","R","0","0","","","","0","0","0","0","0","0"
"2339","","HS 2007","Harmonized System 2007","Gabon","266'","2019","1","44072933'","  "," bois de Padauk, sci? d'une ?paisseur > 6mm","44'","Wood and articles of wood; wood charcoal","4407'","Wood sawn or chipped lengthwise, sliced or peeled, whether or not planed, sanded or end-jointed, of ","440729'"," -- Other","8","1","R","0","0","","","","0","0","0","0","0","0"
"2340","","HS 2007","Harmonized System 2007","Gabon","266'","2019","1","44072934'","  "," bois de Pau rosa, sci? d'une ?paisseur > 6mm","44'","Wood and articles of wood; wood charcoal","4407'","Wood sawn or chipped lengthwise, sliced or peeled, whether or not planed, sanded or end-jointed, of ","440729'"," -- Other","8","1","R","0","0","","","","0","0","0","0","0","0"
"2341","","HS 2007","Harmonized System 2007","Gabon","266'","2019","1","44072935'","  "," bois de Tchitola, sci? d'une ?paisseur > 6mm","44'","Wood and articles of wood; wood charcoal","4407'","Wood sawn or chipped lengthwise, sliced or peeled, whether or not planed, sanded or end-jointed, of ","440729'"," -- Other","8","1","R","0","0","","","","0","0","0","0","0","0"
"2342","","HS 2007","Harmonized System 2007","Gabon","266'","2019","1","44072936'","  "," bois de Tola , sci?, ?paisseur > 6 mm","44'","Wood and articles of wood; wood charcoal","4407'","Wood sawn or chipped lengthwise, sliced or peeled, whether or not planed, sanded or end-jointed, of ","440729'"," -- Other","8","1","R","0","0","","","","0","0","0","0","0","0"
"2343","","HS 2007","Harmonized System 2007","Gabon","266'","2019","1","44072937'","  "," bois de Zingana,sci?,?paisseur > 6 mm","44'","Wood and articles of wood; wood charcoal","4407'","Wood sawn or chipped lengthwise, sliced or peeled, whether or not planed, sanded or end-jointed, of ","440729'"," -- Other","8","1","R","0","0","","","","0","0","0","0","0","0"
"2344","","HS 2007","Harmonized System 2007","Gabon","266'","2019","1","44072938'","  "," bois tropicaux,autres que du 44072901 ? 37,sci?,?paisseur > 6mm","44'","Wood and articles of wood; wood charcoal","4407'","Wood sawn or chipped lengthwise, sliced or peeled, whether or not planed, sanded or end-jointed, of ","440729'"," -- Other","8","1","R","0","0","","","","0","0","0","0","0","0"
"2345","","HS 2007","Harmonized System 2007","Gabon","266'","2019","1","44072939'","  "," bois tropicaux du 4407 non sci?s","44'","Wood and articles of wood; wood charcoal","4407'","Wood sawn or chipped lengthwise, sliced or peeled, whether or not planed, sanded or end-jointed, of ","440729'"," -- Other","8","1","R","0","0","","","","0","0","0","0","0","0"
"2346","","HS 2007","Harmonized System 2007","Gabon","266'","2019","1","44072940'","  "," bois tropicaux du 4407 autres que ceux du44072901 ? 44072939","44'","Wood and articles of wood; wood charcoal","4407'","Wood sawn or chipped lengthwise, sliced or peeled, whether or not planed, sanded or end-jointed, of ","440729'"," -- Other","8","1","R","0","0","","","","0","0","0","0","0","0"
"2347","","HS 2007","Harmonized System 2007","Gabon","266'","2019","1","44079100'","  "," -- De ch?ne (Quercus spp.)","44'","Wood and articles of wood; wood charcoal","4407'","Wood sawn or chipped lengthwise, sliced or peeled, whether or not planed, sanded or end-jointed, of ","440791'"," -- Of oak (Quercus spp.)","8","1","R","0","0","","","","0","0","0","0","0","0"
"2348","","HS 2007","Harmonized System 2007","Gabon","266'","2019","1","44079200'","  "," -- De h?tre (Fagus spp.)","44'","Wood and articles of wood; wood charcoal","4407'","Wood sawn or chipped lengthwise, sliced or peeled, whether or not planed, sanded or end-jointed, of ","440792'"," -- Of beech (Fagus spp.)","8","1","R","0","0","","","","0","0","0","0","0","0"
"2349","","HS 2007","Harmonized System 2007","Gabon","266'","2019","1","44079300'","  "," -- D'?rable (Acer spp.)","44'","Wood and articles of wood; wood charcoal","4407'","Wood sawn or chipped lengthwise, sliced or peeled, whether or not planed, sanded or end-jointed, of ","440793'"," -- Of maple (Acer spp.)","8","1","R","0","0","","","","0","0","0","0","0","0"
"2350","","HS 2007","Harmonized System 2007","Gabon","266'","2019","1","44079400'","  "," -- De cerisier '(Prunus spp.)","44'","Wood and articles of wood; wood charcoal","4407'","Wood sawn or chipped lengthwise, sliced or peeled, whether or not planed, sanded or end-jointed, of ","440794'"," -- Of cherry (Prunus spp.)","8","1","R","0","0","","","","0","0","0","0","0","0"
"2351","","HS 2007","Harmonized System 2007","Gabon","266'","2019","1","44079500'","  "," -- De fr?ne (Fraxinus spp.)","44'","Wood and articles of wood; wood charcoal","4407'","Wood sawn or chipped lengthwise, sliced or peeled, whether or not planed, sanded or end-jointed, of ","440795'"," -- Of ash (Fraxinus spp.)","8","1","R","0","0","","","","0","0","0","0","0","0"
"2352","","HS 2007","Harmonized System 2007","Gabon","266'","2019","1","44079900'","  "," -- Autres","44'","Wood and articles of wood; wood charcoal","4407'","Wood sawn or chipped lengthwise, sliced or peeled, whether or not planed, sanded or end-jointed, of ","440799'"," -- Other","8","1","R","0","0","","","","0","0","0","0","0","0"
"2353","","HS 2007","Harmonized System 2007","Gabon","266'","2019","1","44081000'","  "," - De conif?res","44'","Wood and articles of wood; wood charcoal","4408'","Sheets for veneering (including those obtained by slicing laminated wood), for plywood or for simila","440810'"," - Coniferous","8","1","R","0","0","","","","0","0","0","0","0","0"
"2354","","HS 2007","Harmonized System 2007","Gabon","266'","2019","1","44083100'","  "," -- Dark Red Meranti, Light Red Meranti et Meranti Bakau","44'","Wood and articles of wood; wood charcoal","4408'","Sheets for veneering (including those obtained by slicing laminated wood), for plywood or for simila","440831'"," -- Dark Red Meranti, Light Red Meranti and Meranti Bakau","8","1","R","0","0","","","","0","0","0","0","0","0"
"2355","","HS 2007","Harmonized System 2007","Gabon","266'","2019","1","44083900'","  "," -- Autres","44'","Wood and articles of wood; wood charcoal","4408'","Sheets for veneering (including those obtained by slicing laminated wood), for plywood or for simila","440839'"," -- Other","8","1","R","0","0","","","","0","0","0","0","0","0"
"2356","","HS 2007","Harmonized System 2007","Gabon","266'","2019","1","44089000'","  "," - Autres","44'","Wood and articles of wood; wood charcoal","4408'","Sheets for veneering (including those obtained by slicing laminated wood), for plywood or for simila","440890'"," - Other","8","1","R","0","0","","","","0","0","0","0","0","0"
"2357","","HS 2007","Harmonized System 2007","Gabon","266'","2019","1","44091000'","  "," - De conif?res","44'","Wood and articles of wood; wood charcoal","4409'","Wood (including strips and friezes for parquet flooring, not assembled) continuously shaped (tongued","440910'"," - Coniferous:","8","1","R","0","0","","","","0","0","0","0","0","0"
"2358","","HS 2007","Harmonized System 2007","Gabon","266'","2019","1","44092100'","  "," -- En bambou","44'","Wood and articles of wood; wood charcoal","4409'","Wood (including strips and friezes for parquet flooring, not assembled) continuously shaped (tongued","440921'"," -- Of bamboo","8","1","R","0","0","","","","0","0","0","0","0","0"
"2359","","HS 2007","Harmonized System 2007","Gabon","266'","2019","1","44092910'","  "," Bois fils autres que de conifres","44'","Wood and articles of wood; wood charcoal","4409'","Wood (including strips and friezes for parquet flooring, not assembled) continuously shaped (tongued","440929'"," -- Other","8","1","R","0","0","","","","0","0","0","0","0","0"
"2360","","HS 2007","Harmonized System 2007","Gabon","266'","2019","1","44092990'","  "," Autres bois profils que de conifres","44'","Wood and articles of wood; wood charcoal","4409'","Wood (including strips and friezes for parquet flooring, not assembled) continuously shaped (tongued","440929'"," -- Other","8","1","R","0","0","","","","0","0","0","0","0","0"
"2361","","HS 2007","Harmonized System 2007","Gabon","266'","2019","1","44101100'","  "," -- Panneaux de particules","44'","Wood and articles of wood; wood charcoal","4410'","Particle board, oriented strand board (OSB) and similar board (for example, waferboard) of wood or o","441011'"," -- Particle board","8","1","R","0","0","","","","0","0","0","0","0","0"
"2362","","HS 2007","Harmonized System 2007","Gabon","266'","2019","1","44101200'","  "," -- Panneaux dits ? oriented strand board ? (OSB)","44'","Wood and articles of wood; wood charcoal","4410'","Particle board, oriented strand board (OSB) and similar board (for example, waferboard) of wood or o","441012'"," -- Oriented strand board (OSB)","8","1","R","0","0","","","","0","0","0","0","0","0"
"2363","","HS 2007","Harmonized System 2007","Gabon","266'","2019","1","44101900'","  "," -- Autres","44'","Wood and articles of wood; wood charcoal","4410'","Particle board, oriented strand board (OSB) and similar board (for example, waferboard) of wood or o","441019'"," -- Other","8","1","R","0","0","","","","0","0","0","0","0","0"
"2364","","HS 2007","Harmonized System 2007","Gabon","266'","2019","1","44109000'","  "," - Autres","44'","Wood and articles of wood; wood charcoal","4410'","Particle board, oriented strand board (OSB) and similar board (for example, waferboard) of wood or o","441090'"," - Other","8","1","R","0","0","","","","0","0","0","0","0","0"
"2365","","HS 2007","Harmonized System 2007","Gabon","266'","2019","1","44111200'","  "," -- D'une ?paisseur n'exc?dant pas 5 mm","44'","Wood and articles of wood; wood charcoal","4411'","Fibreboard of wood or other ligneous materials, whether or not bonded with resins or other organic s","441112'"," -- Of a thickness not exceeding 5 mm","8","1","R","0","0","","","","0","0","0","0","0","0"
"2366","","HS 2007","Harmonized System 2007","Gabon","266'","2019","1","44111300'","  "," -- D'une ?paisseur exc?dant 5 mm mais n'exc?dant pas 9 mm","44'","Wood and articles of wood; wood charcoal","4411'","Fibreboard of wood or other ligneous materials, whether or not bonded with resins or other organic s","441113'"," -- Of a thickness exceeding 5 mm but not exceeding 9 mm","8","1","R","0","0","","","","0","0","0","0","0","0"
"2367","","HS 2007","Harmonized System 2007","Gabon","266'","2019","1","44111400'","  "," -- D'une ?paisseur exc?dant 9 mm","44'","Wood and articles of wood; wood charcoal","4411'","Fibreboard of wood or other ligneous materials, whether or not bonded with resins or other organic s","441114'"," -- Of a thickness exceeding 9 mm","8","1","R","0","0","","","","0","0","0","0","0","0"
"2368","","HS 2007","Harmonized System 2007","Gabon","266'","2019","1","44119200'","  "," -- D'une masse volumique exc?dant 0,8 g/cm?","44'","Wood and articles of wood; wood charcoal","4411'","Fibreboard of wood or other ligneous materials, whether or not bonded with resins or other organic s","441192'"," -- Of a density exceeding 0.8 g/cm?","8","1","R","0","0","","","","0","0","0","0","0","0"
"2369","","HS 2007","Harmonized System 2007","Gabon","266'","2019","1","44119300'","  "," -- D'une masse volumique exc?dant 0,5 g/cm? mais n'exc?dant pas 0,8 g/cm?","44'","Wood and articles of wood; wood charcoal","4411'","Fibreboard of wood or other ligneous materials, whether or not bonded with resins or other organic s","441193'"," -- Of a density exceeding 0.5 g/cm? but not exceeding 0.8?g/cm?","8","1","R","0","0","","","","0","0","0","0","0","0"
"2370","","HS 2007","Harmonized System 2007","Gabon","266'","2019","1","44119400'","  "," -- D'une masse volumique n'exc?dant pas 0,5 g/cm?","44'","Wood and articles of wood; wood charcoal","4411'","Fibreboard of wood or other ligneous materials, whether or not bonded with resins or other organic s","441194'"," -- Of a density not exceeding 0.5 g/cm?","8","1","R","0","0","","","","0","0","0","0","0","0"
"2371","","HS 2007","Harmonized System 2007","Gabon","266'","2019","1","44121000'","  "," - En bambou","44'","Wood and articles of wood; wood charcoal","4412'","Plywood, veneered panels and similar laminated wood.","441210'"," - Of bamboo","8","1","R","0","0","","","","0","0","0","0","0","0"
"2372","","HS 2007","Harmonized System 2007","Gabon","266'","2019","1","44123100'","  "," -- Ayant au moins un pli ext?rieur en bois tropicaux vis?s ? la Note 1 de sous-positions du pr?sent Chapitre","44'","Wood and articles of wood; wood charcoal","4412'","Plywood, veneered panels and similar laminated wood.","441231'"," -- With at least one outer ply of tropical wood specified in Subheading Note 1 to this Chapter","8","1","R","0","0","","","","0","0","0","0","0","0"
"2373","","HS 2007","Harmonized System 2007","Gabon","266'","2019","1","44123200'","  "," -- Autres, ayant au moins un pli ext?rieur en bois autres que de conif?res","44'","Wood and articles of wood; wood charcoal","4412'","Plywood, veneered panels and similar laminated wood.","441232'"," -- Other, with at least one outer ply of non-coniferous wood","8","1","R","0","0","","","","0","0","0","0","0","0"
"2374","","HS 2007","Harmonized System 2007","Gabon","266'","2019","1","44123900'","  "," -- Autres","44'","Wood and articles of wood; wood charcoal","4412'","Plywood, veneered panels and similar laminated wood.","441239'"," -- Other","8","1","R","0","0","","","","0","0","0","0","0","0"
"2375","","HS 2007","Harmonized System 2007","Gabon","266'","2019","1","44129400'","  "," -- A ?me panneaut?e, latt?e ou lamell?e","44'","Wood and articles of wood; wood charcoal","4412'","Plywood, veneered panels and similar laminated wood.","441294'"," -- Blockboard, laminboard and battenboard","8","1","R","0","0","","","","0","0","0","0","0","0"
"2376","","HS 2007","Harmonized System 2007","Gabon","266'","2019","1","44129900'","  "," -- Autres","44'","Wood and articles of wood; wood charcoal","4412'","Plywood, veneered panels and similar laminated wood.","441299'"," -- Other","8","1","R","0","0","","","","0","0","0","0","0","0"
"2377","","HS 2007","Harmonized System 2007","Gabon","266'","2019","1","44130010'","  "," Bois dits densifi?s en blocs, planches, lames ou profil?s d'Okoum?","44'","Wood and articles of wood; wood charcoal","4413'","Densified wood, in blocks, plates, strips or profile shapes.","441300'"," Densified wood, in blocks, plates, strips or profile shapes.","8","1","R","0","0","","","","0","0","0","0","0","0"
"2378","","HS 2007","Harmonized System 2007","Gabon","266'","2019","1","44130020'","  "," Bois dits densifi?s en blocs, planches, lames ou profil?s de Limba","44'","Wood and articles of wood; wood charcoal","4413'","Densified wood, in blocks, plates, strips or profile shapes.","441300'"," Densified wood, in blocks, plates, strips or profile shapes.","8","1","R","0","0","","","","0","0","0","0","0","0"
"2379","","HS 2007","Harmonized System 2007","Gabon","266'","2019","1","44130090'","  "," Bois dits densifi?s autres que ceux du 44130010 et 44130020","44'","Wood and articles of wood; wood charcoal","4413'","Densified wood, in blocks, plates, strips or profile shapes.","441300'"," Densified wood, in blocks, plates, strips or profile shapes.","8","1","R","0","0","","","","0","0","0","0","0","0"
"2380","","HS 2007","Harmonized System 2007","Gabon","266'","2019","1","44140000'","  "," Cadres en bois pour tableaux, photographies, miroirs ou objets similaires.","44'","Wood and articles of wood; wood charcoal","4414'","Wooden frames for paintings, photographs, mirrors or similar objects.","441400'"," Wooden frames for paintings, photographs, mirrors or similar objects.","8","1","R","0","0","","","","0","0","0","0","0","0"
"2381","","HS 2007","Harmonized System 2007","Gabon","266'","2019","1","44151000'","  "," - Caisses, caissettes, cageots, cylindres et emballages similaires; tambours (tourets) pour c?bles","44'","Wood and articles of wood; wood charcoal","4415'","Packing cases, boxes, crates, drums and similar packings, of wood; cable-drums of wood; pallets, box","441510'"," - Cases, boxes, crates, drums and similar packings; cable-drums","8","1","R","0","0","","","","0","0","0","0","0","0"
"2382","","HS 2007","Harmonized System 2007","Gabon","266'","2019","1","44152000'","  "," - Palettes simples, palettes-caisses et autres plateaux de chargement; rehausses de palettes","44'","Wood and articles of wood; wood charcoal","4415'","Packing cases, boxes, crates, drums and similar packings, of wood; cable-drums of wood; pallets, box","441520'"," - Pallets, box pallets and other load boards; pallet collars","8","1","R","0","0","","","","0","0","0","0","0","0"
"2383","","HS 2007","Harmonized System 2007","Gabon","266'","2019","1","44160000'","  "," Futailles, cuves, baquets et autres ouvrages de tonnellerie et leurs parties, en bois, y compris les merrains.","44'","Wood and articles of wood; wood charcoal","4416'","Casks, barrels, vats, tubs and other coopers' products and parts thereof, of wood, including staves.","441600'"," Casks, barrels, vats, tubs and other coopers' products and parts thereof, of wood, including staves.","8","1","R","0","0","","","","0","0","0","0","0","0"
"2384","","HS 2007","Harmonized System 2007","Gabon","266'","2019","1","44170000'","  "," Outils, montures et manches d'outils, montures de brosses, manches de balais ou de brosses, en bois; formes, embauchoirs et tendeurs pour chaussures, en bois.","44'","Wood and articles of wood; wood charcoal","4417'","Tools, tool bodies, tool handles, broom or brush bodies and handles, of wood; boot or shoe lasts and","441700'"," Tools, tool bodies, tool handles, broom or brush bodies and handles, of wood; boot or shoe lasts and","8","1","R","0","0","","","","0","0","0","0","0","0"
"2385","","HS 2007","Harmonized System 2007","Gabon","266'","2019","1","44181000'","  "," - Fen?tres, portes-fen?tres et leurs cadres et chambranles","44'","Wood and articles of wood; wood charcoal","4418'","Builders' joinery and carpentry of wood, including cellular wood panels, assembled flooring panels, ","441810'"," - Windows, French-windows and their frames","8","1","R","0","0","","","","0","0","0","0","0","0"
"2386","","HS 2007","Harmonized System 2007","Gabon","266'","2019","1","44182000'","  "," - Portes et leurs cadres, chambranles et seuils","44'","Wood and articles of wood; wood charcoal","4418'","Builders' joinery and carpentry of wood, including cellular wood panels, assembled flooring panels, ","441820'"," - Doors and their frames and thresholds","8","1","R","0","0","","","","0","0","0","0","0","0"
"2387","","HS 2007","Harmonized System 2007","Gabon","266'","2019","1","44184000'","  "," - Coffrages pour le b?tonnage","44'","Wood and articles of wood; wood charcoal","4418'","Builders' joinery and carpentry of wood, including cellular wood panels, assembled flooring panels, ","441840'"," - Shuttering for concrete constructional work","8","1","R","0","0","","","","0","0","0","0","0","0"
"2388","","HS 2007","Harmonized System 2007","Gabon","266'","2019","1","44185000'","  "," - Bardeaux (? shingles ? et ? shakes ?)","44'","Wood and articles of wood; wood charcoal","4418'","Builders' joinery and carpentry of wood, including cellular wood panels, assembled flooring panels, ","441850'"," - Shingles and shakes","8","1","R","0","0","","","","0","0","0","0","0","0"
"2389","","HS 2007","Harmonized System 2007","Gabon","266'","2019","1","44186000'","  "," - Poteaux et poutres","44'","Wood and articles of wood; wood charcoal","4418'","Builders' joinery and carpentry of wood, including cellular wood panels, assembled flooring panels, ","441860'"," - Posts and beams","8","1","R","0","0","","","","0","0","0","0","0","0"
"2390","","HS 2007","Harmonized System 2007","Gabon","266'","2019","1","44187100'","  "," -- Pour sols mosa?ques","44'","Wood and articles of wood; wood charcoal","4418'","Builders' joinery and carpentry of wood, including cellular wood panels, assembled flooring panels, ","441871'"," -- For mosaic floors","8","1","R","0","0","","","","0","0","0","0","0","0"
"2391","","HS 2007","Harmonized System 2007","Gabon","266'","2019","1","44187200'","  "," -- Autres, multicouches","44'","Wood and articles of wood; wood charcoal","4418'","Builders' joinery and carpentry of wood, including cellular wood panels, assembled flooring panels, ","441872'"," -- Other, multilayer","8","1","R","0","0","","","","0","0","0","0","0","0"
"2392","","HS 2007","Harmonized System 2007","Gabon","266'","2019","1","44187900'","  "," -- Autres","44'","Wood and articles of wood; wood charcoal","4418'","Builders' joinery and carpentry of wood, including cellular wood panels, assembled flooring panels, ","441879'"," -- Other","8","1","R","0","0","","","","0","0","0","0","0","0"
"2393","","HS 2007","Harmonized System 2007","Gabon","266'","2019","1","44189000'","  "," - Autres","44'","Wood and articles of wood; wood charcoal","4418'","Builders' joinery and carpentry of wood, including cellular wood panels, assembled flooring panels, ","441890'"," - Other","8","1","R","0","0","","","","0","0","0","0","0","0"
"2394","","HS 2007","Harmonized System 2007","Gabon","266'","2019","1","44190000'","  "," Articles en bois pour la table ou la cuisine.","44'","Wood and articles of wood; wood charcoal","4419'","Tableware and kitchenware, of wood.","441900'"," Tableware and kitchenware, of wood.","8","1","R","0","0","","","","0","0","0","0","0","0"
"2395","","HS 2007","Harmonized System 2007","Gabon","266'","2019","1","44201000'","  "," - Statuettes et autres objets d'ornement, en bois","44'","Wood and articles of wood; wood charcoal","4420'","Wood marquetry and inlaid wood; caskets and cases for jewellery or cutlery, and similar articles, of","442010'"," - Statuettes and other ornaments, of wood","8","1","R","0","0","","","","0","0","0","0","0","0"
"2396","","HS 2007","Harmonized System 2007","Gabon","266'","2019","1","44209000'","  "," - Autres","44'","Wood and articles of wood; wood charcoal","4420'","Wood marquetry and inlaid wood; caskets and cases for jewellery or cutlery, and similar articles, of","442090'"," - Other","8","1","R","0","0","","","","0","0","0","0","0","0"
"2397","","HS 2007","Harmonized System 2007","Gabon","266'","2019","1","44211000'","  "," - Cintres pour v?tements","44'","Wood and articles of wood; wood charcoal","4421'","Other articles of wood.","442110'"," - Clothes hangers","8","1","R","0","0","","","","0","0","0","0","0","0"
"2398","","HS 2007","Harmonized System 2007","Gabon","266'","2019","1","44219010'","  "," canettes,busettes et articles similaires enbois tourn?","44'","Wood and articles of wood; wood charcoal","4421'","Other articles of wood.","442190'"," - Other","8","1","R","0","0","","","","0","0","0","0","0","0"
"2399","","HS 2007","Harmonized System 2007","Gabon","266'","2019","1","44219020'","  "," lattis arm?s et treillages pour clotures","44'","Wood and articles of wood; wood charcoal","4421'","Other articles of wood.","442190'"," - Other","8","1","R","0","0","","","","0","0","0","0","0","0"
"2400","","HS 2007","Harmonized System 2007","Gabon","266'","2019","1","44219030'","  "," articles en bois pour l'industrie","44'","Wood and articles of wood; wood charcoal","4421'","Other articles of wood.","442190'"," - Other","8","1","R","0","0","","","","0","0","0","0","0","0"
"2401","","HS 2007","Harmonized System 2007","Gabon","266'","2019","1","44219040'","  "," rames,pagaies et avirons","44'","Wood and articles of wood; wood charcoal","4421'","Other articles of wood.","442190'"," - Other","8","1","R","0","0","","","","0","0","0","0","0","0"
"2402","","HS 2007","Harmonized System 2007","Gabon","266'","2019","1","44219050'","  "," pav?s en bois","44'","Wood and articles of wood; wood charcoal","4421'","Other articles of wood.","442190'"," - Other","8","1","R","0","0","","","","0","0","0","0","0","0"
"2403","","HS 2007","Harmonized System 2007","Gabon","266'","2019","1","44219060'","  "," bois pr?par?s pour allumettes;chevilles en bois pour chaussures","44'","Wood and articles of wood; wood charcoal","4421'","Other articles of wood.","442190'"," - Other","8","1","R","0","0","","","","0","0","0","0","0","0"
"2404","","HS 2007","Harmonized System 2007","Gabon","266'","2019","1","44219090'","  "," ouvrages en bois autres que ceux du 44219010 ? 44219060","44'","Wood and articles of wood; wood charcoal","4421'","Other articles of wood.","442190'"," - Other","8","1","R","0","0","","","","0","0","0","0","0","0"
"2405","","HS 2007","Harmonized System 2007","Gabon","266'","2019","1","45011000'","  "," - Li?ge naturel brut ou simplement pr?par?","45'","Cork and articles of cork","4501'","Natural cork, raw or simply prepared; waste cork; crushed, granulated or ground cork.","450110'"," - Natural cork, raw or simply prepared","8","1","R","0","0","","","","0","0","0","0","0","0"
"2406","","HS 2007","Harmonized System 2007","Gabon","266'","2019","1","45019000'","  "," - Autres","45'","Cork and articles of cork","4501'","Natural cork, raw or simply prepared; waste cork; crushed, granulated or ground cork.","450190'"," - Other","8","1","R","0","0","","","","0","0","0","0","0","0"
"2407","","HS 2007","Harmonized System 2007","Gabon","266'","2019","1","45020000'","  "," Li?ge naturel, ?cro?t? ou simplement ?quarri, ou en cubes, plaques, feuilles ou bandes de forme carr?e ou rectangulaire (y compris les ?bauches ? ar?tes vives pour bouchons).","45'","Cork and articles of cork","4502'","Natural cork, debacked or roughly squared, or in rectangular (including square) blocks, plates, shee","450200'"," Natural cork, debacked or roughly squared, or in rectangular (including square) blocks, plates, shee","8","1","R","0","0","","","","0","0","0","0","0","0"
"2408","","HS 2007","Harmonized System 2007","Gabon","266'","2019","1","45031000'","  "," - Bouchons","45'","Cork and articles of cork","4503'","Articles of natural cork.","450310'"," - Corks and stoppers","8","1","R","0","0","","","","0","0","0","0","0","0"
"2409","","HS 2007","Harmonized System 2007","Gabon","266'","2019","1","45039000'","  "," - Autres","45'","Cork and articles of cork","4503'","Articles of natural cork.","450390'"," - Other","8","1","R","0","0","","","","0","0","0","0","0","0"
"2410","","HS 2007","Harmonized System 2007","Gabon","266'","2019","1","45041000'","  "," - Cubes, briques, plaques, feuilles et bandes; carreaux de toute forme; cylindres pleins, y compris les disques","45'","Cork and articles of cork","4504'","Agglomerated cork (with or without a binding substance) and articles of agglomerated cork.","450410'"," - Blocks, plates, sheets and strip; tiles of any shape; solid cylinders, including discs","8","1","R","0","0","","","","0","0","0","0","0","0"
"2411","","HS 2007","Harmonized System 2007","Gabon","266'","2019","1","45049000'","  "," - Autres","45'","Cork and articles of cork","4504'","Agglomerated cork (with or without a binding substance) and articles of agglomerated cork.","450490'"," - Other","8","1","R","0","0","","","","0","0","0","0","0","0"
"2412","","HS 2007","Harmonized System 2007","Gabon","266'","2019","1","46012100'","  "," -- En bambou","46'","Manufactures of straw, of esparto or of other plaiting materials; basketware and wickerwork","4601'","Plaits and similar products of plaiting materials, whether or not assembled into strips; plaiting ma","460121'"," -- Of bamboo","8","1","R","0","0","","","","0","0","0","0","0","0"
"2413","","HS 2007","Harmonized System 2007","Gabon","266'","2019","1","46012200'","  "," -- En rotin","46'","Manufactures of straw, of esparto or of other plaiting materials; basketware and wickerwork","4601'","Plaits and similar products of plaiting materials, whether or not assembled into strips; plaiting ma","460122'"," -- Of rattan","8","1","R","0","0","","","","0","0","0","0","0","0"
"2414","","HS 2007","Harmonized System 2007","Gabon","266'","2019","1","46012900'","  "," -- Autres","46'","Manufactures of straw, of esparto or of other plaiting materials; basketware and wickerwork","4601'","Plaits and similar products of plaiting materials, whether or not assembled into strips; plaiting ma","460129'"," -- Other","8","1","R","0","0","","","","0","0","0","0","0","0"
"2415","","HS 2007","Harmonized System 2007","Gabon","266'","2019","1","46019200'","  "," -- En bambou","46'","Manufactures of straw, of esparto or of other plaiting materials; basketware and wickerwork","4601'","Plaits and similar products of plaiting materials, whether or not assembled into strips; plaiting ma","460192'"," -- Of bamboo","8","1","R","0","0","","","","0","0","0","0","0","0"
"2416","","HS 2007","Harmonized System 2007","Gabon","266'","2019","1","46019300'","  "," -- En rotin","46'","Manufactures of straw, of esparto or of other plaiting materials; basketware and wickerwork","4601'","Plaits and similar products of plaiting materials, whether or not assembled into strips; plaiting ma","460193'"," -- Of rattan","8","1","R","0","0","","","","0","0","0","0","0","0"
"2417","","HS 2007","Harmonized System 2007","Gabon","266'","2019","1","46019400'","  "," -- En autres mati?res v?g?tales","46'","Manufactures of straw, of esparto or of other plaiting materials; basketware and wickerwork","4601'","Plaits and similar products of plaiting materials, whether or not assembled into strips; plaiting ma","460194'"," -- Of other vegetable materials","8","1","R","0","0","","","","0","0","0","0","0","0"
"2418","","HS 2007","Harmonized System 2007","Gabon","266'","2019","1","46019900'","  "," -- Autres","46'","Manufactures of straw, of esparto or of other plaiting materials; basketware and wickerwork","4601'","Plaits and similar products of plaiting materials, whether or not assembled into strips; plaiting ma","460199'"," -- Other","8","1","R","0","0","","","","0","0","0","0","0","0"
"2419","","HS 2007","Harmonized System 2007","Gabon","266'","2019","1","46021100'","  "," -- En bambou","46'","Manufactures of straw, of esparto or of other plaiting materials; basketware and wickerwork","4602'","Basketwork, wickerwork and other articles, made directly to shape from plaiting materials or made up","460211'"," -- Of bamboo","8","1","R","0","0","","","","0","0","0","0","0","0"
"2420","","HS 2007","Harmonized System 2007","Gabon","266'","2019","1","46021200'","  "," -- En rotin","46'","Manufactures of straw, of esparto or of other plaiting materials; basketware and wickerwork","4602'","Basketwork, wickerwork and other articles, made directly to shape from plaiting materials or made up","460212'"," -- Of rattan","8","1","R","0","0","","","","0","0","0","0","0","0"
"2421","","HS 2007","Harmonized System 2007","Gabon","266'","2019","1","46021900'","  "," -- Autres","46'","Manufactures of straw, of esparto or of other plaiting materials; basketware and wickerwork","4602'","Basketwork, wickerwork and other articles, made directly to shape from plaiting materials or made up","460219'"," -- Other","8","1","R","0","0","","","","0","0","0","0","0","0"
"2422","","HS 2007","Harmonized System 2007","Gabon","266'","2019","1","46029000'","  "," - Autres","46'","Manufactures of straw, of esparto or of other plaiting materials; basketware and wickerwork","4602'","Basketwork, wickerwork and other articles, made directly to shape from plaiting materials or made up","460290'"," - Other","8","1","R","0","0","","","","0","0","0","0","0","0"
"2423","","HS 2007","Harmonized System 2007","Gabon","266'","2019","1","47010000'","  "," P?tes m?caniques de bois.","47'","Pulp of wood or of other fibrous cellulosic material; recovered (waste and scrap) paper and paperboa","4701'","Mechanical wood pulp.","470100'"," Mechanical wood pulp.","8","1","R","0","0","","","","0","0","0","0","0","0"
"2424","","HS 2007","Harmonized System 2007","Gabon","266'","2019","1","47020000'","  "," P?tes chimiques de bois, ? dissoudre.","47'","Pulp of wood or of other fibrous cellulosic material; recovered (waste and scrap) paper and paperboa","4702'","Chemical wood pulp, dissolving grades.","470200'"," Chemical wood pulp, dissolving grades.","8","1","R","0","0","","","","0","0","0","0","0","0"
"2425","","HS 2007","Harmonized System 2007","Gabon","266'","2019","1","47031100'","  "," -- De conif?res","47'","Pulp of wood or of other fibrous cellulosic material; recovered (waste and scrap) paper and paperboa","4703'","Chemical wood pulp, soda or sulphate, other than dissolving grades.","470311'"," -- Coniferous","8","1","R","0","0","","","","0","0","0","0","0","0"
"2426","","HS 2007","Harmonized System 2007","Gabon","266'","2019","1","47031900'","  "," -- Autres que de conif?res","47'","Pulp of wood or of other fibrous cellulosic material; recovered (waste and scrap) paper and paperboa","4703'","Chemical wood pulp, soda or sulphate, other than dissolving grades.","470319'"," -- Non-coniferous","8","1","R","0","0","","","","0","0","0","0","0","0"
"2427","","HS 2007","Harmonized System 2007","Gabon","266'","2019","1","47032100'","  "," -- De conif?res","47'","Pulp of wood or of other fibrous cellulosic material; recovered (waste and scrap) paper and paperboa","4703'","Chemical wood pulp, soda or sulphate, other than dissolving grades.","470321'"," -- Coniferous","8","1","R","0","0","","","","0","0","0","0","0","0"
"2428","","HS 2007","Harmonized System 2007","Gabon","266'","2019","1","47032900'","  "," -- Autres que de conif?res","47'","Pulp of wood or of other fibrous cellulosic material; recovered (waste and scrap) paper and paperboa","4703'","Chemical wood pulp, soda or sulphate, other than dissolving grades.","470329'"," -- Non-coniferous","8","1","R","0","0","","","","0","0","0","0","0","0"
"2429","","HS 2007","Harmonized System 2007","Gabon","266'","2019","1","47041100'","  "," -- De conif?res","47'","Pulp of wood or of other fibrous cellulosic material; recovered (waste and scrap) paper and paperboa","4704'","Chemical wood pulp, sulphite, other than dissolving grades.","470411'"," -- Coniferous","8","1","R","0","0","","","","0","0","0","0","0","0"
"2430","","HS 2007","Harmonized System 2007","Gabon","266'","2019","1","47041900'","  "," -- Autres que de conif?res","47'","Pulp of wood or of other fibrous cellulosic material; recovered (waste and scrap) paper and paperboa","4704'","Chemical wood pulp, sulphite, other than dissolving grades.","470419'"," -- Non-coniferous","8","1","R","0","0","","","","0","0","0","0","0","0"
"2431","","HS 2007","Harmonized System 2007","Gabon","266'","2019","1","47042100'","  "," -- De conif?res","47'","Pulp of wood or of other fibrous cellulosic material; recovered (waste and scrap) paper and paperboa","4704'","Chemical wood pulp, sulphite, other than dissolving grades.","470421'"," -- Coniferous","8","1","R","0","0","","","","0","0","0","0","0","0"
"2432","","HS 2007","Harmonized System 2007","Gabon","266'","2019","1","47042900'","  "," -- Autres que de conif?res","47'","Pulp of wood or of other fibrous cellulosic material; recovered (waste and scrap) paper and paperboa","4704'","Chemical wood pulp, sulphite, other than dissolving grades.","470429'"," -- Non-coniferous","8","1","R","0","0","","","","0","0","0","0","0","0"
"2433","","HS 2007","Harmonized System 2007","Gabon","266'","2019","1","47050000'","  "," P?tes de bois obtenues par la combinaison d'un traitement m?canique et d'un traitement chimique.","47'","Pulp of wood or of other fibrous cellulosic material; recovered (waste and scrap) paper and paperboa","4705'","Wood pulp obtained by a combination of mechanical and chemical pulping processes.","470500'"," Wood pulp obtained by a combination of mechanical and chemical pulping processes.","8","1","R","0","0","","","","0","0","0","0","0","0"
"2434","","HS 2007","Harmonized System 2007","Gabon","266'","2019","1","47061000'","  "," - P?tes de linters de coton","47'","Pulp of wood or of other fibrous cellulosic material; recovered (waste and scrap) paper and paperboa","4706'","Pulps of fibres derived from recovered (waste and scrap) paper or paperboard or of other fibrous cel","470610'"," - Cotton linters pulp","8","1","R","0","0","","","","0","0","0","0","0","0"
"2435","","HS 2007","Harmonized System 2007","Gabon","266'","2019","1","47062000'","  "," - P?tes de fibres obtenues ? partir de papier ou de carton recycl?s (d?chets et rebuts)","47'","Pulp of wood or of other fibrous cellulosic material; recovered (waste and scrap) paper and paperboa","4706'","Pulps of fibres derived from recovered (waste and scrap) paper or paperboard or of other fibrous cel","470620'"," - Pulps of fibres derived from recovered (waste and scrap) paper or paperboard","8","1","R","0","0","","","","0","0","0","0","0","0"
"2436","","HS 2007","Harmonized System 2007","Gabon","266'","2019","1","47063000'","  "," - Autres, de bambou","47'","Pulp of wood or of other fibrous cellulosic material; recovered (waste and scrap) paper and paperboa","4706'","Pulps of fibres derived from recovered (waste and scrap) paper or paperboard or of other fibrous cel","470630'"," - Other, of bamboo","8","1","R","0","0","","","","0","0","0","0","0","0"
"2437","","HS 2007","Harmonized System 2007","Gabon","266'","2019","1","47069100'","  "," -- M?caniques","47'","Pulp of wood or of other fibrous cellulosic material; recovered (waste and scrap) paper and paperboa","4706'","Pulps of fibres derived from recovered (waste and scrap) paper or paperboard or of other fibrous cel","470691'"," -- Mechanical","8","1","R","0","0","","","","0","0","0","0","0","0"
"2438","","HS 2007","Harmonized System 2007","Gabon","266'","2019","1","47069200'","  "," -- Chimiques","47'","Pulp of wood or of other fibrous cellulosic material; recovered (waste and scrap) paper and paperboa","4706'","Pulps of fibres derived from recovered (waste and scrap) paper or paperboard or of other fibrous cel","470692'"," -- Chemical","8","1","R","0","0","","","","0","0","0","0","0","0"
"2439","","HS 2007","Harmonized System 2007","Gabon","266'","2019","1","47069300'","  "," -- Mi-chimiques","47'","Pulp of wood or of other fibrous cellulosic material; recovered (waste and scrap) paper and paperboa","4706'","Pulps of fibres derived from recovered (waste and scrap) paper or paperboard or of other fibrous cel","470693'"," -- Semi-chemical","8","1","R","0","0","","","","0","0","0","0","0","0"
"2440","","HS 2007","Harmonized System 2007","Gabon","266'","2019","1","47071000'","  "," - Papiers ou cartons Kraft ?crus ou papiers ou cartons ondul?s","47'","Pulp of wood or of other fibrous cellulosic material; recovered (waste and scrap) paper and paperboa","4707'","Recovered (waste and scrap) paper or paperboard.","470710'"," - Unbleached kraft paper or paperboard or corrugated paper or paperboard","8","1","R","0","0","","","","0","0","0","0","0","0"
"2441","","HS 2007","Harmonized System 2007","Gabon","266'","2019","1","47072000'","  "," - Autres papiers ou cartons obtenus principalement ? partir de p?te chimique blanchie, non color?s dans la masse","47'","Pulp of wood or of other fibrous cellulosic material; recovered (waste and scrap) paper and paperboa","4707'","Recovered (waste and scrap) paper or paperboard.","470720'"," - Other paper or paperboard made mainly of bleached chemical pulp, not coloured in the mass","8","1","R","0","0","","","","0","0","0","0","0","0"
"2442","","HS 2007","Harmonized System 2007","Gabon","266'","2019","1","47073000'","  "," - Papiers ou cartons obtenus principalement ? partir de p?te m?canique (journaux, p?riodiques et imprim?s similaires, par exemple)","47'","Pulp of wood or of other fibrous cellulosic material; recovered (waste and scrap) paper and paperboa","4707'","Recovered (waste and scrap) paper or paperboard.","470730'"," - Paper or paperboard made mainly of mechanical pulp (for example, newspapers, journals and similar ","8","1","R","0","0","","","","0","0","0","0","0","0"
"2443","","HS 2007","Harmonized System 2007","Gabon","266'","2019","1","47079000'","  "," - Autres, y compris les d?chets et rebuts non tri?s","47'","Pulp of wood or of other fibrous cellulosic material; recovered (waste and scrap) paper and paperboa","4707'","Recovered (waste and scrap) paper or paperboard.","470790'"," - Other, including unsorted waste and scrap","8","1","R","0","0","","","","0","0","0","0","0","0"
"2444","","HS 2007","Harmonized System 2007","Gabon","266'","2019","1","48010000'","  "," Papier journal, en rouleaux ou en feuilles.","48'","Paper and paperboard; articles of paper pulp, of paper or of paperboard","4801'","Newsprint, in rolls or sheets.","480100'"," Newsprint, in rolls or sheets.","8","1","R","0","0","","","","0","0","0","0","0","0"
"2445","","HS 2007","Harmonized System 2007","Gabon","266'","2019","1","48021000'","  "," - Papiers et cartons form?s feuille ? feuille (papiers ? la main)","48'","Paper and paperboard; articles of paper pulp, of paper or of paperboard","4802'","Uncoated paper and paperboard, of a kind used for writing, printing or other graphic purposes, and n","480210'"," - Hand-made paper and paperboard","8","1","R","0","0","","","","0","0","0","0","0","0"
"2446","","HS 2007","Harmonized System 2007","Gabon","266'","2019","1","48022000'","  "," - Papiers et cartons supports pour papiers ou cartons photosensibles, sensibles ? la chaleur ou ?lectrosensibles","48'","Paper and paperboard; articles of paper pulp, of paper or of paperboard","4802'","Uncoated paper and paperboard, of a kind used for writing, printing or other graphic purposes, and n","480220'"," - Paper and paperboard of a kind used as a base for photo-sensitive, heat-sensitive or electro-sensi","8","1","R","0","0","","","","0","0","0","0","0","0"
"2447","","HS 2007","Harmonized System 2007","Gabon","266'","2019","1","48024000'","  "," - Papiers supports pour papiers peints","48'","Paper and paperboard; articles of paper pulp, of paper or of paperboard","4802'","Uncoated paper and paperboard, of a kind used for writing, printing or other graphic purposes, and n","480240'"," - Wallpaper base","8","1","R","0","0","","","","0","0","0","0","0","0"
"2448","","HS 2007","Harmonized System 2007","Gabon","266'","2019","1","48025400'","  "," -- D'un poids au m? inf?rieur ? 40 g","48'","Paper and paperboard; articles of paper pulp, of paper or of paperboard","4802'","Uncoated paper and paperboard, of a kind used for writing, printing or other graphic purposes, and n","480254'"," -- Weighing less than 40 g/m?","8","1","R","0","0","","","","0","0","0","0","0","0"
"2449","","HS 2007","Harmonized System 2007","Gabon","266'","2019","1","48025500'","  "," -- D'un poids au m? de 40 g ou plus mais n'exc?dant pas 150?g, en rouleaux","48'","Paper and paperboard; articles of paper pulp, of paper or of paperboard","4802'","Uncoated paper and paperboard, of a kind used for writing, printing or other graphic purposes, and n","480255'"," -- Weighing 40 g/m? or more but not more than 150 g/m?, in rolls","8","1","R","0","0","","","","0","0","0","0","0","0"
"2450","","HS 2007","Harmonized System 2007","Gabon","266'","2019","1","48025600'","  "," -- D'un poids au m? de 40 g ou plus mais n'exc?dant pas 150?g, en feuilles dont un c?t? n?exc?de pas 435 mm et l?autre n?exc?de pas 297 mm ? l??tat non pli?","48'","Paper and paperboard; articles of paper pulp, of paper or of paperboard","4802'","Uncoated paper and paperboard, of a kind used for writing, printing or other graphic purposes, and n","480256'"," -- Weighing 40 g/m? or more but not more than 150 g/m?, in sheets with one side not exceeding 435 mm","8","1","R","0","0","","","","0","0","0","0","0","0"
"2451","","HS 2007","Harmonized System 2007","Gabon","266'","2019","1","48025700'","  "," -- Autres, d'un poids au m? de 40 g ou plus mais n'exc?dant pas 150?g","48'","Paper and paperboard; articles of paper pulp, of paper or of paperboard","4802'","Uncoated paper and paperboard, of a kind used for writing, printing or other graphic purposes, and n","480257'"," -- Other, weighing 40 g/m? or more but not more than 150?g/m?","8","1","R","0","0","","","","0","0","0","0","0","0"
"2452","","HS 2007","Harmonized System 2007","Gabon","266'","2019","1","48025800'","  "," -- D'un poids au m? exc?dant 150 g","48'","Paper and paperboard; articles of paper pulp, of paper or of paperboard","4802'","Uncoated paper and paperboard, of a kind used for writing, printing or other graphic purposes, and n","480258'"," -- Weighing more than 150 g/m?","8","1","R","0","0","","","","0","0","0","0","0","0"
"2453","","HS 2007","Harmonized System 2007","Gabon","266'","2019","1","48026100'","  "," -- En rouleaux","48'","Paper and paperboard; articles of paper pulp, of paper or of paperboard","4802'","Uncoated paper and paperboard, of a kind used for writing, printing or other graphic purposes, and n","480261'"," -- In rolls","8","1","R","0","0","","","","0","0","0","0","0","0"
"2454","","HS 2007","Harmonized System 2007","Gabon","266'","2019","1","48026200'","  "," -- En feuilles dont un c?t? n'exc?de pas 435 mm et l'autre n'exc?de pas 297 mm ? l'?tat non pli?","48'","Paper and paperboard; articles of paper pulp, of paper or of paperboard","4802'","Uncoated paper and paperboard, of a kind used for writing, printing or other graphic purposes, and n","480262'"," -- In sheets with one side not exceeding 435 mm and the other side not exceeding 297 mm in the unfol","8","1","R","0","0","","","","0","0","0","0","0","0"
"2455","","HS 2007","Harmonized System 2007","Gabon","266'","2019","1","48026990'","  "," Autres","48'","Paper and paperboard; articles of paper pulp, of paper or of paperboard","4802'","Uncoated paper and paperboard, of a kind used for writing, printing or other graphic purposes, and n","480269'"," -- Other","8","1","R","0","0","","","","0","0","0","0","0","0"
"2456","","HS 2007","Harmonized System 2007","Gabon","266'","2019","1","48030000'","  "," Papiers des types utilis?s pour papiers de toilette, pour serviettes ? d?maquiller, pour essuie-mains, pour serviettes ou pour papiers similaires ? usages domestiques, d'hygi?ne ou de toilette, ouate de cellulose et nappes de fibres de cellulose","48'","Paper and paperboard; articles of paper pulp, of paper or of paperboard","4803'","Toilet or facial tissue stock, towel or napkin stock and similar paper of a kind used for household ","480300'"," Toilet or facial tissue stock, towel or napkin stock and similar paper of a kind used for household ","8","1","R","0","0","","","","0","0","0","0","0","0"
"2457","","HS 2007","Harmonized System 2007","Gabon","266'","2019","1","48041100'","  "," -- Ecrus","48'","Paper and paperboard; articles of paper pulp, of paper or of paperboard","4804'","Uncoated kraft paper and paperboard, in rolls or sheets, other than that of heading 48.02 or 48.03.","480411'"," -- Unbleached","8","1","R","0","0","","","","0","0","0","0","0","0"
"2458","","HS 2007","Harmonized System 2007","Gabon","266'","2019","1","48041900'","  "," -- Autres","48'","Paper and paperboard; articles of paper pulp, of paper or of paperboard","4804'","Uncoated kraft paper and paperboard, in rolls or sheets, other than that of heading 48.02 or 48.03.","480419'"," -- Other","8","1","R","0","0","","","","0","0","0","0","0","0"
"2459","","HS 2007","Harmonized System 2007","Gabon","266'","2019","1","48042100'","  "," -- Ecrus","48'","Paper and paperboard; articles of paper pulp, of paper or of paperboard","4804'","Uncoated kraft paper and paperboard, in rolls or sheets, other than that of heading 48.02 or 48.03.","480421'"," -- Unbleached","8","1","R","0","0","","","","0","0","0","0","0","0"
"2460","","HS 2007","Harmonized System 2007","Gabon","266'","2019","1","48042900'","  "," -- Autres","48'","Paper and paperboard; articles of paper pulp, of paper or of paperboard","4804'","Uncoated kraft paper and paperboard, in rolls or sheets, other than that of heading 48.02 or 48.03.","480429'"," -- Other","8","1","R","0","0","","","","0","0","0","0","0","0"
"2461","","HS 2007","Harmonized System 2007","Gabon","266'","2019","1","48043100'","  "," -- Ecrus","48'","Paper and paperboard; articles of paper pulp, of paper or of paperboard","4804'","Uncoated kraft paper and paperboard, in rolls or sheets, other than that of heading 48.02 or 48.03.","480431'"," -- Unbleached","8","1","R","0","0","","","","0","0","0","0","0","0"
"2462","","HS 2007","Harmonized System 2007","Gabon","266'","2019","1","48043900'","  "," -- Autres","48'","Paper and paperboard; articles of paper pulp, of paper or of paperboard","4804'","Uncoated kraft paper and paperboard, in rolls or sheets, other than that of heading 48.02 or 48.03.","480439'"," -- Other","8","1","R","0","0","","","","0","0","0","0","0","0"
"2463","","HS 2007","Harmonized System 2007","Gabon","266'","2019","1","48044100'","  "," -- Ecrus","48'","Paper and paperboard; articles of paper pulp, of paper or of paperboard","4804'","Uncoated kraft paper and paperboard, in rolls or sheets, other than that of heading 48.02 or 48.03.","480441'"," -- Unbleached","8","1","R","0","0","","","","0","0","0","0","0","0"
"2464","","HS 2007","Harmonized System 2007","Gabon","266'","2019","1","48044200'","  "," -- Blanchis uniform?ment dans la masse et dont plus de 95 % en poids de la composition fibreuse totale sont constitu?s par des fibres de bois obtenues par un proc?d? chimique","48'","Paper and paperboard; articles of paper pulp, of paper or of paperboard","4804'","Uncoated kraft paper and paperboard, in rolls or sheets, other than that of heading 48.02 or 48.03.","480442'"," -- Bleached uniformly throughout the mass and of which more than 95% by weight of the total fibre co","8","1","R","0","0","","","","0","0","0","0","0","0"
"2465","","HS 2007","Harmonized System 2007","Gabon","266'","2019","1","48044900'","  "," -- Autres","48'","Paper and paperboard; articles of paper pulp, of paper or of paperboard","4804'","Uncoated kraft paper and paperboard, in rolls or sheets, other than that of heading 48.02 or 48.03.","480449'"," -- Other","8","1","R","0","0","","","","0","0","0","0","0","0"
"2466","","HS 2007","Harmonized System 2007","Gabon","266'","2019","1","48045100'","  "," -- Ecrus","48'","Paper and paperboard; articles of paper pulp, of paper or of paperboard","4804'","Uncoated kraft paper and paperboard, in rolls or sheets, other than that of heading 48.02 or 48.03.","480451'"," -- Unbleached","8","1","R","0","0","","","","0","0","0","0","0","0"
"2467","","HS 2007","Harmonized System 2007","Gabon","266'","2019","1","48045200'","  "," -- Blanchis uniform?ment dans la masse et dont plus de 95 % en poids de la composition fibreuse totale sont constitu?s par des fibres de bois obtenues par un proc?d? chimique","48'","Paper and paperboard; articles of paper pulp, of paper or of paperboard","4804'","Uncoated kraft paper and paperboard, in rolls or sheets, other than that of heading 48.02 or 48.03.","480452'"," -- Bleached uniformly throughout the mass and of which more than 95% by weight of the total fibre co","8","1","R","0","0","","","","0","0","0","0","0","0"
"2468","","HS 2007","Harmonized System 2007","Gabon","266'","2019","1","48045900'","  "," -- Autres","48'","Paper and paperboard; articles of paper pulp, of paper or of paperboard","4804'","Uncoated kraft paper and paperboard, in rolls or sheets, other than that of heading 48.02 or 48.03.","480459'"," -- Other","8","1","R","0","0","","","","0","0","0","0","0","0"
"2469","","HS 2007","Harmonized System 2007","Gabon","266'","2019","1","48051100'","  "," -- Papier mi-chimique pour cannelure","48'","Paper and paperboard; articles of paper pulp, of paper or of paperboard","4805'","Other uncoated paper and paperboard, in rolls or sheets, not further worked or processed than as spe","480511'"," -- Semi-chemical fluting paper","8","1","R","0","0","","","","0","0","0","0","0","0"
"2470","","HS 2007","Harmonized System 2007","Gabon","266'","2019","1","48051200'","  "," -- Papier paille pour cannelure","48'","Paper and paperboard; articles of paper pulp, of paper or of paperboard","4805'","Other uncoated paper and paperboard, in rolls or sheets, not further worked or processed than as spe","480512'"," -- Straw fluting paper","8","1","R","0","0","","","","0","0","0","0","0","0"
"2471","","HS 2007","Harmonized System 2007","Gabon","266'","2019","1","48051900'","  "," -- Autres","48'","Paper and paperboard; articles of paper pulp, of paper or of paperboard","4805'","Other uncoated paper and paperboard, in rolls or sheets, not further worked or processed than as spe","480519'"," -- Other","8","1","R","0","0","","","","0","0","0","0","0","0"
"2472","","HS 2007","Harmonized System 2007","Gabon","266'","2019","1","48052400'","  "," -- D'un poids au m? n'exc?dant pas 150 g","48'","Paper and paperboard; articles of paper pulp, of paper or of paperboard","4805'","Other uncoated paper and paperboard, in rolls or sheets, not further worked or processed than as spe","480524'"," -- Weighing 150 g/m? or less","8","1","R","0","0","","","","0","0","0","0","0","0"
"2473","","HS 2007","Harmonized System 2007","Gabon","266'","2019","1","48052500'","  "," -- D'un poids au m? exc?dant 150 g","48'","Paper and paperboard; articles of paper pulp, of paper or of paperboard","4805'","Other uncoated paper and paperboard, in rolls or sheets, not further worked or processed than as spe","480525'"," -- Weighing more than 150 g/m?","8","1","R","0","0","","","","0","0","0","0","0","0"
"2474","","HS 2007","Harmonized System 2007","Gabon","266'","2019","1","48053000'","  "," - Papier sulfite d'emballage","48'","Paper and paperboard; articles of paper pulp, of paper or of paperboard","4805'","Other uncoated paper and paperboard, in rolls or sheets, not further worked or processed than as spe","480530'"," - Sulphite wrapping paper","8","1","R","0","0","","","","0","0","0","0","0","0"
"2475","","HS 2007","Harmonized System 2007","Gabon","266'","2019","1","48054000'","  "," - Papier et carton filtre","48'","Paper and paperboard; articles of paper pulp, of paper or of paperboard","4805'","Other uncoated paper and paperboard, in rolls or sheets, not further worked or processed than as spe","480540'"," - Filter paper and paperboard","8","1","R","0","0","","","","0","0","0","0","0","0"
"2476","","HS 2007","Harmonized System 2007","Gabon","266'","2019","1","48055000'","  "," - Papier et carton feutre, papier et carton laineux","48'","Paper and paperboard; articles of paper pulp, of paper or of paperboard","4805'","Other uncoated paper and paperboard, in rolls or sheets, not further worked or processed than as spe","480550'"," - Felt paper and paperboard","8","1","R","0","0","","","","0","0","0","0","0","0"
"2477","","HS 2007","Harmonized System 2007","Gabon","266'","2019","1","48059100'","  "," -- D'un poids au m? n'exc?dant pas 150 g","48'","Paper and paperboard; articles of paper pulp, of paper or of paperboard","4805'","Other uncoated paper and paperboard, in rolls or sheets, not further worked or processed than as spe","480591'"," -- Weighing 150 g/m? or less","8","1","R","0","0","","","","0","0","0","0","0","0"
"2478","","HS 2007","Harmonized System 2007","Gabon","266'","2019","1","48059200'","  "," -- D'un poids au m? exc?dant 150 g, mais inf?rieur ? 225 g","48'","Paper and paperboard; articles of paper pulp, of paper or of paperboard","4805'","Other uncoated paper and paperboard, in rolls or sheets, not further worked or processed than as spe","480592'"," -- Weighing more than 150 g/m? but less than 225 g/m?","8","1","R","0","0","","","","0","0","0","0","0","0"
"2479","","HS 2007","Harmonized System 2007","Gabon","266'","2019","1","48059300'","  "," -- D'un poids au m? ?gal ou sup?rieur ? 225?g","48'","Paper and paperboard; articles of paper pulp, of paper or of paperboard","4805'","Other uncoated paper and paperboard, in rolls or sheets, not further worked or processed than as spe","480593'"," -- Weighing 225 g/m? or more","8","1","R","0","0","","","","0","0","0","0","0","0"
"2480","","HS 2007","Harmonized System 2007","Gabon","266'","2019","1","48061000'","  "," - Papiers et cartons sulfuris?s (parchemin v?g?tal)","48'","Paper and paperboard; articles of paper pulp, of paper or of paperboard","4806'","Vegetable parchment, greaseproof papers, tracing papers and glassine and other glazed transparent or","480610'"," - Vegetable parchment","8","1","R","0","0","","","","0","0","0","0","0","0"
"2481","","HS 2007","Harmonized System 2007","Gabon","266'","2019","1","48062000'","  "," - Papiers ingraissables (greaseproof)","48'","Paper and paperboard; articles of paper pulp, of paper or of paperboard","4806'","Vegetable parchment, greaseproof papers, tracing papers and glassine and other glazed transparent or","480620'"," - Greaseproof papers","8","1","R","0","0","","","","0","0","0","0","0","0"
"2482","","HS 2007","Harmonized System 2007","Gabon","266'","2019","1","48063000'","  "," - Papiers-calques","48'","Paper and paperboard; articles of paper pulp, of paper or of paperboard","4806'","Vegetable parchment, greaseproof papers, tracing papers and glassine and other glazed transparent or","480630'"," - Tracing papers","8","1","R","0","0","","","","0","0","0","0","0","0"
"2483","","HS 2007","Harmonized System 2007","Gabon","266'","2019","1","48064000'","  "," - Papier dit ?cristal? et autres papiers calandr?s transparents ou translucides","48'","Paper and paperboard; articles of paper pulp, of paper or of paperboard","4806'","Vegetable parchment, greaseproof papers, tracing papers and glassine and other glazed transparent or","480640'"," - Glassine and other glazed transparent or translucent papers","8","1","R","0","0","","","","0","0","0","0","0","0"
"2484","","HS 2007","Harmonized System 2007","Gabon","266'","2019","1","48070000'","  "," Papiers et cartons assembl?s ? plat par collage, non couch?s ni enduits ? la surface ni impr?gn?s, m?me renforc?s int?rieurement, en rouleaux ou en feuilles.","48'","Paper and paperboard; articles of paper pulp, of paper or of paperboard","4807'","Composite paper and paperboard (made by sticking flat layers of paper or paperboard together with an","480700'"," Composite paper and paperboard (made by sticking flat layers of paper or paperboard together with an","8","1","R","0","0","","","","0","0","0","0","0","0"
"2485","","HS 2007","Harmonized System 2007","Gabon","266'","2019","1","48081000'","  "," - Papiers et cartons ondul?s, m?me perfor?s","48'","Paper and paperboard; articles of paper pulp, of paper or of paperboard","4808'","Paper and paperboard, corrugated (with or without glued flat surface sheets), creped, crinkled, embo","480810'"," - Corrugated paper and paperboard, whether or not perforated","8","1","R","0","0","","","","0","0","0","0","0","0"
"2486","","HS 2007","Harmonized System 2007","Gabon","266'","2019","1","48082000'","  "," - Papiers Kraft pour sacs de grande contenance, cr?p?s ou pliss?s, m?me gaufr?s, estamp?s ou perfor?s","48'","Paper and paperboard; articles of paper pulp, of paper or of paperboard","4808'","Paper and paperboard, corrugated (with or without glued flat surface sheets), creped, crinkled, embo","480820'"," - Sack kraft paper, creped or crinkled, whether or not embossed or perforated","8","1","R","0","0","","","","0","0","0","0","0","0"
"2487","","HS 2007","Harmonized System 2007","Gabon","266'","2019","1","48083000'","  "," - Autres papiers Kraft, cr?p?s ou pliss?s, m?me gaufr?s, estamp?s ou perfor?s","48'","Paper and paperboard; articles of paper pulp, of paper or of paperboard","4808'","Paper and paperboard, corrugated (with or without glued flat surface sheets), creped, crinkled, embo","480830'"," - Other kraft paper, creped or crinkled, whether or not embossed or perforated","8","1","R","0","0","","","","0","0","0","0","0","0"
"2488","","HS 2007","Harmonized System 2007","Gabon","266'","2019","1","48089000'","  "," - Autres","48'","Paper and paperboard; articles of paper pulp, of paper or of paperboard","4808'","Paper and paperboard, corrugated (with or without glued flat surface sheets), creped, crinkled, embo","480890'"," - Other","8","1","R","0","0","","","","0","0","0","0","0","0"
"2489","","HS 2007","Harmonized System 2007","Gabon","266'","2019","1","48092000'","  "," - Papiers dits ? autocopiants ?","48'","Paper and paperboard; articles of paper pulp, of paper or of paperboard","4809'","Carbon paper, self-copy paper and other copying or transfer papers (including coated or impregnated ","480920'"," - Self-copy paper","8","1","R","0","0","","","","0","0","0","0","0","0"
"2490","","HS 2007","Harmonized System 2007","Gabon","266'","2019","1","48099010'","  "," papiers carbone et papiers similaires","48'","Paper and paperboard; articles of paper pulp, of paper or of paperboard","4809'","Carbon paper, self-copy paper and other copying or transfer papers (including coated or impregnated ","480990'"," - Other","8","1","R","0","0","","","","0","0","0","0","0","0"
"2491","","HS 2007","Harmonized System 2007","Gabon","266'","2019","1","48099090'","  "," Autres","48'","Paper and paperboard; articles of paper pulp, of paper or of paperboard","4809'","Carbon paper, self-copy paper and other copying or transfer papers (including coated or impregnated ","480990'"," - Other","8","1","R","0","0","","","","0","0","0","0","0","0"
"2492","","HS 2007","Harmonized System 2007","Gabon","266'","2019","1","48101300'","  "," -- En rouleaux","48'","Paper and paperboard; articles of paper pulp, of paper or of paperboard","4810'","Paper and paperboard, coated on one or both sides with kaolin (China clay) or other inorganic substa","481013'"," -- In rolls","8","1","R","0","0","","","","0","0","0","0","0","0"
"2493","","HS 2007","Harmonized System 2007","Gabon","266'","2019","1","48101400'","  "," -- En feuilles dont un des c?t?s n'exc?de pas 435 mm et dont l'autre c?t? n'exc?de pas 297 mm ? l'?tat non pli?","48'","Paper and paperboard; articles of paper pulp, of paper or of paperboard","4810'","Paper and paperboard, coated on one or both sides with kaolin (China clay) or other inorganic substa","481014'"," -- In sheets with one side not exceeding 435 mm and the other side not exceeding 297?mm in the unfol","8","1","R","0","0","","","","0","0","0","0","0","0"
"2494","","HS 2007","Harmonized System 2007","Gabon","266'","2019","1","48101900'","  "," -- Autres","48'","Paper and paperboard; articles of paper pulp, of paper or of paperboard","4810'","Paper and paperboard, coated on one or both sides with kaolin (China clay) or other inorganic substa","481019'"," -- Other","8","1","R","0","0","","","","0","0","0","0","0","0"
"2495","","HS 2007","Harmonized System 2007","Gabon","266'","2019","1","48102200'","  "," -- Papier couch? l?ger, dit ? L.W.C .?","48'","Paper and paperboard; articles of paper pulp, of paper or of paperboard","4810'","Paper and paperboard, coated on one or both sides with kaolin (China clay) or other inorganic substa","481022'"," -- Light-weight coated paper","8","1","R","0","0","","","","0","0","0","0","0","0"
"2496","","HS 2007","Harmonized System 2007","Gabon","266'","2019","1","48102900'","  "," -- Autres","48'","Paper and paperboard; articles of paper pulp, of paper or of paperboard","4810'","Paper and paperboard, coated on one or both sides with kaolin (China clay) or other inorganic substa","481029'"," -- Other","8","1","R","0","0","","","","0","0","0","0","0","0"
"2497","","HS 2007","Harmonized System 2007","Gabon","266'","2019","1","48103100'","  "," -- Blanchis uniform?ment dans la masse et dont plus de 95 % en poids de la composition fibreuse totale sont constitu?s par des fibres de bois obtenues par un proc?d? chimique, d'un poids au m? n'exc?dant pas 150 g","48'","Paper and paperboard; articles of paper pulp, of paper or of paperboard","4810'","Paper and paperboard, coated on one or both sides with kaolin (China clay) or other inorganic substa","481031'"," -- Bleached uniformly throughout the mass and of which more than 95% by weight of the total fibre co","8","1","R","0","0","","","","0","0","0","0","0","0"
"2498","","HS 2007","Harmonized System 2007","Gabon","266'","2019","1","48103200'","  "," -- Blanchis uniform?ment dans la masse et dont plus de 95 % en poids de la composition fibreuse totale sont constitu?s par des fibres de bois obtenues par un proc?d? chimique, d'un poids au m? exc?dant 150 g","48'","Paper and paperboard; articles of paper pulp, of paper or of paperboard","4810'","Paper and paperboard, coated on one or both sides with kaolin (China clay) or other inorganic substa","481032'"," -- Bleached uniformly throughout the mass and of which more than 95% by weight of the total fibre co","8","1","R","0","0","","","","0","0","0","0","0","0"
"2499","","HS 2007","Harmonized System 2007","Gabon","266'","2019","1","48103900'","  "," -- Autres","48'","Paper and paperboard; articles of paper pulp, of paper or of paperboard","4810'","Paper and paperboard, coated on one or both sides with kaolin (China clay) or other inorganic substa","481039'"," -- Other","8","1","R","0","0","","","","0","0","0","0","0","0"
"2500","","HS 2007","Harmonized System 2007","Gabon","266'","2019","1","48109200'","  "," -- Multicouches","48'","Paper and paperboard; articles of paper pulp, of paper or of paperboard","4810'","Paper and paperboard, coated on one or both sides with kaolin (China clay) or other inorganic substa","481092'"," -- Multi-ply","8","1","R","0","0","","","","0","0","0","0","0","0"
"2501","","HS 2007","Harmonized System 2007","Gabon","266'","2019","1","48109900'","  "," -- Autres","48'","Paper and paperboard; articles of paper pulp, of paper or of paperboard","4810'","Paper and paperboard, coated on one or both sides with kaolin (China clay) or other inorganic substa","481099'"," -- Other","8","1","R","0","0","","","","0","0","0","0","0","0"
"2502","","HS 2007","Harmonized System 2007","Gabon","266'","2019","1","48111000'","  "," - Papiers et cartons goudronn?s, bitum?s ou asphalt?s","48'","Paper and paperboard; articles of paper pulp, of paper or of paperboard","4811'","Paper, paperboard, cellulose wadding and webs of cellulose fibres, coated, impregnated, covered, sur","481110'"," - Tarred, bituminised or asphalted paper and paperboard","8","1","R","0","0","","","","0","0","0","0","0","0"
"2503","","HS 2007","Harmonized System 2007","Gabon","266'","2019","1","48114100'","  "," -- Auto-adh?sifs","48'","Paper and paperboard; articles of paper pulp, of paper or of paperboard","4811'","Paper, paperboard, cellulose wadding and webs of cellulose fibres, coated, impregnated, covered, sur","481141'"," -- Self-adhesive","8","1","R","0","0","","","","0","0","0","0","0","0"
"2504","","HS 2007","Harmonized System 2007","Gabon","266'","2019","1","48114900'","  "," -- Autres","48'","Paper and paperboard; articles of paper pulp, of paper or of paperboard","4811'","Paper, paperboard, cellulose wadding and webs of cellulose fibres, coated, impregnated, covered, sur","481149'"," -- Other","8","1","R","0","0","","","","0","0","0","0","0","0"
"2505","","HS 2007","Harmonized System 2007","Gabon","266'","2019","1","48115100'","  "," -- Blanchis, d'un poids au m? exc?dant 150 g","48'","Paper and paperboard; articles of paper pulp, of paper or of paperboard","4811'","Paper, paperboard, cellulose wadding and webs of cellulose fibres, coated, impregnated, covered, sur","481151'"," -- Bleached, weighing more than 150 g/m?","8","1","R","0","0","","","","0","0","0","0","0","0"
"2506","","HS 2007","Harmonized System 2007","Gabon","266'","2019","1","48115900'","  "," -- Autres","48'","Paper and paperboard; articles of paper pulp, of paper or of paperboard","4811'","Paper, paperboard, cellulose wadding and webs of cellulose fibres, coated, impregnated, covered, sur","481159'"," -- Other","8","1","R","0","0","","","","0","0","0","0","0","0"
"2507","","HS 2007","Harmonized System 2007","Gabon","266'","2019","1","48116000'","  "," - Papiers et cartons enduits, impr?gn?s ou recouverts de cire, de paraffine, de st?arine, d'huile ou de glyc?rol","48'","Paper and paperboard; articles of paper pulp, of paper or of paperboard","4811'","Paper, paperboard, cellulose wadding and webs of cellulose fibres, coated, impregnated, covered, sur","481160'"," - Paper and paperboard, coated, impregnated or covered with wax, paraffin wax, stearin, oil or glyce","8","1","R","0","0","","","","0","0","0","0","0","0"
"2508","","HS 2007","Harmonized System 2007","Gabon","266'","2019","1","48119000'","  "," - Autres papiers, cartons, ouate de cellulose et nappes de fibres de cellulose","48'","Paper and paperboard; articles of paper pulp, of paper or of paperboard","4811'","Paper, paperboard, cellulose wadding and webs of cellulose fibres, coated, impregnated, covered, sur","481190'"," - Other paper, paperboard, cellulose wadding and webs of cellulose fibres","8","1","R","0","0","","","","0","0","0","0","0","0"
"2509","","HS 2007","Harmonized System 2007","Gabon","266'","2019","1","48120000'","  "," Blocs filtrants et plaques filtrantes, en p?te ? papier.","48'","Paper and paperboard; articles of paper pulp, of paper or of paperboard","4812'","Filter blocks, slabs and plates, of paper pulp.","481200'"," Filter blocks, slabs and plates, of paper pulp.","8","1","R","0","0","","","","0","0","0","0","0","0"
"2510","","HS 2007","Harmonized System 2007","Gabon","266'","2019","1","48131000'","  "," - En cahiers ou en tubes","48'","Paper and paperboard; articles of paper pulp, of paper or of paperboard","4813'","Cigarette paper, whether or not cut to size or in the form of booklets or tubes.","481310'"," - In the form of booklets or tubes","8","1","R","0","0","","","","0","0","0","0","0","0"
"2511","","HS 2007","Harmonized System 2007","Gabon","266'","2019","1","48132000'","  "," - En rouleaux d'une largeur n'exc?dant pas 5 cm","48'","Paper and paperboard; articles of paper pulp, of paper or of paperboard","4813'","Cigarette paper, whether or not cut to size or in the form of booklets or tubes.","481320'"," - In rolls of a width not exceeding 5 cm","8","1","R","0","0","","","","0","0","0","0","0","0"
"2512","","HS 2007","Harmonized System 2007","Gabon","266'","2019","1","48139000'","  "," - Autres","48'","Paper and paperboard; articles of paper pulp, of paper or of paperboard","4813'","Cigarette paper, whether or not cut to size or in the form of booklets or tubes.","481390'"," - Other","8","1","R","0","0","","","","0","0","0","0","0","0"
"2513","","HS 2007","Harmonized System 2007","Gabon","266'","2019","1","48141000'","  "," - Papier dit ? Ingrain ?","48'","Paper and paperboard; articles of paper pulp, of paper or of paperboard","4814'","Wallpaper and similar wall coverings; window transparencies of paper.","481410'"," - ?Ingrain? paper","8","1","R","0","0","","","","0","0","0","0","0","0"
"2514","","HS 2007","Harmonized System 2007","Gabon","266'","2019","1","48142000'","  "," - Papiers peints et rev?tements muraux similaires, constitu?s par du papier enduit ou recouvert, sur l'endroit, d'une couche de mati?re plastique grain?e, gaufr?e, colori?e, imprim?e de motifs ou autrement d?cor?e","48'","Paper and paperboard; articles of paper pulp, of paper or of paperboard","4814'","Wallpaper and similar wall coverings; window transparencies of paper.","481420'"," - Wallpaper and similar wall coverings, consisting of paper coated or covered, on the face side, wit","8","1","R","0","0","","","","0","0","0","0","0","0"
"2515","","HS 2007","Harmonized System 2007","Gabon","266'","2019","1","48149000'","  "," - Autres","48'","Paper and paperboard; articles of paper pulp, of paper or of paperboard","4814'","Wallpaper and similar wall coverings; window transparencies of paper.","481490'"," - Other","8","1","R","0","0","","","","0","0","0","0","0","0"
"2516","","HS 2007","Harmonized System 2007","Gabon","266'","2019","1","48162000'","  "," - Papiers dits ?autocopiants?","48'","Paper and paperboard; articles of paper pulp, of paper or of paperboard","4816'","Carbon paper, self-copy paper and other copying or transfer papers (other than those of heading 48.0","481620'"," - Self-copy paper","8","1","R","0","0","","","","0","0","0","0","0","0"
"2517","","HS 2007","Harmonized System 2007","Gabon","266'","2019","1","48169000'","  "," - Autres","48'","Paper and paperboard; articles of paper pulp, of paper or of paperboard","4816'","Carbon paper, self-copy paper and other copying or transfer papers (other than those of heading 48.0","481690'"," - Other","8","1","R","0","0","","","","0","0","0","0","0","0"
"2518","","HS 2007","Harmonized System 2007","Gabon","266'","2019","1","48171000'","  "," - Enveloppes","48'","Paper and paperboard; articles of paper pulp, of paper or of paperboard","4817'","Envelopes, letter cards, plain postcards and correspondence cards, of paper or paperboard; boxes, po","481710'"," - Envelopes","8","1","R","0","0","","","","0","0","0","0","0","0"
"2519","","HS 2007","Harmonized System 2007","Gabon","266'","2019","1","48172000'","  "," - Cartes-lettres, cartes postales non illustr?es et cartes pour correspondance","48'","Paper and paperboard; articles of paper pulp, of paper or of paperboard","4817'","Envelopes, letter cards, plain postcards and correspondence cards, of paper or paperboard; boxes, po","481720'"," - Letter cards, plain postcards and correspondence cards","8","1","R","0","0","","","","0","0","0","0","0","0"
"2520","","HS 2007","Harmonized System 2007","Gabon","266'","2019","1","48173000'","  "," - Bo?tes, pochettes et pr?sentations similaires, en papier ou carton, renfermant un assortiment d'articles de correspondance","48'","Paper and paperboard; articles of paper pulp, of paper or of paperboard","4817'","Envelopes, letter cards, plain postcards and correspondence cards, of paper or paperboard; boxes, po","481730'"," - Boxes, pouches, wallets and writing compendiums, of paper or paperboard, containing an assortment ","8","1","R","0","0","","","","0","0","0","0","0","0"
"2521","","HS 2007","Harmonized System 2007","Gabon","266'","2019","1","48181000'","  "," - Papier hygi?nique","48'","Paper and paperboard; articles of paper pulp, of paper or of paperboard","4818'","Toilet paper and similar paper, cellulose wadding or webs of cellulose fibres, of a kind used for ho","481810'"," - Toilet paper","8","1","R","0","0","","","","0","0","0","0","0","0"
"2522","","HS 2007","Harmonized System 2007","Gabon","266'","2019","1","48182000'","  "," - Mouchoirs, serviettes ? d?maquiller et essuie-mains","48'","Paper and paperboard; articles of paper pulp, of paper or of paperboard","4818'","Toilet paper and similar paper, cellulose wadding or webs of cellulose fibres, of a kind used for ho","481820'"," - Handkerchiefs, cleansing or facial tissues and towels","8","1","R","0","0","","","","0","0","0","0","0","0"
"2523","","HS 2007","Harmonized System 2007","Gabon","266'","2019","1","48183000'","  "," - Nappes et serviettes de table","48'","Paper and paperboard; articles of paper pulp, of paper or of paperboard","4818'","Toilet paper and similar paper, cellulose wadding or webs of cellulose fibres, of a kind used for ho","481830'"," - Tablecloths and serviettes","8","1","R","0","0","","","","0","0","0","0","0","0"
"2524","","HS 2007","Harmonized System 2007","Gabon","266'","2019","1","48184000'","  "," - Serviettes et tampons hygi?niques, couches pour b?b?s et articles hygi?niques similaires","48'","Paper and paperboard; articles of paper pulp, of paper or of paperboard","4818'","Toilet paper and similar paper, cellulose wadding or webs of cellulose fibres, of a kind used for ho","481840'"," - Sanitary towels and tampons, napkins and napkin liners for babies and similar sanitary articles","8","1","R","0","0","","","","0","0","0","0","0","0"
"2525","","HS 2007","Harmonized System 2007","Gabon","266'","2019","1","48185000'","  "," - V?tements et accessoires du v?tement","48'","Paper and paperboard; articles of paper pulp, of paper or of paperboard","4818'","Toilet paper and similar paper, cellulose wadding or webs of cellulose fibres, of a kind used for ho","481850'"," - Articles of apparel and clothing accessories","8","1","R","0","0","","","","0","0","0","0","0","0"
"2526","","HS 2007","Harmonized System 2007","Gabon","266'","2019","1","48189000'","  "," - Autres","48'","Paper and paperboard; articles of paper pulp, of paper or of paperboard","4818'","Toilet paper and similar paper, cellulose wadding or webs of cellulose fibres, of a kind used for ho","481890'"," - Other","8","1","R","0","0","","","","0","0","0","0","0","0"
"2527","","HS 2007","Harmonized System 2007","Gabon","266'","2019","1","48191000'","  "," - Bo?tes et caisses en papier ou carton ondul?","48'","Paper and paperboard; articles of paper pulp, of paper or of paperboard","4819'","Cartons, boxes, cases, bags and other packing containers, of paper, paperboard, cellulose wadding or","481910'"," - Cartons, boxes and cases, of corrugated paper or paperboard","8","1","R","0","0","","","","0","0","0","0","0","0"
"2528","","HS 2007","Harmonized System 2007","Gabon","266'","2019","1","48192000'","  "," - Bo?tes et cartonnages, pliants, en papier ou carton non ondul?","48'","Paper and paperboard; articles of paper pulp, of paper or of paperboard","4819'","Cartons, boxes, cases, bags and other packing containers, of paper, paperboard, cellulose wadding or","481920'"," - Folding cartons, boxes and cases, of non-corrugated paper or paperboard","8","1","R","0","0","","","","0","0","0","0","0","0"
"2529","","HS 2007","Harmonized System 2007","Gabon","266'","2019","1","48193000'","  "," - Sacs d'une largeur ? la base de 40 cm ou plus","48'","Paper and paperboard; articles of paper pulp, of paper or of paperboard","4819'","Cartons, boxes, cases, bags and other packing containers, of paper, paperboard, cellulose wadding or","481930'"," - Sacks and bags, having a base of a width of 40 cm or more","8","1","R","0","0","","","","0","0","0","0","0","0"
"2530","","HS 2007","Harmonized System 2007","Gabon","266'","2019","1","48194000'","  "," - Autres sacs; sachets, pochettes (autres que celles pour disques) et cornets","48'","Paper and paperboard; articles of paper pulp, of paper or of paperboard","4819'","Cartons, boxes, cases, bags and other packing containers, of paper, paperboard, cellulose wadding or","481940'"," - Other sacks and bags, including cones","8","1","R","0","0","","","","0","0","0","0","0","0"
"2531","","HS 2007","Harmonized System 2007","Gabon","266'","2019","1","48195000'","  "," - Autres emballages, y compris les pochettes pour disques","48'","Paper and paperboard; articles of paper pulp, of paper or of paperboard","4819'","Cartons, boxes, cases, bags and other packing containers, of paper, paperboard, cellulose wadding or","481950'"," - Other packing containers, including record sleeves","8","1","R","0","0","","","","0","0","0","0","0","0"
"2532","","HS 2007","Harmonized System 2007","Gabon","266'","2019","1","48196000'","  "," - Cartonnages de bureau, de magasin ou similaires","48'","Paper and paperboard; articles of paper pulp, of paper or of paperboard","4819'","Cartons, boxes, cases, bags and other packing containers, of paper, paperboard, cellulose wadding or","481960'"," - Box files, letter trays, storage boxes and similar articles, of a kind used in offices, shops or t","8","1","R","0","0","","","","0","0","0","0","0","0"
"2533","","HS 2007","Harmonized System 2007","Gabon","266'","2019","1","48201000'","  "," - Registres, livres comptables, carnets (de notes, de commandes, de quittances), blocs-m?morandums, blocs de papier ? lettres, agendas et ouvrages similaires","48'","Paper and paperboard; articles of paper pulp, of paper or of paperboard","4820'","Registers, account books, note books, order books, receipt books, letter pads, memorandum pads, diar","482010'"," - Registers, account books, note books, order books, receipt books, letter pads, memorandum pads, di","8","1","R","0","0","","","","0","0","0","0","0","0"
"2534","","HS 2007","Harmonized System 2007","Gabon","266'","2019","1","48202000'","  "," - Cahiers","48'","Paper and paperboard; articles of paper pulp, of paper or of paperboard","4820'","Registers, account books, note books, order books, receipt books, letter pads, memorandum pads, diar","482020'"," - Exercise books","8","1","R","0","0","","","","0","0","0","0","0","0"
"2535","","HS 2007","Harmonized System 2007","Gabon","266'","2019","1","48203000'","  "," - Classeurs, reliures (autres que les couvertures pour livres), chemises et couvertures ? dossiers","48'","Paper and paperboard; articles of paper pulp, of paper or of paperboard","4820'","Registers, account books, note books, order books, receipt books, letter pads, memorandum pads, diar","482030'"," - Binders (other than book covers), folders and file covers","8","1","R","0","0","","","","0","0","0","0","0","0"
"2536","","HS 2007","Harmonized System 2007","Gabon","266'","2019","1","48204000'","  "," - Liasses et carnets manifold, m?me comportant des feuilles de papier carbone","48'","Paper and paperboard; articles of paper pulp, of paper or of paperboard","4820'","Registers, account books, note books, order books, receipt books, letter pads, memorandum pads, diar","482040'"," - Manifold business forms and interleaved carbon sets","8","1","R","0","0","","","","0","0","0","0","0","0"
"2537","","HS 2007","Harmonized System 2007","Gabon","266'","2019","1","48205000'","  "," - Albums pour ?chantillonnages ou pour collections","48'","Paper and paperboard; articles of paper pulp, of paper or of paperboard","4820'","Registers, account books, note books, order books, receipt books, letter pads, memorandum pads, diar","482050'"," - Albums for samples or for collections","8","1","R","0","0","","","","0","0","0","0","0","0"
"2538","","HS 2007","Harmonized System 2007","Gabon","266'","2019","1","48209000'","  "," - Autres","48'","Paper and paperboard; articles of paper pulp, of paper or of paperboard","4820'","Registers, account books, note books, order books, receipt books, letter pads, memorandum pads, diar","482090'"," - Other","8","1","R","0","0","","","","0","0","0","0","0","0"
"2539","","HS 2007","Harmonized System 2007","Gabon","266'","2019","1","48211010'","  "," ?tiquettes de tous genres en papier ou cartimprim?s sur support papier m?tallis?","48'","Paper and paperboard; articles of paper pulp, of paper or of paperboard","4821'","Paper or paperboard labels of all kinds, whether or not printed.","482110'"," - Printed","8","1","R","0","0","","","","0","0","0","0","0","0"
"2540","","HS 2007","Harmonized System 2007","Gabon","266'","2019","1","48211090'","  "," ?tiquettes de tous genres,en papier/carton, imprim?s sur support papier non m?tallis?","48'","Paper and paperboard; articles of paper pulp, of paper or of paperboard","4821'","Paper or paperboard labels of all kinds, whether or not printed.","482110'"," - Printed","8","1","R","0","0","","","","0","0","0","0","0","0"
"2541","","HS 2007","Harmonized System 2007","Gabon","266'","2019","1","48219010'","  "," ?tiquettes de tous genres en papier/cartonnon imprim?es ? usages industriels","48'","Paper and paperboard; articles of paper pulp, of paper or of paperboard","4821'","Paper or paperboard labels of all kinds, whether or not printed.","482190'"," - Other","8","1","R","0","0","","","","0","0","0","0","0","0"
"2542","","HS 2007","Harmonized System 2007","Gabon","266'","2019","1","48219090'","  "," ?tiquettes de tous genres,en papier/cartonnon imprim?es autres que ? usage industriel","48'","Paper and paperboard; articles of paper pulp, of paper or of paperboard","4821'","Paper or paperboard labels of all kinds, whether or not printed.","482190'"," - Other","8","1","R","0","0","","","","0","0","0","0","0","0"
"2543","","HS 2007","Harmonized System 2007","Gabon","266'","2019","1","48221000'","  "," - Des types utilis?s pour l'enroulement des fils textiles","48'","Paper and paperboard; articles of paper pulp, of paper or of paperboard","4822'","Bobbins, spools, cops and similar supports of paper pulp, paper or paperboard (whether or not perfor","482210'"," - Of a kind used for winding textile yarn","8","1","R","0","0","","","","0","0","0","0","0","0"
"2544","","HS 2007","Harmonized System 2007","Gabon","266'","2019","1","48229000'","  "," - Autres","48'","Paper and paperboard; articles of paper pulp, of paper or of paperboard","4822'","Bobbins, spools, cops and similar supports of paper pulp, paper or paperboard (whether or not perfor","482290'"," - Other","8","1","R","0","0","","","","0","0","0","0","0","0"
"2545","","HS 2007","Harmonized System 2007","Gabon","266'","2019","1","48232000'","  "," - Papier et carton-filtre","48'","Paper and paperboard; articles of paper pulp, of paper or of paperboard","4823'","Other paper, paperboard, cellulose wadding and webs of cellulose fibres, cut to size or shape; other","482320'"," - Filter paper and paperboard","8","1","R","0","0","","","","0","0","0","0","0","0"
"2546","","HS 2007","Harmonized System 2007","Gabon","266'","2019","1","48234000'","  "," - Papiers ? diagrammes pour appareils enregistreurs, en bobines, en feuilles ou en disques","48'","Paper and paperboard; articles of paper pulp, of paper or of paperboard","4823'","Other paper, paperboard, cellulose wadding and webs of cellulose fibres, cut to size or shape; other","482340'"," - Rolls, sheets and dials, printed for self-recording apparatus","8","1","R","0","0","","","","0","0","0","0","0","0"
"2547","","HS 2007","Harmonized System 2007","Gabon","266'","2019","1","48236100'","  "," -- En bambou","48'","Paper and paperboard; articles of paper pulp, of paper or of paperboard","4823'","Other paper, paperboard, cellulose wadding and webs of cellulose fibres, cut to size or shape; other","482361'"," -- Of bamboo","8","1","R","0","0","","","","0","0","0","0","0","0"
"2548","","HS 2007","Harmonized System 2007","Gabon","266'","2019","1","48236900'","  "," -- Autres","48'","Paper and paperboard; articles of paper pulp, of paper or of paperboard","4823'","Other paper, paperboard, cellulose wadding and webs of cellulose fibres, cut to size or shape; other","482369'"," -- Other","8","1","R","0","0","","","","0","0","0","0","0","0"
"2549","","HS 2007","Harmonized System 2007","Gabon","266'","2019","1","48237010'","  "," Articles moul?s ou press?s pour emballage des oeufs","48'","Paper and paperboard; articles of paper pulp, of paper or of paperboard","4823'","Other paper, paperboard, cellulose wadding and webs of cellulose fibres, cut to size or shape; other","482370'"," - Moulded or pressed articles of paper pulp","8","1","R","0","0","","","","0","0","0","0","0","0"
"2550","","HS 2007","Harmonized System 2007","Gabon","266'","2019","1","48237090'","  "," Articles moul?s ou press?s en p?te ? papier autres que ceux du 48237010","48'","Paper and paperboard; articles of paper pulp, of paper or of paperboard","4823'","Other paper, paperboard, cellulose wadding and webs of cellulose fibres, cut to size or shape; other","482370'"," - Moulded or pressed articles of paper pulp","8","1","R","0","0","","","","0","0","0","0","0","0"
"2551","","HS 2007","Harmonized System 2007","Gabon","266'","2019","1","48239000'","  "," - Autres","48'","Paper and paperboard; articles of paper pulp, of paper or of paperboard","4823'","Other paper, paperboard, cellulose wadding and webs of cellulose fibres, cut to size or shape; other","482390'"," - Other","8","1","R","0","0","","","","0","0","0","0","0","0"
"2552","","HS 2007","Harmonized System 2007","Gabon","266'","2019","1","49011010'","  "," livres & brochures scolaires en feuillesisol?s,m?me pli?s","49'","Printed books, newspapers, pictures and other products of the printing industry; manuscripts, typesc","4901'","Printed books, brochures, leaflets and similar printed matter, whether or not in single sheets.","490110'"," - In single sheets, whether or not folded","8","1","R","0","0","","","","0","0","0","0","0","0"
"2553","","HS 2007","Harmonized System 2007","Gabon","266'","2019","1","49011090'","  "," livres,brochures &imprim?s similaires en feuil isol?s,m?me pli?s,autre que scolaire","49'","Printed books, newspapers, pictures and other products of the printing industry; manuscripts, typesc","4901'","Printed books, brochures, leaflets and similar printed matter, whether or not in single sheets.","490110'"," - In single sheets, whether or not folded","8","1","R","0","0","","","","0","0","0","0","0","0"
"2554","","HS 2007","Harmonized System 2007","Gabon","266'","2019","1","49019100'","  "," -- Dictionnaires et encyclop?dies, m?me en fascicules","49'","Printed books, newspapers, pictures and other products of the printing industry; manuscripts, typesc","4901'","Printed books, brochures, leaflets and similar printed matter, whether or not in single sheets.","490191'"," -- Dictionaries and encyclopaedias, and serial instalments thereof","8","1","R","0","0","","","","0","0","0","0","0","0"
"2555","","HS 2007","Harmonized System 2007","Gabon","266'","2019","1","49019910'","  "," livres & brochures scolaires pr?sent?s autrement qu'en feuil isol?s,m?me pli?s","49'","Printed books, newspapers, pictures and other products of the printing industry; manuscripts, typesc","4901'","Printed books, brochures, leaflets and similar printed matter, whether or not in single sheets.","490199'"," -- Other","8","1","R","0","0","","","","0","0","0","0","0","0"
"2556","","HS 2007","Harmonized System 2007","Gabon","266'","2019","1","49019990'","  "," livres,brochures &imprim?s similaires,en relure,autres que scolaires","49'","Printed books, newspapers, pictures and other products of the printing industry; manuscripts, typesc","4901'","Printed books, brochures, leaflets and similar printed matter, whether or not in single sheets.","490199'"," -- Other","8","1","R","0","0","","","","0","0","0","0","0","0"
"2557","","HS 2007","Harmonized System 2007","Gabon","266'","2019","1","49021000'","  "," - Paraissant au moins quatre fois par semaine","49'","Printed books, newspapers, pictures and other products of the printing industry; manuscripts, typesc","4902'","Newspapers, journals and periodicals, whether or not illustrated or containing advertising material.","490210'"," - Appearing at least four times a week","8","1","R","0","0","","","","0","0","0","0","0","0"
"2558","","HS 2007","Harmonized System 2007","Gabon","266'","2019","1","49029000'","  "," - Autres","49'","Printed books, newspapers, pictures and other products of the printing industry; manuscripts, typesc","4902'","Newspapers, journals and periodicals, whether or not illustrated or containing advertising material.","490290'"," - Other","8","1","R","0","0","","","","0","0","0","0","0","0"
"2559","","HS 2007","Harmonized System 2007","Gabon","266'","2019","1","49030000'","  "," Albums ou livres d'images et albums ? dessiner ou ? colorier, pour enfants.","49'","Printed books, newspapers, pictures and other products of the printing industry; manuscripts, typesc","4903'","Children's picture, drawing or colouring books.","490300'"," Children's picture, drawing or colouring books.","8","1","R","0","0","","","","0","0","0","0","0","0"
"2560","","HS 2007","Harmonized System 2007","Gabon","266'","2019","1","49040000'","  "," Musique manuscrite ou imprim?e, illustr?e ou non, m?me reli?e.","49'","Printed books, newspapers, pictures and other products of the printing industry; manuscripts, typesc","4904'","Music, printed or in manuscript, whether or not bound or illustrated.","490400'"," Music, printed or in manuscript, whether or not bound or illustrated.","8","1","R","0","0","","","","0","0","0","0","0","0"
"2561","","HS 2007","Harmonized System 2007","Gabon","266'","2019","1","49051000'","  "," - Globes","49'","Printed books, newspapers, pictures and other products of the printing industry; manuscripts, typesc","4905'","Maps and hydrographic or similar charts of all kinds, including atlases, wall maps, topographical pl","490510'"," - Globes","8","1","R","0","0","","","","0","0","0","0","0","0"
"2562","","HS 2007","Harmonized System 2007","Gabon","266'","2019","1","49059100'","  "," -- Sous forme de livres ou de brochures","49'","Printed books, newspapers, pictures and other products of the printing industry; manuscripts, typesc","4905'","Maps and hydrographic or similar charts of all kinds, including atlases, wall maps, topographical pl","490591'"," -- In book form","8","1","R","0","0","","","","0","0","0","0","0","0"
"2563","","HS 2007","Harmonized System 2007","Gabon","266'","2019","1","49059900'","  "," -- Autres","49'","Printed books, newspapers, pictures and other products of the printing industry; manuscripts, typesc","4905'","Maps and hydrographic or similar charts of all kinds, including atlases, wall maps, topographical pl","490599'"," -- Other","8","1","R","0","0","","","","0","0","0","0","0","0"
"2564","","HS 2007","Harmonized System 2007","Gabon","266'","2019","1","49060000'","  "," Plans et dessins d'architectes, d'ing?nieurs et autres plans et dessins industriels, commerciaux, topographiques ou similaires, obtenus en original ? la main; textes ?crits ? la main; reproductions photographiques sur papier sensibilis? et copie","49'","Printed books, newspapers, pictures and other products of the printing industry; manuscripts, typesc","4906'","Plans and drawings for architectural, engineering, industrial, commercial, topographical or similar ","490600'"," Plans and drawings for architectural, engineering, industrial, commercial, topographical or similar ","8","1","R","0","0","","","","0","0","0","0","0","0"
"2565","","HS 2007","Harmonized System 2007","Gabon","266'","2019","1","49070010'","  "," titres d'actions ou d'obligations & titres similaires","49'","Printed books, newspapers, pictures and other products of the printing industry; manuscripts, typesc","4907'","Unused postage, revenue or similar stamps of current or new issue in the country in which they have,","490700'"," Unused postage, revenue or similar stamps of current or new issue in the country in which they have,","8","1","R","0","0","","","","0","0","0","0","0","0"
"2566","","HS 2007","Harmonized System 2007","Gabon","266'","2019","1","49070020'","  "," carnets de ch?ques","49'","Printed books, newspapers, pictures and other products of the printing industry; manuscripts, typesc","4907'","Unused postage, revenue or similar stamps of current or new issue in the country in which they have,","490700'"," Unused postage, revenue or similar stamps of current or new issue in the country in which they have,","8","1","R","0","0","","","","0","0","0","0","0","0"
"2567","","HS 2007","Harmonized System 2007","Gabon","266'","2019","1","49070090'","  "," timbres-poste,fiscaux & analogues,imprim?sautres que du 49070010 & 49070020","49'","Printed books, newspapers, pictures and other products of the printing industry; manuscripts, typesc","4907'","Unused postage, revenue or similar stamps of current or new issue in the country in which they have,","490700'"," Unused postage, revenue or similar stamps of current or new issue in the country in which they have,","8","1","R","0","0","","","","0","0","0","0","0","0"
"2568","","HS 2007","Harmonized System 2007","Gabon","266'","2019","1","49081000'","  "," - D?calcomanies vitrifiables","49'","Printed books, newspapers, pictures and other products of the printing industry; manuscripts, typesc","4908'","Transfers (decalcomanias).","490810'"," - Transfers (decalcomanias), vitrifiable","8","1","R","0","0","","","","0","0","0","0","0","0"
"2569","","HS 2007","Harmonized System 2007","Gabon","266'","2019","1","49089000'","  "," - Autres","49'","Printed books, newspapers, pictures and other products of the printing industry; manuscripts, typesc","4908'","Transfers (decalcomanias).","490890'"," - Other","8","1","R","0","0","","","","0","0","0","0","0","0"
"2570","","HS 2007","Harmonized System 2007","Gabon","266'","2019","1","49090000'","  "," Cartes postales imprim?es ou illustr?es; cartes imprim?es comportant des voeux ou des messages personnels, m?me illustr?es, avec ou sans enveloppes, garnitures ou applications.","49'","Printed books, newspapers, pictures and other products of the printing industry; manuscripts, typesc","4909'","Printed or illustrated postcards; printed cards bearing personal greetings, messages or announcement","490900'"," Printed or illustrated postcards; printed cards bearing personal greetings, messages or announcement","8","1","R","0","0","","","","0","0","0","0","0","0"
"2571","","HS 2007","Harmonized System 2007","Gabon","266'","2019","1","49100000'","  "," Calendriers de tous genres, imprim?s, y compris les blocs de calendriers ? effeuiller.","49'","Printed books, newspapers, pictures and other products of the printing industry; manuscripts, typesc","4910'","Calendars of any kind, printed, including calendar blocks.","491000'"," Calendars of any kind, printed, including calendar blocks.","8","1","R","0","0","","","","0","0","0","0","0","0"
"2572","","HS 2007","Harmonized System 2007","Gabon","266'","2019","1","49111000'","  "," - Imprim?s publicitaires, catalogues commerciaux et similaires","49'","Printed books, newspapers, pictures and other products of the printing industry; manuscripts, typesc","4911'","Other printed matter, including printed pictures and photographs.","491110'"," - Trade advertising material, commercial catalogues and the like","8","1","R","0","0","","","","0","0","0","0","0","0"
"2573","","HS 2007","Harmonized System 2007","Gabon","266'","2019","1","49119100'","  "," -- Images, gravures et photographies","49'","Printed books, newspapers, pictures and other products of the printing industry; manuscripts, typesc","4911'","Other printed matter, including printed pictures and photographs.","491191'"," -- Pictures, designs and photographs","8","1","R","0","0","","","","0","0","0","0","0","0"
"2574","","HS 2007","Harmonized System 2007","Gabon","266'","2019","1","49119900'","  "," -- Autres","49'","Printed books, newspapers, pictures and other products of the printing industry; manuscripts, typesc","4911'","Other printed matter, including printed pictures and photographs.","491199'"," -- Other","8","1","R","0","0","","","","0","0","0","0","0","0"
"2575","","HS 2007","Harmonized System 2007","Gabon","266'","2019","1","50010000'","  "," Cocons de vers ? soie propres au d?vidage.","50'","Silk","5001'","Silk-worm cocoons suitable for reeling.","500100'"," Silk-worm cocoons suitable for reeling.","8","1","R","0","0","","","","0","0","0","0","0","0"
"2576","","HS 2007","Harmonized System 2007","Gabon","266'","2019","1","50020000'","  "," Soie gr?ge (non moulin?e).","50'","Silk","5002'","Raw silk (not thrown).","500200'"," Raw silk (not thrown).","8","1","R","0","0","","","","0","0","0","0","0","0"
"2577","","HS 2007","Harmonized System 2007","Gabon","266'","2019","1","50030000'","  "," D?chets de soie (y compris les cocons non d?vidables, les d?chets de fils et les effiloch?s).","50'","Silk","5003'","Silk waste (including cocoons unsuitable for reeling, yarn waste and garnetted stock).","500300'"," Silk waste (including cocoons unsuitable for reeling, yarn waste and garneted stock).","8","1","R","0","0","","","","0","0","0","0","0","0"
"2578","","HS 2007","Harmonized System 2007","Gabon","266'","2019","1","50040000'","  "," Fils de soie (autres que les fils de d?chets de soie) non conditionn?s pour la vente au d?tail.","50'","Silk","5004'","Silk yarn (other than yarn spun from silk waste) not put up for retail sale.","500400'"," Silk yarn (other than yarn spun from silk waste) not put up for retail sale.","8","1","R","0","0","","","","0","0","0","0","0","0"
"2579","","HS 2007","Harmonized System 2007","Gabon","266'","2019","1","50050000'","  "," Fils de d?chets de soie, non conditionn?s pour la vente au d?tail.","50'","Silk","5005'","Yarn spun from silk waste, not put up for retail sale.","500500'"," Yarn spun from silk waste, not put up for retail sale.","8","1","R","0","0","","","","0","0","0","0","0","0"
"2580","","HS 2007","Harmonized System 2007","Gabon","266'","2019","1","50060000'","  "," Fils de soie ou de d?chets de soie, conditionn?s pour la vente au d?tail; poil de Messine (crin de Florence).","50'","Silk","5006'","Silk yarn and yarn spun from silk waste, put up for retail sale; silk-worm gut.","500600'"," Silk yarn and yarn spun from silk waste, put up for retail sale; silk-worm gut.","8","1","R","0","0","","","","0","0","0","0","0","0"
"2581","","HS 2007","Harmonized System 2007","Gabon","266'","2019","1","50071000'","  "," - Tissus de bourrette","50'","Silk","5007'","Woven fabrics of silk or of silk waste.","500710'"," - Fabrics of noil silk","8","1","R","0","0","","","","0","0","0","0","0","0"
"2582","","HS 2007","Harmonized System 2007","Gabon","266'","2019","1","50072000'","  "," - Autres tissus, contenant au moins 85 % en poids de soie ou de d?chets de soie autres que la bourrette","50'","Silk","5007'","Woven fabrics of silk or of silk waste.","500720'"," - Other fabrics, containing 85% or more by weight of silk or of silk waste other than noil silk","8","1","R","0","0","","","","0","0","0","0","0","0"
"2583","","HS 2007","Harmonized System 2007","Gabon","266'","2019","1","50079000'","  "," - Autres tissus","50'","Silk","5007'","Woven fabrics of silk or of silk waste.","500790'"," - Other fabrics","8","1","R","0","0","","","","0","0","0","0","0","0"
"2584","","HS 2007","Harmonized System 2007","Gabon","266'","2019","1","51011100'","  "," -- Laines de tonte","51'","Wool, fine or coarse animal hair; horsehair yarn and woven fabric","5101'","Wool, not carded or combed.","510111'"," -- Shorn wool","8","1","R","0","0","","","","0","0","0","0","0","0"
"2585","","HS 2007","Harmonized System 2007","Gabon","266'","2019","1","51011900'","  "," -- Autres","51'","Wool, fine or coarse animal hair; horsehair yarn and woven fabric","5101'","Wool, not carded or combed.","510119'"," -- Other","8","1","R","0","0","","","","0","0","0","0","0","0"
"2586","","HS 2007","Harmonized System 2007","Gabon","266'","2019","1","51012100'","  "," -- Laines de tonte","51'","Wool, fine or coarse animal hair; horsehair yarn and woven fabric","5101'","Wool, not carded or combed.","510121'"," -- Shorn wool","8","1","R","0","0","","","","0","0","0","0","0","0"
"2587","","HS 2007","Harmonized System 2007","Gabon","266'","2019","1","51012900'","  "," -- Autres","51'","Wool, fine or coarse animal hair; horsehair yarn and woven fabric","5101'","Wool, not carded or combed.","510129'"," -- Other","8","1","R","0","0","","","","0","0","0","0","0","0"
"2588","","HS 2007","Harmonized System 2007","Gabon","266'","2019","1","51013000'","  "," - Carbonis?es","51'","Wool, fine or coarse animal hair; horsehair yarn and woven fabric","5101'","Wool, not carded or combed.","510130'"," - Carbonised","8","1","R","0","0","","","","0","0","0","0","0","0"
"2589","","HS 2007","Harmonized System 2007","Gabon","266'","2019","1","51021100'","  "," -- De ch?vre de Cachemire","51'","Wool, fine or coarse animal hair; horsehair yarn and woven fabric","5102'","Fine or coarse animal hair, not carded or combed.","510211'"," -- Of Kashmir (cashmere) goats","8","1","R","0","0","","","","0","0","0","0","0","0"
"2590","","HS 2007","Harmonized System 2007","Gabon","266'","2019","1","51021900'","  "," -- Autres","51'","Wool, fine or coarse animal hair; horsehair yarn and woven fabric","5102'","Fine or coarse animal hair, not carded or combed.","510219'"," -- Other","8","1","R","0","0","","","","0","0","0","0","0","0"
"2591","","HS 2007","Harmonized System 2007","Gabon","266'","2019","1","51022000'","  "," - Poils grossiers","51'","Wool, fine or coarse animal hair; horsehair yarn and woven fabric","5102'","Fine or coarse animal hair, not carded or combed.","510220'"," - Coarse animal hair","8","1","R","0","0","","","","0","0","0","0","0","0"
"2592","","HS 2007","Harmonized System 2007","Gabon","266'","2019","1","51031000'","  "," - Blousses de laine ou de poils fins","51'","Wool, fine or coarse animal hair; horsehair yarn and woven fabric","5103'","Waste of wool or of fine or coarse animal hair, including yarn waste but excluding garnetted stock.","510310'"," - Noils of wool or of fine animal hair","8","1","R","0","0","","","","0","0","0","0","0","0"
"2593","","HS 2007","Harmonized System 2007","Gabon","266'","2019","1","51032000'","  "," - Autres d?chets de laine ou de poils fins","51'","Wool, fine or coarse animal hair; horsehair yarn and woven fabric","5103'","Waste of wool or of fine or coarse animal hair, including yarn waste but excluding garnetted stock.","510320'"," - Other waste of wool or of fine animal hair","8","1","R","0","0","","","","0","0","0","0","0","0"
"2594","","HS 2007","Harmonized System 2007","Gabon","266'","2019","1","51033000'","  "," - D?chets de poils grossiers","51'","Wool, fine or coarse animal hair; horsehair yarn and woven fabric","5103'","Waste of wool or of fine or coarse animal hair, including yarn waste but excluding garnetted stock.","510330'"," - Waste of coarse animal hair","8","1","R","0","0","","","","0","0","0","0","0","0"
"2595","","HS 2007","Harmonized System 2007","Gabon","266'","2019","1","51040000'","  "," Effiloch?s de laine ou de poils fins ou grossiers.","51'","Wool, fine or coarse animal hair; horsehair yarn and woven fabric","5104'","Garnetted stock of wool or of fine or coarse animal hair.","510400'"," Garnetted stock of wool or of fine or coarse animal hair.","8","1","R","0","0","","","","0","0","0","0","0","0"
"2596","","HS 2007","Harmonized System 2007","Gabon","266'","2019","1","51051000'","  "," - Laine card?e","51'","Wool, fine or coarse animal hair; horsehair yarn and woven fabric","5105'","Wool and fine or coarse animal hair, carded or combed (including combed wool in fragments).","510510'"," - Carded wool","8","1","R","0","0","","","","0","0","0","0","0","0"
"2597","","HS 2007","Harmonized System 2007","Gabon","266'","2019","1","51052100'","  "," -- ? Laine peign?e en vrac ?","51'","Wool, fine or coarse animal hair; horsehair yarn and woven fabric","5105'","Wool and fine or coarse animal hair, carded or combed (including combed wool in fragments).","510521'"," -- Combed wool in fragments","8","1","R","0","0","","","","0","0","0","0","0","0"
"2598","","HS 2007","Harmonized System 2007","Gabon","266'","2019","1","51052900'","  "," -- Autre","51'","Wool, fine or coarse animal hair; horsehair yarn and woven fabric","5105'","Wool and fine or coarse animal hair, carded or combed (including combed wool in fragments).","510529'"," -- Other","8","1","R","0","0","","","","0","0","0","0","0","0"
"2599","","HS 2007","Harmonized System 2007","Gabon","266'","2019","1","51053100'","  "," -- De ch?vre de Cachemire","51'","Wool, fine or coarse animal hair; horsehair yarn and woven fabric","5105'","Wool and fine or coarse animal hair, carded or combed (including combed wool in fragments).","510531'"," -- Of Kashmir (cashmere) goats","8","1","R","0","0","","","","0","0","0","0","0","0"
"2600","","HS 2007","Harmonized System 2007","Gabon","266'","2019","1","51053900'","  "," -- Autres","51'","Wool, fine or coarse animal hair; horsehair yarn and woven fabric","5105'","Wool and fine or coarse animal hair, carded or combed (including combed wool in fragments).","510539'"," -- Other","8","1","R","0","0","","","","0","0","0","0","0","0"
"2601","","HS 2007","Harmonized System 2007","Gabon","266'","2019","1","51054000'","  "," - Poils grossiers, card?s ou peign?s","51'","Wool, fine or coarse animal hair; horsehair yarn and woven fabric","5105'","Wool and fine or coarse animal hair, carded or combed (including combed wool in fragments).","510540'"," - Coarse animal hair, carded or combed","8","1","R","0","0","","","","0","0","0","0","0","0"
"2602","","HS 2007","Harmonized System 2007","Gabon","266'","2019","1","51061000'","  "," - Contenant au moins 85 % en poids de laine","51'","Wool, fine or coarse animal hair; horsehair yarn and woven fabric","5106'","Yarn of carded wool, not put up for retail sale.","510610'"," - Containing 85% or more by weight of wool","8","1","R","0","0","","","","0","0","0","0","0","0"
"2603","","HS 2007","Harmonized System 2007","Gabon","266'","2019","1","51062000'","  "," - Contenant moins de 85 % en poids de laine","51'","Wool, fine or coarse animal hair; horsehair yarn and woven fabric","5106'","Yarn of carded wool, not put up for retail sale.","510620'"," - Containing less than 85% by weight of wool","8","1","R","0","0","","","","0","0","0","0","0","0"
"2604","","HS 2007","Harmonized System 2007","Gabon","266'","2019","1","51071000'","  "," - Contenant au moins 85 % en poids de laine","51'","Wool, fine or coarse animal hair; horsehair yarn and woven fabric","5107'","Yarn of combed wool, not put up for retail sale.","510710'"," - Containing 85% or more by weight of wool","8","1","R","0","0","","","","0","0","0","0","0","0"
"2605","","HS 2007","Harmonized System 2007","Gabon","266'","2019","1","51072000'","  "," - Contenant moins de 85 % en poids de laine","51'","Wool, fine or coarse animal hair; horsehair yarn and woven fabric","5107'","Yarn of combed wool, not put up for retail sale.","510720'"," - Containing less than 85% by weight of wool","8","1","R","0","0","","","","0","0","0","0","0","0"
"2606","","HS 2007","Harmonized System 2007","Gabon","266'","2019","1","51081000'","  "," - Card?s","51'","Wool, fine or coarse animal hair; horsehair yarn and woven fabric","5108'","Yarn of fine animal hair (carded or combed), not put up for retail sale.","510810'"," - Carded","8","1","R","0","0","","","","0","0","0","0","0","0"
"2607","","HS 2007","Harmonized System 2007","Gabon","266'","2019","1","51082000'","  "," - Peign?s","51'","Wool, fine or coarse animal hair; horsehair yarn and woven fabric","5108'","Yarn of fine animal hair (carded or combed), not put up for retail sale.","510820'"," - Combed","8","1","R","0","0","","","","0","0","0","0","0","0"
"2608","","HS 2007","Harmonized System 2007","Gabon","266'","2019","1","51091000'","  "," - Contenant au moins 85 % en poids de laine ou de poils fins","51'","Wool, fine or coarse animal hair; horsehair yarn and woven fabric","5109'","Yarn of wool or of fine animal hair, put up for retail sale.","510910'"," - Containing 85% or more by weight of wool or of fine animal hair","8","1","R","0","0","","","","0","0","0","0","0","0"
"2609","","HS 2007","Harmonized System 2007","Gabon","266'","2019","1","51099000'","  "," - Autres","51'","Wool, fine or coarse animal hair; horsehair yarn and woven fabric","5109'","Yarn of wool or of fine animal hair, put up for retail sale.","510990'"," - Other","8","1","R","0","0","","","","0","0","0","0","0","0"
"2610","","HS 2007","Harmonized System 2007","Gabon","266'","2019","1","51100000'","  "," Fils de poils grossiers ou de crin (y compris les fils de crin guip?s), m?me conditionn?s pour la vente au d?tail.","51'","Wool, fine or coarse animal hair; horsehair yarn and woven fabric","5110'","Yarn of coarse animal hair or of horsehair (including gimped horsehair yarn), whether or not put up ","511000'"," Yarn of coarse animal hair or of horsehair (including gimped horsehair yarn), whether or not put up ","8","1","R","0","0","","","","0","0","0","0","0","0"
"2611","","HS 2007","Harmonized System 2007","Gabon","266'","2019","1","51111100'","  "," -- D'un poids n'exc?dant pas 300 g/m?","51'","Wool, fine or coarse animal hair; horsehair yarn and woven fabric","5111'","Woven fabrics of carded wool or of carded fine animal hair.","511111'"," -- Of a weight not exceeding 300 g/m?","8","1","R","0","0","","","","0","0","0","0","0","0"
"2612","","HS 2007","Harmonized System 2007","Gabon","266'","2019","1","51111900'","  "," -- Autres","51'","Wool, fine or coarse animal hair; horsehair yarn and woven fabric","5111'","Woven fabrics of carded wool or of carded fine animal hair.","511119'"," -- Other","8","1","R","0","0","","","","0","0","0","0","0","0"
"2613","","HS 2007","Harmonized System 2007","Gabon","266'","2019","1","51112000'","  "," - Autres, m?lang?s principalement ou uniquement avec des filaments synth?tiques ou artificiels","51'","Wool, fine or coarse animal hair; horsehair yarn and woven fabric","5111'","Woven fabrics of carded wool or of carded fine animal hair.","511120'"," - Other, mixed mainly or solely with man-made filaments","8","1","R","0","0","","","","0","0","0","0","0","0"
"2614","","HS 2007","Harmonized System 2007","Gabon","266'","2019","1","51113000'","  "," - Autres, m?lang?s principalement ou uniquement avec des fibres synth?tiques ou artificielles discontinues","51'","Wool, fine or coarse animal hair; horsehair yarn and woven fabric","5111'","Woven fabrics of carded wool or of carded fine animal hair.","511130'"," - Other, mixed mainly or solely with man-made staple fibres","8","1","R","0","0","","","","0","0","0","0","0","0"
"2615","","HS 2007","Harmonized System 2007","Gabon","266'","2019","1","51119000'","  "," - Autres","51'","Wool, fine or coarse animal hair; horsehair yarn and woven fabric","5111'","Woven fabrics of carded wool or of carded fine animal hair.","511190'"," - Other","8","1","R","0","0","","","","0","0","0","0","0","0"
"2616","","HS 2007","Harmonized System 2007","Gabon","266'","2019","1","51121100'","  "," -- D'un poids n'exc?dant pas 200 g/m?","51'","Wool, fine or coarse animal hair; horsehair yarn and woven fabric","5112'","Woven fabrics of combed wool or of combed fine animal hair.","511211'"," -- Of a weight not exceeding 200 g/m?","8","1","R","0","0","","","","0","0","0","0","0","0"
"2617","","HS 2007","Harmonized System 2007","Gabon","266'","2019","1","51121900'","  "," -- Autres","51'","Wool, fine or coarse animal hair; horsehair yarn and woven fabric","5112'","Woven fabrics of combed wool or of combed fine animal hair.","511219'"," -- Other","8","1","R","0","0","","","","0","0","0","0","0","0"
"2618","","HS 2007","Harmonized System 2007","Gabon","266'","2019","1","51122000'","  "," - Autres, m?lang?s principalement ou uniquement avec des filaments synth?tiques ou artificiels","51'","Wool, fine or coarse animal hair; horsehair yarn and woven fabric","5112'","Woven fabrics of combed wool or of combed fine animal hair.","511220'"," - Other, mixed mainly or solely with man-made filaments","8","1","R","0","0","","","","0","0","0","0","0","0"
"2619","","HS 2007","Harmonized System 2007","Gabon","266'","2019","1","51123000'","  "," - Autres, m?lang?s principalement ou uniquement avec des fibres synth?tiques ou artificielles discontinues","51'","Wool, fine or coarse animal hair; horsehair yarn and woven fabric","5112'","Woven fabrics of combed wool or of combed fine animal hair.","511230'"," - Other, mixed mainly or solely with man-made staple fibres","8","1","R","0","0","","","","0","0","0","0","0","0"
"2620","","HS 2007","Harmonized System 2007","Gabon","266'","2019","1","51129000'","  "," - Autres","51'","Wool, fine or coarse animal hair; horsehair yarn and woven fabric","5112'","Woven fabrics of combed wool or of combed fine animal hair.","511290'"," - Other","8","1","R","0","0","","","","0","0","0","0","0","0"
"2621","","HS 2007","Harmonized System 2007","Gabon","266'","2019","1","51130000'","  "," Tissus de poils grossiers ou de crin.","51'","Wool, fine or coarse animal hair; horsehair yarn and woven fabric","5113'","Woven fabrics of coarse animal hair or of horsehair.","511300'"," Woven fabrics of coarse animal hair or of horsehair.","8","1","R","0","0","","","","0","0","0","0","0","0"
"2622","","HS 2007","Harmonized System 2007","Gabon","266'","2019","1","52010010'","  "," coton non card? ni peign?, Allen","52'","Cotton","5201'","Cotton, not carded or combed.","520100'"," Cotton, not carded or combed.","8","1","R","0","0","","","","0","0","0","0","0","0"
"2623","","HS 2007","Harmonized System 2007","Gabon","266'","2019","1","52010020'","  "," coton non card? ni peign? ,Triumph et Banda","52'","Cotton","5201'","Cotton, not carded or combed.","520100'"," Cotton, not carded or combed.","8","1","R","0","0","","","","0","0","0","0","0","0"
"2624","","HS 2007","Harmonized System 2007","Gabon","266'","2019","1","52010090'","  "," coton non card? ni peign? autres que du52010010 et 52010020","52'","Cotton","5201'","Cotton, not carded or combed.","520100'"," Cotton, not carded or combed.","8","1","R","0","0","","","","0","0","0","0","0","0"
"2625","","HS 2007","Harmonized System 2007","Gabon","266'","2019","1","52021000'","  "," - D?chets de fils","52'","Cotton","5202'","Cotton waste (including yarn waste and garnetted stock).","520210'"," - Yarn waste (including thread waste)","8","1","R","0","0","","","","0","0","0","0","0","0"
"2626","","HS 2007","Harmonized System 2007","Gabon","266'","2019","1","52029100'","  "," -- Effiloch?s","52'","Cotton","5202'","Cotton waste (including yarn waste and garnetted stock).","520291'"," -- Garnetted stock","8","1","R","0","0","","","","0","0","0","0","0","0"
"2627","","HS 2007","Harmonized System 2007","Gabon","266'","2019","1","52029900'","  "," -- Autres","52'","Cotton","5202'","Cotton waste (including yarn waste and garnetted stock).","520299'"," -- Other","8","1","R","0","0","","","","0","0","0","0","0","0"
"2628","","HS 2007","Harmonized System 2007","Gabon","266'","2019","1","52030000'","  "," Coton, card? ou peign?.","52'","Cotton","5203'","Cotton, carded or combed.","520300'"," Cotton, carded or combed.","8","1","R","0","0","","","","0","0","0","0","0","0"
"2629","","HS 2007","Harmonized System 2007","Gabon","266'","2019","1","52041100'","  "," -- Contenant au moins 85 % en poids de coton","52'","Cotton","5204'","Cotton sewing thread, whether or not put up for retail sale.","520411'"," -- Containing 85% or more by weight of cotton","8","1","R","0","0","","","","0","0","0","0","0","0"
"2630","","HS 2007","Harmonized System 2007","Gabon","266'","2019","1","52041900'","  "," -- Autres","52'","Cotton","5204'","Cotton sewing thread, whether or not put up for retail sale.","520419'"," -- Other","8","1","R","0","0","","","","0","0","0","0","0","0"
"2631","","HS 2007","Harmonized System 2007","Gabon","266'","2019","1","52042000'","  "," - Conditionn?s pour la vente au d?tail","52'","Cotton","5204'","Cotton sewing thread, whether or not put up for retail sale.","520420'"," - Put up for retail sale","8","1","R","0","0","","","","0","0","0","0","0","0"
"2632","","HS 2007","Harmonized System 2007","Gabon","266'","2019","1","52051100'","  "," -- Titrant 714,29 d?citex ou plus (n'exc?dant pas 14 num?ros m?triques)","52'","Cotton","5205'","Cotton yarn (other than sewing thread), containing 85% or more by weight of cotton, not put up for r","520511'"," -- Measuring 714.29 decitex or more (not exceeding 14 metric number)","8","1","R","0","0","","","","0","0","0","0","0","0"
"2633","","HS 2007","Harmonized System 2007","Gabon","266'","2019","1","52051200'","  "," -- Titrant moins de 714,29 d?citex mais pas moins de 232,56 d?citex (exc?dant 14 num?ros m?triques mais n'exc?dant pas 43 num?ros m?triques)","52'","Cotton","5205'","Cotton yarn (other than sewing thread), containing 85% or more by weight of cotton, not put up for r","520512'"," -- Measuring less than 714.29 decitex but not less than 232.56 decitex (exceeding 14 metric number b","8","1","R","0","0","","","","0","0","0","0","0","0"
"2634","","HS 2007","Harmonized System 2007","Gabon","266'","2019","1","52051300'","  "," -- Titrant moins de 232,56 d?citex mais pas moins de 192,31 d?citex (exc?dant 43 num?ros m?triques mais n'exc?dant pas 52 num?ros m?triques)","52'","Cotton","5205'","Cotton yarn (other than sewing thread), containing 85% or more by weight of cotton, not put up for r","520513'"," -- Measuring less than 232.56 decitex but not less than 192.31 decitex (exceeding 43 metric number b","8","1","R","0","0","","","","0","0","0","0","0","0"
"2635","","HS 2007","Harmonized System 2007","Gabon","266'","2019","1","52051400'","  "," -- Titrant moins de 192,31 d?citex mais pas moins de 125 d?citex (exc?dant 52 num?ros m?triques mais n'exc?dant pas 80 num?ros m?triques)","52'","Cotton","5205'","Cotton yarn (other than sewing thread), containing 85% or more by weight of cotton, not put up for r","520514'"," -- Measuring less than 192.31 decitex but not less than 125 decitex (exceeding 52 metric number but ","8","1","R","0","0","","","","0","0","0","0","0","0"
"2636","","HS 2007","Harmonized System 2007","Gabon","266'","2019","1","52051500'","  "," -- Titrant moins de 125 d?citex (exc?dant 80 num?ros m?triques)","52'","Cotton","5205'","Cotton yarn (other than sewing thread), containing 85% or more by weight of cotton, not put up for r","520515'"," -- Measuring less than 125 decitex (exceeding 80 metric number)","8","1","R","0","0","","","","0","0","0","0","0","0"
"2637","","HS 2007","Harmonized System 2007","Gabon","266'","2019","1","52052100'","  "," -- Titrant 714,29 d?citex ou plus (n'exc?dant pas 14 num?ros m?triques)","52'","Cotton","5205'","Cotton yarn (other than sewing thread), containing 85% or more by weight of cotton, not put up for r","520521'"," -- Measuring 714.29 decitex or more (not exceeding 14 metric number)","8","1","R","0","0","","","","0","0","0","0","0","0"
"2638","","HS 2007","Harmonized System 2007","Gabon","266'","2019","1","52052200'","  "," -- Titrant moins de 714,29 d?citex mais pas moins de 232,56 d?citex (exc?dant 14 num?ros m?triques mais n'exc?dant pas 43 num?ros m?triques)","52'","Cotton","5205'","Cotton yarn (other than sewing thread), containing 85% or more by weight of cotton, not put up for r","520522'"," -- Measuring less than 714.29 decitex but not less than 232.56 decitex (exceeding 14 metric number b","8","1","R","0","0","","","","0","0","0","0","0","0"
"2639","","HS 2007","Harmonized System 2007","Gabon","266'","2019","1","52052300'","  "," -- Titrant moins de 232,56 d?citex mais pas moins de 192,31 d?citex (exc?dant 43 num?ros m?triques mais n'exc?dant pas 52 num?ros m?triques)","52'","Cotton","5205'","Cotton yarn (other than sewing thread), containing 85% or more by weight of cotton, not put up for r","520523'"," -- Measuring less than 232.56 decitex but not less than 192.31 decitex (exceeding 43 metric number b","8","1","R","0","0","","","","0","0","0","0","0","0"
"2640","","HS 2007","Harmonized System 2007","Gabon","266'","2019","1","52052400'","  "," -- Titrant moins de 192,31 d?citex mais pas moins de 125 d?citex (exc?dant 52 num?ros m?triques mais n'exc?dant pas 80 num?ros m?triques)","52'","Cotton","5205'","Cotton yarn (other than sewing thread), containing 85% or more by weight of cotton, not put up for r","520524'"," -- Measuring less than 192.31 decitex but not less than 125 decitex (exceeding 52 metric number but ","8","1","R","0","0","","","","0","0","0","0","0","0"
"2641","","HS 2007","Harmonized System 2007","Gabon","266'","2019","1","52052600'","  "," -- Titrant moins de 125 d?citex mais pas moins de 106,38 d?citex (exc?dant 80 num?ros m?triques mais n'exc?dant pas 94 num?ros m?triques)","52'","Cotton","5205'","Cotton yarn (other than sewing thread), containing 85% or more by weight of cotton, not put up for r","520526'"," -- Measuring less than 125 decitex but not less than 106.38 decitex (exceeding 80 metric number but ","8","1","R","0","0","","","","0","0","0","0","0","0"
"2642","","HS 2007","Harmonized System 2007","Gabon","266'","2019","1","52052700'","  "," -- Titrant moins de 106,38 d?citex mais pas moins de 83,33 d?citex (exc?dant 94 num?ros m?triques mais n'exc?dant pas 120 num?ros m?triques)","52'","Cotton","5205'","Cotton yarn (other than sewing thread), containing 85% or more by weight of cotton, not put up for r","520527'"," -- Measuring less than 106.38 decitex but not less than 83.33 decitex (exceeding 94 metric number bu","8","1","R","0","0","","","","0","0","0","0","0","0"
"2643","","HS 2007","Harmonized System 2007","Gabon","266'","2019","1","52052800'","  "," -- Titrant moins de 83,33 d?citex (exc?dant 120 num?ros m?triques)","52'","Cotton","5205'","Cotton yarn (other than sewing thread), containing 85% or more by weight of cotton, not put up for r","520528'"," -- Measuring less than 83.33 decitex (exceeding 120 metric number)","8","1","R","0","0","","","","0","0","0","0","0","0"
"2644","","HS 2007","Harmonized System 2007","Gabon","266'","2019","1","52053100'","  "," -- Titrant en fils simples 714,29 d?citex ou plus (n'exc?dant pas 14 num?ros m?triques en fils simples)","52'","Cotton","5205'","Cotton yarn (other than sewing thread), containing 85% or more by weight of cotton, not put up for r","520531'"," -- Measuring per single yarn 714.29 decitex or more (not exceeding 14 metric number per single yarn)","8","1","R","0","0","","","","0","0","0","0","0","0"
"2645","","HS 2007","Harmonized System 2007","Gabon","266'","2019","1","52053200'","  "," -- Titrant en fils simples moins de 714,29 d?citex mais pas moins de 232,56 d?citex (exc?dant 14 num?ros m?triques mais n'exc?dant pas 43 num?ros m?triques en fils simples)","52'","Cotton","5205'","Cotton yarn (other than sewing thread), containing 85% or more by weight of cotton, not put up for r","520532'"," -- Measuring per single yarn less than 714.29 decitex but not less than 232.56 decitex (exceeding 14","8","1","R","0","0","","","","0","0","0","0","0","0"
"2646","","HS 2007","Harmonized System 2007","Gabon","266'","2019","1","52053300'","  "," -- Titrant en fils simples moins de 232,56 d?citex mais pas moins de 192,31 d?citex (exc?dant 43 num?ros m?triques mais n'exc?dant pas 52 num?ros m?triques en fils simples)","52'","Cotton","5205'","Cotton yarn (other than sewing thread), containing 85% or more by weight of cotton, not put up for r","520533'"," -- Measuring per single yarn less than 232.56 decitex but not less than 192.31 decitex (exceeding 43","8","1","R","0","0","","","","0","0","0","0","0","0"
"2647","","HS 2007","Harmonized System 2007","Gabon","266'","2019","1","52053400'","  "," -- Titrant en fils simples moins de 192,31 d?citex mais pas moins de 125 d?citex (exc?dant 52 num?ros m?triques mais n'exc?dant pas 80 num?ros m?triques en fils simples)","52'","Cotton","5205'","Cotton yarn (other than sewing thread), containing 85% or more by weight of cotton, not put up for r","520534'"," -- Measuring per single yarn less than 192.31 decitex but not less than 125 decitex (exceeding 52 me","8","1","R","0","0","","","","0","0","0","0","0","0"
"2648","","HS 2007","Harmonized System 2007","Gabon","266'","2019","1","52053500'","  "," -- Titrant en fils simples moins de 125 d?citex (exc?dant 80 num?ros m?triques en fils simples)","52'","Cotton","5205'","Cotton yarn (other than sewing thread), containing 85% or more by weight of cotton, not put up for r","520535'"," -- Measuring per single yarn less than 125 decitex (exceeding 80 metric number per single yarn)","8","1","R","0","0","","","","0","0","0","0","0","0"
"2649","","HS 2007","Harmonized System 2007","Gabon","266'","2019","1","52054100'","  "," -- Titrant en fils simples 714,29 d?citex ou plus (n'exc?dant pas 14 num?ros m?triques en fils simples)","52'","Cotton","5205'","Cotton yarn (other than sewing thread), containing 85% or more by weight of cotton, not put up for r","520541'"," -- Measuring per single yarn 714.29 decitex or more (not exceeding 14 metric number per single yarn)","8","1","R","0","0","","","","0","0","0","0","0","0"
"2650","","HS 2007","Harmonized System 2007","Gabon","266'","2019","1","52054200'","  "," -- Titrant en fils simples moins de 714,29 d?citex mais pas moins de 232,56 d?citex (exc?dant 14 num?ros m?triques mais n'exc?dant pas 43 num?ros m?triques en fils simples)","52'","Cotton","5205'","Cotton yarn (other than sewing thread), containing 85% or more by weight of cotton, not put up for r","520542'"," -- Measuring per single yarn less than 714.29 decitex but not less than 232.56 decitex (exceeding 14","8","1","R","0","0","","","","0","0","0","0","0","0"
"2651","","HS 2007","Harmonized System 2007","Gabon","266'","2019","1","52054300'","  "," -- Titrant en fils simples moins de 232,56 d?citex mais pas moins de 192,31 d?citex (exc?dant 43 num?ros m?triques mais n'exc?dant pas 52 num?ros m?triques en fils simples)","52'","Cotton","5205'","Cotton yarn (other than sewing thread), containing 85% or more by weight of cotton, not put up for r","520543'"," -- Measuring per single yarn less than 232.56 decitex but not less than 192.31 decitex (exceeding 43","8","1","R","0","0","","","","0","0","0","0","0","0"
"2652","","HS 2007","Harmonized System 2007","Gabon","266'","2019","1","52054400'","  "," -- Titrant en fils simples moins de 192,31 d?citex mais pas moins de 125 d?citex (exc?dant 52 num?ros m?triques mais n'exc?dant pas 80 num?ros m?triques en fils simples)","52'","Cotton","5205'","Cotton yarn (other than sewing thread), containing 85% or more by weight of cotton, not put up for r","520544'"," -- Measuring per single yarn less than 192.31 decitex but not less than 125 decitex (exceeding 52 me","8","1","R","0","0","","","","0","0","0","0","0","0"
"2653","","HS 2007","Harmonized System 2007","Gabon","266'","2019","1","52054600'","  "," -- Titrant en fils simples moins de 125 d?citex mais pas moins de 106,38 d?citex (exc?dant 80 num?ros m?triques mais n'exc?dant pas 94 num?ros m?triques en fils simples)","52'","Cotton","5205'","Cotton yarn (other than sewing thread), containing 85% or more by weight of cotton, not put up for r","520546'"," -- Measuring per single yarn less than 125 decitex but not less than 106.38 decitex (exceeding 80 me","8","1","R","0","0","","","","0","0","0","0","0","0"
"2654","","HS 2007","Harmonized System 2007","Gabon","266'","2019","1","52054700'","  "," -- Titrant en fils simples moins de 106,38 d?citex mais pas moins de 83,33 d?citex (exc?dant 94 num?ros m?triques mais n'exc?dant pas 120 num?ros m?triques en fils simples)","52'","Cotton","5205'","Cotton yarn (other than sewing thread), containing 85% or more by weight of cotton, not put up for r","520547'"," -- Measuring per single yarn less than 106.38 decitex but not less than 83.33 decitex (exceeding 94 ","8","1","R","0","0","","","","0","0","0","0","0","0"
"2655","","HS 2007","Harmonized System 2007","Gabon","266'","2019","1","52054800'","  "," -- Titrant en fils simples moins de 83,33 d?citex (exc?dant 120 num?ros m?triques en fils simples)","52'","Cotton","5205'","Cotton yarn (other than sewing thread), containing 85% or more by weight of cotton, not put up for r","520548'"," -- Measuring per single yarn less than 83.33 decitex (exceeding 120 metric number per single yarn)","8","1","R","0","0","","","","0","0","0","0","0","0"
"2656","","HS 2007","Harmonized System 2007","Gabon","266'","2019","1","52061100'","  "," -- Titrant 714,29 d?citex ou plus (n'exc?dant pas 14 num?ros m?triques)","52'","Cotton","5206'","Cotton yarn (other than sewing thread), containing less than 85% by weight of cotton, not put up for","520611'"," -- Measuring 714.29 decitex or more (not exceeding 14 metric number)","8","1","R","0","0","","","","0","0","0","0","0","0"
"2657","","HS 2007","Harmonized System 2007","Gabon","266'","2019","1","52061200'","  "," -- Titrant moins de 714,29 d?citex mais pas moins de 232,56 d?citex (exc?dant 14 num?ros m?triques mais n'exc?dant pas 43 num?ros m?triques)","52'","Cotton","5206'","Cotton yarn (other than sewing thread), containing less than 85% by weight of cotton, not put up for","520612'"," -- Measuring less than 714.29 decitex but not less than 232.56 decitex (exceeding 14 metric number b","8","1","R","0","0","","","","0","0","0","0","0","0"
"2658","","HS 2007","Harmonized System 2007","Gabon","266'","2019","1","52061300'","  "," -- Titrant moins de 232,56 d?citex mais pas moins de 192,31 d?citex (exc?dant 43 num?ros m?triques mais n'exc?dant pas 52 num?ros m?triques)","52'","Cotton","5206'","Cotton yarn (other than sewing thread), containing less than 85% by weight of cotton, not put up for","520613'"," -- Measuring less than 232.56 decitex but not less than 192.31 decitex (exceeding 43 metric number b","8","1","R","0","0","","","","0","0","0","0","0","0"
"2659","","HS 2007","Harmonized System 2007","Gabon","266'","2019","1","52061400'","  "," -- Titrant moins de 192,31 d?citex mais pas moins de 125 d?citex (exc?dant 52 num?ros m?triques mais n'exc?dant pas 80 num?ros m?triques)","52'","Cotton","5206'","Cotton yarn (other than sewing thread), containing less than 85% by weight of cotton, not put up for","520614'"," -- Measuring less than 192.31 decitex but not less than 125 decitex (exceeding 52 metric number but ","8","1","R","0","0","","","","0","0","0","0","0","0"
"2660","","HS 2007","Harmonized System 2007","Gabon","266'","2019","1","52061500'","  "," -- Titrant moins de 125 d?citex (exc?dant 80 num?ros m?triques)","52'","Cotton","5206'","Cotton yarn (other than sewing thread), containing less than 85% by weight of cotton, not put up for","520615'"," -- Measuring less than 125 decitex (exceeding 80 metric number)","8","1","R","0","0","","","","0","0","0","0","0","0"
"2661","","HS 2007","Harmonized System 2007","Gabon","266'","2019","1","52062100'","  "," -- Titrant 714,29 d?citex ou plus (n'exc?dant pas 14 num?ros m?triques)","52'","Cotton","5206'","Cotton yarn (other than sewing thread), containing less than 85% by weight of cotton, not put up for","520621'"," -- Measuring 714.29 decitex or more (not exceeding 14 metric number)","8","1","R","0","0","","","","0","0","0","0","0","0"
"2662","","HS 2007","Harmonized System 2007","Gabon","266'","2019","1","52062200'","  "," -- Titrant moins de 714,29 d?citex mais pas moins de 232,56 d?citex (exc?dant 14 num?ros m?triques mais n'exc?dant pas 43 num?ros m?triques)","52'","Cotton","5206'","Cotton yarn (other than sewing thread), containing less than 85% by weight of cotton, not put up for","520622'"," -- Measuring less than 714.29 decitex but not less than 232.56 decitex (exceeding 14 metric number b","8","1","R","0","0","","","","0","0","0","0","0","0"
"2663","","HS 2007","Harmonized System 2007","Gabon","266'","2019","1","52062300'","  "," -- Titrant moins de 232,56 d?citex mais pas moins de 192,31 d?citex (exc?dant 43 num?ros m?triques mais n'exc?dant pas 52 num?ros m?triques)","52'","Cotton","5206'","Cotton yarn (other than sewing thread), containing less than 85% by weight of cotton, not put up for","520623'"," -- Measuring less than 232.56 decitex but not less than 192.31 decitex (exceeding 43 metric number b","8","1","R","0","0","","","","0","0","0","0","0","0"
"2664","","HS 2007","Harmonized System 2007","Gabon","266'","2019","1","52062400'","  "," -- Titrant moins de 192,31 d?citex mais pas moins de 125 d?citex (exc?dant 52 num?ros m?triques mais n'exc?dant pas 80 num?ros m?triques)","52'","Cotton","5206'","Cotton yarn (other than sewing thread), containing less than 85% by weight of cotton, not put up for","520624'"," -- Measuring less than 192.31 decitex but not less than 125 decitex (exceeding 52 metric number but ","8","1","R","0","0","","","","0","0","0","0","0","0"
"2665","","HS 2007","Harmonized System 2007","Gabon","266'","2019","1","52062500'","  "," -- Titrant moins de 125 d?citex (exc?dant 80 num?ros m?triques)","52'","Cotton","5206'","Cotton yarn (other than sewing thread), containing less than 85% by weight of cotton, not put up for","520625'"," -- Measuring less than 125 decitex (exceeding 80 metric number)","8","1","R","0","0","","","","0","0","0","0","0","0"
"2666","","HS 2007","Harmonized System 2007","Gabon","266'","2019","1","52063100'","  "," -- Titrant en fils simples 714,29 d?citex ou plus (n'exc?dant pas 14 num?ros m?triques en fils simples)","52'","Cotton","5206'","Cotton yarn (other than sewing thread), containing less than 85% by weight of cotton, not put up for","520631'"," -- Measuring per single yarn 714.29 decitex or more (not exceeding 14 metric number per single yarn)","8","1","R","0","0","","","","0","0","0","0","0","0"
"2667","","HS 2007","Harmonized System 2007","Gabon","266'","2019","1","52063200'","  "," -- Titrant en fils simples moins de 714,29 d?citex mais pas moins de 232,56 d?citex (exc?dant 14 num?ros m?triques mais n'exc?dant pas 43 num?ros m?triques en fils simples)","52'","Cotton","5206'","Cotton yarn (other than sewing thread), containing less than 85% by weight of cotton, not put up for","520632'"," -- Measuring per single yarn less than 714.29 decitex but not less than 232.56 decitex (exceeding 14","8","1","R","0","0","","","","0","0","0","0","0","0"
"2668","","HS 2007","Harmonized System 2007","Gabon","266'","2019","1","52063300'","  "," -- Titrant en fils simples moins de 232,56 d?citex mais pas moins de 192,31 d?citex (exc?dant 43 num?ros m?triques mais n'exc?dant pas 52 num?ros m?triques en fils simples)","52'","Cotton","5206'","Cotton yarn (other than sewing thread), containing less than 85% by weight of cotton, not put up for","520633'"," -- Measuring per single yarn less than 232.56 decitex but not less than 192.31 decitex (exceeding 43","8","1","R","0","0","","","","0","0","0","0","0","0"
"2669","","HS 2007","Harmonized System 2007","Gabon","266'","2019","1","52063400'","  "," -- Titrant en fils simples moins de 192,31 d?citex mais pas moins de 125 d?citex (exc?dant 52 num?ros m?triques mais n'exc?dant pas 80 num?ros m?triques en fils simples)","52'","Cotton","5206'","Cotton yarn (other than sewing thread), containing less than 85% by weight of cotton, not put up for","520634'"," -- Measuring per single yarn less than 192.31 decitex but not less than 125 decitex (exceeding 52 me","8","1","R","0","0","","","","0","0","0","0","0","0"
"2670","","HS 2007","Harmonized System 2007","Gabon","266'","2019","1","52063500'","  "," -- Titrant en fils simples moins de 125 d?citex (exc?dant 80 num?ros m?triques en fils simples)","52'","Cotton","5206'","Cotton yarn (other than sewing thread), containing less than 85% by weight of cotton, not put up for","520635'"," -- Measuring per single yarn less than 125 decitex (exceeding 80 metric number per single yarn)","8","1","R","0","0","","","","0","0","0","0","0","0"
"2671","","HS 2007","Harmonized System 2007","Gabon","266'","2019","1","52064100'","  "," -- Titrant en fils simples 714,29 d?citex ou plus (n'exc?dant pas 14 num?ros m?triques en fils simples)","52'","Cotton","5206'","Cotton yarn (other than sewing thread), containing less than 85% by weight of cotton, not put up for","520641'"," -- Measuring per single yarn 714.29 decitex or more (not exceeding 14 metric number per single yarn)","8","1","R","0","0","","","","0","0","0","0","0","0"
"2672","","HS 2007","Harmonized System 2007","Gabon","266'","2019","1","52064200'","  "," -- Titrant en fils simples moins de 714,29 d?citex mais pas moins de 232,56 d?citex (exc?dant 14 num?ros m?triques mais n'exc?dant pas 43 num?ros m?triques en fils simples)","52'","Cotton","5206'","Cotton yarn (other than sewing thread), containing less than 85% by weight of cotton, not put up for","520642'"," -- Measuring per single yarn less than 714.29 decitex but not less than 232.56 decitex (exceeding 14","8","1","R","0","0","","","","0","0","0","0","0","0"
"2673","","HS 2007","Harmonized System 2007","Gabon","266'","2019","1","52064300'","  "," -- Titrant en fils simples moins de 232,56 d?citex mais pas moins de 192,31 d?citex (exc?dant 43 num?ros m?triques mais n'exc?dant pas 52 num?ros m?triques en fils simples)","52'","Cotton","5206'","Cotton yarn (other than sewing thread), containing less than 85% by weight of cotton, not put up for","520643'"," -- Measuring per single yarn less than 232.56 decitex but not less than 192.31 decitex (exceeding 43","8","1","R","0","0","","","","0","0","0","0","0","0"
"2674","","HS 2007","Harmonized System 2007","Gabon","266'","2019","1","52064400'","  "," -- Titrant en fils simples moins de 192,31 d?citex mais pas moins de 125 d?citex (exc?dant 52 num?ros m?triques mais n'exc?dant pas 80 num?ros m?triques en fils simples)","52'","Cotton","5206'","Cotton yarn (other than sewing thread), containing less than 85% by weight of cotton, not put up for","520644'"," -- Measuring per single yarn less than 192.31 decitex but not less than 125 decitex (exceeding 52 me","8","1","R","0","0","","","","0","0","0","0","0","0"
"2675","","HS 2007","Harmonized System 2007","Gabon","266'","2019","1","52064500'","  "," -- Titrant en fils simples moins de 125 d?citex (exc?dant 80 num?ros m?triques en fils simples)","52'","Cotton","5206'","Cotton yarn (other than sewing thread), containing less than 85% by weight of cotton, not put up for","520645'"," -- Measuring per single yarn less than 125 decitex (exceeding 80 metric number per single yarn)","8","1","R","0","0","","","","0","0","0","0","0","0"
"2676","","HS 2007","Harmonized System 2007","Gabon","266'","2019","1","52071000'","  "," - Contenant au moins 85 % en poids de coton","52'","Cotton","5207'","Cotton yarn (other than sewing thread) put up for retail sale.","520710'"," - Containing 85% or more by weight of cotton","8","1","R","0","0","","","","0","0","0","0","0","0"
"2677","","HS 2007","Harmonized System 2007","Gabon","266'","2019","1","52079000'","  "," - Autres","52'","Cotton","5207'","Cotton yarn (other than sewing thread) put up for retail sale.","520790'"," - Other","8","1","R","0","0","","","","0","0","0","0","0","0"
"2678","","HS 2007","Harmonized System 2007","Gabon","266'","2019","1","52081100'","  "," -- A armure toile, d'un poids n'exc?dant pas 100 g/m?","52'","Cotton","5208'","Woven fabrics of cotton, containing 85% or more by weight of cotton, weighing not more than 200 g/m2","520811'"," -- Plain weave, weighing not more than 100 g/m2","8","1","R","0","0","","","","0","0","0","0","0","0"
"2679","","HS 2007","Harmonized System 2007","Gabon","266'","2019","1","52081200'","  "," -- A armure toile, d'un poids exc?dant 100 g/m?","52'","Cotton","5208'","Woven fabrics of cotton, containing 85% or more by weight of cotton, weighing not more than 200 g/m2","520812'"," -- Plain weave, weighing more than 100 g/m2","8","1","R","0","0","","","","0","0","0","0","0","0"
"2680","","HS 2007","Harmonized System 2007","Gabon","266'","2019","1","52081300'","  "," -- A armure serg?, y compris le crois?, dont le rapport d'armure n'exc?de pas 4","52'","Cotton","5208'","Woven fabrics of cotton, containing 85% or more by weight of cotton, weighing not more than 200 g/m2","520813'"," -- 3-thread or 4-thread twill, including cross twill","8","1","R","0","0","","","","0","0","0","0","0","0"
"2681","","HS 2007","Harmonized System 2007","Gabon","266'","2019","1","52081900'","  "," -- Autres tissus","52'","Cotton","5208'","Woven fabrics of cotton, containing 85% or more by weight of cotton, weighing not more than 200 g/m2","520819'"," -- Other fabrics","8","1","R","0","0","","","","0","0","0","0","0","0"
"2682","","HS 2007","Harmonized System 2007","Gabon","266'","2019","1","52082100'","  "," -- A armure toile, d'un poids n'exc?dant pas 100 g/m?","52'","Cotton","5208'","Woven fabrics of cotton, containing 85% or more by weight of cotton, weighing not more than 200 g/m2","520821'"," -- Plain weave, weighing not more than 100 g/m2","8","1","R","0","0","","","","0","0","0","0","0","0"
"2683","","HS 2007","Harmonized System 2007","Gabon","266'","2019","1","52082200'","  "," -- A armure toile, d'un poids exc?dant 100 g/m?","52'","Cotton","5208'","Woven fabrics of cotton, containing 85% or more by weight of cotton, weighing not more than 200 g/m2","520822'"," -- Plain weave, weighing more than 100 g/m2","8","1","R","0","0","","","","0","0","0","0","0","0"
"2684","","HS 2007","Harmonized System 2007","Gabon","266'","2019","1","52082300'","  "," -- A armure serg?, y compris le crois?, dont le rapport d'armure n'exc?de pas 4","52'","Cotton","5208'","Woven fabrics of cotton, containing 85% or more by weight of cotton, weighing not more than 200 g/m2","520823'"," -- 3-thread or 4-thread twill, including cross twill","8","1","R","0","0","","","","0","0","0","0","0","0"
"2685","","HS 2007","Harmonized System 2007","Gabon","266'","2019","1","52082900'","  "," -- Autres tissus","52'","Cotton","5208'","Woven fabrics of cotton, containing 85% or more by weight of cotton, weighing not more than 200 g/m2","520829'"," -- Other fabrics","8","1","R","0","0","","","","0","0","0","0","0","0"
"2686","","HS 2007","Harmonized System 2007","Gabon","266'","2019","1","52083100'","  "," -- A armure toile, d'un poids n'exc?dant pas 100 g/m?","52'","Cotton","5208'","Woven fabrics of cotton, containing 85% or more by weight of cotton, weighing not more than 200 g/m2","520831'"," -- Plain weave, weighing not more than 100 g/m2","8","1","R","0","0","","","","0","0","0","0","0","0"
"2687","","HS 2007","Harmonized System 2007","Gabon","266'","2019","1","52083200'","  "," -- A armure toile, d'un poids exc?dant 100 g/m?","52'","Cotton","5208'","Woven fabrics of cotton, containing 85% or more by weight of cotton, weighing not more than 200 g/m2","520832'"," -- Plain weave, weighing more than 100 g/m2","8","1","R","0","0","","","","0","0","0","0","0","0"
"2688","","HS 2007","Harmonized System 2007","Gabon","266'","2019","1","52083300'","  "," -- A armure serg?, y compris le crois?, dont le rapport d'armure n'exc?de pas 4","52'","Cotton","5208'","Woven fabrics of cotton, containing 85% or more by weight of cotton, weighing not more than 200 g/m2","520833'"," -- 3-thread or 4-thread twill, including cross twill","8","1","R","0","0","","","","0","0","0","0","0","0"
"2689","","HS 2007","Harmonized System 2007","Gabon","266'","2019","1","52083900'","  "," -- Autres tissus","52'","Cotton","5208'","Woven fabrics of cotton, containing 85% or more by weight of cotton, weighing not more than 200 g/m2","520839'"," -- Other fabrics","8","1","R","0","0","","","","0","0","0","0","0","0"
"2690","","HS 2007","Harmonized System 2007","Gabon","266'","2019","1","52084100'","  "," -- A armure toile, d'un poids n'exc?dant pas 100 g/m?","52'","Cotton","5208'","Woven fabrics of cotton, containing 85% or more by weight of cotton, weighing not more than 200 g/m2","520841'"," -- Plain weave, weighing not more than 100 g/m2","8","1","R","0","0","","","","0","0","0","0","0","0"
"2691","","HS 2007","Harmonized System 2007","Gabon","266'","2019","1","52084200'","  "," -- A armure toile, d'un poids exc?dant 100 g/m?","52'","Cotton","5208'","Woven fabrics of cotton, containing 85% or more by weight of cotton, weighing not more than 200 g/m2","520842'"," -- Plain weave, weighing more than 100 g/m2","8","1","R","0","0","","","","0","0","0","0","0","0"
"2692","","HS 2007","Harmonized System 2007","Gabon","266'","2019","1","52084300'","  "," -- A armure serg?, y compris le crois?, dont le rapport d'armure n'exc?de pas 4","52'","Cotton","5208'","Woven fabrics of cotton, containing 85% or more by weight of cotton, weighing not more than 200 g/m2","520843'"," -- 3-thread or 4-thread twill, including cross twill","8","1","R","0","0","","","","0","0","0","0","0","0"
"2693","","HS 2007","Harmonized System 2007","Gabon","266'","2019","1","52084900'","  "," -- Autres tissus","52'","Cotton","5208'","Woven fabrics of cotton, containing 85% or more by weight of cotton, weighing not more than 200 g/m2","520849'"," -- Other fabrics","8","1","R","0","0","","","","0","0","0","0","0","0"
"2694","","HS 2007","Harmonized System 2007","Gabon","266'","2019","1","52085100'","  "," -- A armure toile, d'un poids n'exc?dant pas 100 g/m?","52'","Cotton","5208'","Woven fabrics of cotton, containing 85% or more by weight of cotton, weighing not more than 200 g/m2","520851'"," -- Plain weave, weighing not more than 100 g/m2","8","1","R","0","0","","","","0","0","0","0","0","0"
"2695","","HS 2007","Harmonized System 2007","Gabon","266'","2019","1","52085200'","  "," -- A armure toile, d'un poids exc?dant 100 g/m?","52'","Cotton","5208'","Woven fabrics of cotton, containing 85% or more by weight of cotton, weighing not more than 200 g/m2","520852'"," -- Plain weave, weighing more than 100 g/m2","8","1","R","0","0","","","","0","0","0","0","0","0"
"2696","","HS 2007","Harmonized System 2007","Gabon","266'","2019","1","52085900'","  "," -- Autres tissus","52'","Cotton","5208'","Woven fabrics of cotton, containing 85% or more by weight of cotton, weighing not more than 200 g/m2","520859'"," -- Other fabrics","8","1","R","0","0","","","","0","0","0","0","0","0"
"2697","","HS 2007","Harmonized System 2007","Gabon","266'","2019","1","52091100'","  "," -- A armure toile","52'","Cotton","5209'","Woven fabrics of cotton, containing 85% or more by weight of cotton, weighing more than 200 g/m2.","520911'"," -- Plain weave","8","1","R","0","0","","","","0","0","0","0","0","0"
"2698","","HS 2007","Harmonized System 2007","Gabon","266'","2019","1","52091200'","  "," -- A armure serg?, y compris le crois?, dont le rapport d'armure n'exc?de pas 4","52'","Cotton","5209'","Woven fabrics of cotton, containing 85% or more by weight of cotton, weighing more than 200 g/m2.","520912'"," -- 3-thread or 4-thread twill, including cross twill","8","1","R","0","0","","","","0","0","0","0","0","0"
"2699","","HS 2007","Harmonized System 2007","Gabon","266'","2019","1","52091900'","  "," -- Autres tissus","52'","Cotton","5209'","Woven fabrics of cotton, containing 85% or more by weight of cotton, weighing more than 200 g/m2.","520919'"," -- Other fabrics","8","1","R","0","0","","","","0","0","0","0","0","0"
"2700","","HS 2007","Harmonized System 2007","Gabon","266'","2019","1","52092100'","  "," -- A armure toile","52'","Cotton","5209'","Woven fabrics of cotton, containing 85% or more by weight of cotton, weighing more than 200 g/m2.","520921'"," -- Plain weave","8","1","R","0","0","","","","0","0","0","0","0","0"
"2701","","HS 2007","Harmonized System 2007","Gabon","266'","2019","1","52092200'","  "," -- A armure serg?, y compris le crois?, dont le rapport d'armure n'exc?de pas 4","52'","Cotton","5209'","Woven fabrics of cotton, containing 85% or more by weight of cotton, weighing more than 200 g/m2.","520922'"," -- 3-thread or 4-thread twill, including cross twill","8","1","R","0","0","","","","0","0","0","0","0","0"
"2702","","HS 2007","Harmonized System 2007","Gabon","266'","2019","1","52092900'","  "," -- Autres tissus","52'","Cotton","5209'","Woven fabrics of cotton, containing 85% or more by weight of cotton, weighing more than 200 g/m2.","520929'"," -- Other fabrics","8","1","R","0","0","","","","0","0","0","0","0","0"
"2703","","HS 2007","Harmonized System 2007","Gabon","266'","2019","1","52093100'","  "," -- A armure toile","52'","Cotton","5209'","Woven fabrics of cotton, containing 85% or more by weight of cotton, weighing more than 200 g/m2.","520931'"," -- Plain weave","8","1","R","0","0","","","","0","0","0","0","0","0"
"2704","","HS 2007","Harmonized System 2007","Gabon","266'","2019","1","52093200'","  "," -- A armure serg?, y compris le crois?, dont le rapport d'armure n'exc?de pas 4","52'","Cotton","5209'","Woven fabrics of cotton, containing 85% or more by weight of cotton, weighing more than 200 g/m2.","520932'"," -- 3-thread or 4-thread twill, including cross twill","8","1","R","0","0","","","","0","0","0","0","0","0"
"2705","","HS 2007","Harmonized System 2007","Gabon","266'","2019","1","52093900'","  "," -- Autres tissus","52'","Cotton","5209'","Woven fabrics of cotton, containing 85% or more by weight of cotton, weighing more than 200 g/m2.","520939'"," -- Other fabrics","8","1","R","0","0","","","","0","0","0","0","0","0"
"2706","","HS 2007","Harmonized System 2007","Gabon","266'","2019","1","52094100'","  "," -- A armure toile","52'","Cotton","5209'","Woven fabrics of cotton, containing 85% or more by weight of cotton, weighing more than 200 g/m2.","520941'"," -- Plain weave","8","1","R","0","0","","","","0","0","0","0","0","0"
"2707","","HS 2007","Harmonized System 2007","Gabon","266'","2019","1","52094200'","  "," -- Tissus dits ? Denim ?","52'","Cotton","5209'","Woven fabrics of cotton, containing 85% or more by weight of cotton, weighing more than 200 g/m2.","520942'"," -- Denim","8","1","R","0","0","","","","0","0","0","0","0","0"
"2708","","HS 2007","Harmonized System 2007","Gabon","266'","2019","1","52094300'","  "," -- Autres tissus ? armure serg?, y compris le crois?, dont le rapport d'armure n'exc?de pas 4","52'","Cotton","5209'","Woven fabrics of cotton, containing 85% or more by weight of cotton, weighing more than 200 g/m2.","520943'"," -- Other fabrics of 3-thread or 4-thread twill, including cross twill","8","1","R","0","0","","","","0","0","0","0","0","0"
"2709","","HS 2007","Harmonized System 2007","Gabon","266'","2019","1","52094900'","  "," -- Autres tissus","52'","Cotton","5209'","Woven fabrics of cotton, containing 85% or more by weight of cotton, weighing more than 200 g/m2.","520949'"," -- Other fabrics","8","1","R","0","0","","","","0","0","0","0","0","0"
"2710","","HS 2007","Harmonized System 2007","Gabon","266'","2019","1","52095100'","  "," -- A armure toile","52'","Cotton","5209'","Woven fabrics of cotton, containing 85% or more by weight of cotton, weighing more than 200 g/m2.","520951'"," -- Plain weave","8","1","R","0","0","","","","0","0","0","0","0","0"
"2711","","HS 2007","Harmonized System 2007","Gabon","266'","2019","1","52095200'","  "," -- A armure serg?, y compris le crois?, dont le rapport d'armure n'exc?de pas 4","52'","Cotton","5209'","Woven fabrics of cotton, containing 85% or more by weight of cotton, weighing more than 200 g/m2.","520952'"," -- 3-thread or 4-thread twill, including cross twill","8","1","R","0","0","","","","0","0","0","0","0","0"
"2712","","HS 2007","Harmonized System 2007","Gabon","266'","2019","1","52095900'","  "," -- Autres tissus","52'","Cotton","5209'","Woven fabrics of cotton, containing 85% or more by weight of cotton, weighing more than 200 g/m2.","520959'"," -- Other fabrics","8","1","R","0","0","","","","0","0","0","0","0","0"
"2713","","HS 2007","Harmonized System 2007","Gabon","266'","2019","1","52101100'","  "," -- A armure toile","52'","Cotton","5210'","Woven fabrics of cotton, containing less than 85% by weight of cotton, mixed mainly or solely with m","521011'"," -- Plain weave","8","1","R","0","0","","","","0","0","0","0","0","0"
"2714","","HS 2007","Harmonized System 2007","Gabon","266'","2019","1","52101900'","  "," -- Autres tissus","52'","Cotton","5210'","Woven fabrics of cotton, containing less than 85% by weight of cotton, mixed mainly or solely with m","521019'"," -- Other fabrics","8","1","R","0","0","","","","0","0","0","0","0","0"
"2715","","HS 2007","Harmonized System 2007","Gabon","266'","2019","1","52102100'","  "," -- A armure toile","52'","Cotton","5210'","Woven fabrics of cotton, containing less than 85% by weight of cotton, mixed mainly or solely with m","521021'"," -- Plain weave","8","1","R","0","0","","","","0","0","0","0","0","0"
"2716","","HS 2007","Harmonized System 2007","Gabon","266'","2019","1","52102900'","  "," -- Autres tissus","52'","Cotton","5210'","Woven fabrics of cotton, containing less than 85% by weight of cotton, mixed mainly or solely with m","521029'"," -- Other fabrics","8","1","R","0","0","","","","0","0","0","0","0","0"
"2717","","HS 2007","Harmonized System 2007","Gabon","266'","2019","1","52103100'","  "," -- A armure toile","52'","Cotton","5210'","Woven fabrics of cotton, containing less than 85% by weight of cotton, mixed mainly or solely with m","521031'"," -- Plain weave","8","1","R","0","0","","","","0","0","0","0","0","0"
"2718","","HS 2007","Harmonized System 2007","Gabon","266'","2019","1","52103200'","  "," -- A armure serg?, y compris le crois?, dont le rapport d'armure n'exc?de pas 4","52'","Cotton","5210'","Woven fabrics of cotton, containing less than 85% by weight of cotton, mixed mainly or solely with m","521032'"," -- 3-thread or 4-thread twill, including cross twill","8","1","R","0","0","","","","0","0","0","0","0","0"
"2719","","HS 2007","Harmonized System 2007","Gabon","266'","2019","1","52103900'","  "," -- Autres tissus","52'","Cotton","5210'","Woven fabrics of cotton, containing less than 85% by weight of cotton, mixed mainly or solely with m","521039'"," -- Other fabrics","8","1","R","0","0","","","","0","0","0","0","0","0"
"2720","","HS 2007","Harmonized System 2007","Gabon","266'","2019","1","52104100'","  "," -- A armure toile","52'","Cotton","5210'","Woven fabrics of cotton, containing less than 85% by weight of cotton, mixed mainly or solely with m","521041'"," -- Plain weave","8","1","R","0","0","","","","0","0","0","0","0","0"
"2721","","HS 2007","Harmonized System 2007","Gabon","266'","2019","1","52104900'","  "," -- Autres tissus","52'","Cotton","5210'","Woven fabrics of cotton, containing less than 85% by weight of cotton, mixed mainly or solely with m","521049'"," -- Other fabrics","8","1","R","0","0","","","","0","0","0","0","0","0"
"2722","","HS 2007","Harmonized System 2007","Gabon","266'","2019","1","52105100'","  "," -- A armure toile","52'","Cotton","5210'","Woven fabrics of cotton, containing less than 85% by weight of cotton, mixed mainly or solely with m","521051'"," -- Plain weave","8","1","R","0","0","","","","0","0","0","0","0","0"
"2723","","HS 2007","Harmonized System 2007","Gabon","266'","2019","1","52105900'","  "," -- Autres tissus","52'","Cotton","5210'","Woven fabrics of cotton, containing less than 85% by weight of cotton, mixed mainly or solely with m","521059'"," -- Other fabrics","8","1","R","0","0","","","","0","0","0","0","0","0"
"2724","","HS 2007","Harmonized System 2007","Gabon","266'","2019","1","52111100'","  "," -- A armure toile","52'","Cotton","5211'","Woven fabrics of cotton, containing less than 85% by weight of cotton, mixed mainly or solely with m","521111'"," -- Plain weave","8","1","R","0","0","","","","0","0","0","0","0","0"
"2725","","HS 2007","Harmonized System 2007","Gabon","266'","2019","1","52111200'","  "," -- A armure serg?, y compris le crois?, dont le rapport d'armure n'exc?de pas 4","52'","Cotton","5211'","Woven fabrics of cotton, containing less than 85% by weight of cotton, mixed mainly or solely with m","521112'"," -- 3-thread or 4-thread twill, including cross twill","8","1","R","0","0","","","","0","0","0","0","0","0"
"2726","","HS 2007","Harmonized System 2007","Gabon","266'","2019","1","52111900'","  "," -- Autres tissus","52'","Cotton","5211'","Woven fabrics of cotton, containing less than 85% by weight of cotton, mixed mainly or solely with m","521119'"," -- Other fabrics","8","1","R","0","0","","","","0","0","0","0","0","0"
"2727","","HS 2007","Harmonized System 2007","Gabon","266'","2019","1","52112000'","  "," - Blanchis","52'","Cotton","5211'","Woven fabrics of cotton, containing less than 85% by weight of cotton, mixed mainly or solely with m","521120'"," - Bleached","8","1","R","0","0","","","","0","0","0","0","0","0"
"2728","","HS 2007","Harmonized System 2007","Gabon","266'","2019","1","52113100'","  "," -- A armure toile","52'","Cotton","5211'","Woven fabrics of cotton, containing less than 85% by weight of cotton, mixed mainly or solely with m","521131'"," -- Plain weave","8","1","R","0","0","","","","0","0","0","0","0","0"
"2729","","HS 2007","Harmonized System 2007","Gabon","266'","2019","1","52113200'","  "," -- A armure serg?, y compris le crois?, dont le rapport d'armure n'exc?de pas 4","52'","Cotton","5211'","Woven fabrics of cotton, containing less than 85% by weight of cotton, mixed mainly or solely with m","521132'"," -- 3-thread or 4-thread twill, including cross twill","8","1","R","0","0","","","","0","0","0","0","0","0"
"2730","","HS 2007","Harmonized System 2007","Gabon","266'","2019","1","52113900'","  "," -- Autres tissus","52'","Cotton","5211'","Woven fabrics of cotton, containing less than 85% by weight of cotton, mixed mainly or solely with m","521139'"," -- Other fabrics","8","1","R","0","0","","","","0","0","0","0","0","0"
"2731","","HS 2007","Harmonized System 2007","Gabon","266'","2019","1","52114100'","  "," -- A armure toile","52'","Cotton","5211'","Woven fabrics of cotton, containing less than 85% by weight of cotton, mixed mainly or solely with m","521141'"," -- Plain weave","8","1","R","0","0","","","","0","0","0","0","0","0"
"2732","","HS 2007","Harmonized System 2007","Gabon","266'","2019","1","52114200'","  "," -- Tissus dits ?Denim?","52'","Cotton","5211'","Woven fabrics of cotton, containing less than 85% by weight of cotton, mixed mainly or solely with m","521142'"," -- Denim","8","1","R","0","0","","","","0","0","0","0","0","0"
"2733","","HS 2007","Harmonized System 2007","Gabon","266'","2019","1","52114300'","  "," -- Autres tissus ? armure serg?, y compris le crois?, dont le rapport d'armure n'exc?de pas 4","52'","Cotton","5211'","Woven fabrics of cotton, containing less than 85% by weight of cotton, mixed mainly or solely with m","521143'"," -- Other fabrics of 3-thread or 4-thread twill, including cross twill","8","1","R","0","0","","","","0","0","0","0","0","0"
"2734","","HS 2007","Harmonized System 2007","Gabon","266'","2019","1","52114900'","  "," -- Autres tissus","52'","Cotton","5211'","Woven fabrics of cotton, containing less than 85% by weight of cotton, mixed mainly or solely with m","521149'"," -- Other fabrics","8","1","R","0","0","","","","0","0","0","0","0","0"
"2735","","HS 2007","Harmonized System 2007","Gabon","266'","2019","1","52115100'","  "," -- A armure toile","52'","Cotton","5211'","Woven fabrics of cotton, containing less than 85% by weight of cotton, mixed mainly or solely with m","521151'"," -- Plain weave","8","1","R","0","0","","","","0","0","0","0","0","0"
"2736","","HS 2007","Harmonized System 2007","Gabon","266'","2019","1","52115200'","  "," -- A armure serg?, y compris le crois?, dont le rapport d'armure n'exc?de pas 4","52'","Cotton","5211'","Woven fabrics of cotton, containing less than 85% by weight of cotton, mixed mainly or solely with m","521152'"," -- 3-thread or 4-thread twill, including cross twill","8","1","R","0","0","","","","0","0","0","0","0","0"
"2737","","HS 2007","Harmonized System 2007","Gabon","266'","2019","1","52115900'","  "," -- Autres tissus","52'","Cotton","5211'","Woven fabrics of cotton, containing less than 85% by weight of cotton, mixed mainly or solely with m","521159'"," -- Other fabrics","8","1","R","0","0","","","","0","0","0","0","0","0"
"2738","","HS 2007","Harmonized System 2007","Gabon","266'","2019","1","52121100'","  "," -- Ecrus","52'","Cotton","5212'","Other woven fabrics of cotton.","521211'"," -- Unbleached","8","1","R","0","0","","","","0","0","0","0","0","0"
"2739","","HS 2007","Harmonized System 2007","Gabon","266'","2019","1","52121200'","  "," -- Blanchis","52'","Cotton","5212'","Other woven fabrics of cotton.","521212'"," -- Bleached","8","1","R","0","0","","","","0","0","0","0","0","0"
"2740","","HS 2007","Harmonized System 2007","Gabon","266'","2019","1","52121300'","  "," -- Teints","52'","Cotton","5212'","Other woven fabrics of cotton.","521213'"," -- Dyed","8","1","R","0","0","","","","0","0","0","0","0","0"
"2741","","HS 2007","Harmonized System 2007","Gabon","266'","2019","1","52121400'","  "," -- En fils de diverses couleurs","52'","Cotton","5212'","Other woven fabrics of cotton.","521214'"," -- Of yarns of different colours","8","1","R","0","0","","","","0","0","0","0","0","0"
"2742","","HS 2007","Harmonized System 2007","Gabon","266'","2019","1","52121500'","  "," -- Imprim?s","52'","Cotton","5212'","Other woven fabrics of cotton.","521215'"," -- Printed","8","1","R","0","0","","","","0","0","0","0","0","0"
"2743","","HS 2007","Harmonized System 2007","Gabon","266'","2019","1","52122100'","  "," -- Ecrus","52'","Cotton","5212'","Other woven fabrics of cotton.","521221'"," -- Unbleached","8","1","R","0","0","","","","0","0","0","0","0","0"
"2744","","HS 2007","Harmonized System 2007","Gabon","266'","2019","1","52122200'","  "," -- Blanchis","52'","Cotton","5212'","Other woven fabrics of cotton.","521222'"," -- Bleached","8","1","R","0","0","","","","0","0","0","0","0","0"
"2745","","HS 2007","Harmonized System 2007","Gabon","266'","2019","1","52122300'","  "," -- Teints","52'","Cotton","5212'","Other woven fabrics of cotton.","521223'"," -- Dyed","8","1","R","0","0","","","","0","0","0","0","0","0"
"2746","","HS 2007","Harmonized System 2007","Gabon","266'","2019","1","52122400'","  "," -- En fils de diverses couleurs","52'","Cotton","5212'","Other woven fabrics of cotton.","521224'"," -- Of yarns of different colours","8","1","R","0","0","","","","0","0","0","0","0","0"
"2747","","HS 2007","Harmonized System 2007","Gabon","266'","2019","1","52122500'","  "," -- Imprim?s","52'","Cotton","5212'","Other woven fabrics of cotton.","521225'"," -- Printed","8","1","R","0","0","","","","0","0","0","0","0","0"
"2748","","HS 2007","Harmonized System 2007","Gabon","266'","2019","1","53011000'","  "," - Lin brut ou roui","53'","Other vegetable textile fibres; paper yarn and woven fabrics of paper yarn","5301'","Flax, raw or processed but not spun; flax tow and waste (including yarn waste and garnetted stock).","530110'"," - Flax, raw or retted","8","1","R","0","0","","","","0","0","0","0","0","0"
"2749","","HS 2007","Harmonized System 2007","Gabon","266'","2019","1","53012100'","  "," -- Bris? ou teill?","53'","Other vegetable textile fibres; paper yarn and woven fabrics of paper yarn","5301'","Flax, raw or processed but not spun; flax tow and waste (including yarn waste and garnetted stock).","530121'"," -- Broken or scutched","8","1","R","0","0","","","","0","0","0","0","0","0"
"2750","","HS 2007","Harmonized System 2007","Gabon","266'","2019","1","53012900'","  "," -- Autre","53'","Other vegetable textile fibres; paper yarn and woven fabrics of paper yarn","5301'","Flax, raw or processed but not spun; flax tow and waste (including yarn waste and garnetted stock).","530129'"," -- Other","8","1","R","0","0","","","","0","0","0","0","0","0"
"2751","","HS 2007","Harmonized System 2007","Gabon","266'","2019","1","53013000'","  "," - Etoupes et d?chets de lin","53'","Other vegetable textile fibres; paper yarn and woven fabrics of paper yarn","5301'","Flax, raw or processed but not spun; flax tow and waste (including yarn waste and garnetted stock).","530130'"," - Flax tow and waste","8","1","R","0","0","","","","0","0","0","0","0","0"
"2752","","HS 2007","Harmonized System 2007","Gabon","266'","2019","1","53021000'","  "," - Chanvre brut ou roui","53'","Other vegetable textile fibres; paper yarn and woven fabrics of paper yarn","5302'","True hemp (Cannabis sativa L.), raw or processed but not spun; tow and waste of true hemp (including","530210'"," - True hemp, raw or retted","8","1","R","0","0","","","","0","0","0","0","0","0"
"2753","","HS 2007","Harmonized System 2007","Gabon","266'","2019","1","53029000'","  "," - Autres","53'","Other vegetable textile fibres; paper yarn and woven fabrics of paper yarn","5302'","True hemp (Cannabis sativa L.), raw or processed but not spun; tow and waste of true hemp (including","530290'"," - Other","8","1","R","0","0","","","","0","0","0","0","0","0"
"2754","","HS 2007","Harmonized System 2007","Gabon","266'","2019","1","53031000'","  "," - Jute et autres fibres textiles lib?riennes, bruts ou rouis","53'","Other vegetable textile fibres; paper yarn and woven fabrics of paper yarn","5303'","Jute and other textile bast fibres (excluding flax, true hemp and ramie), raw or processed but not s","530310'"," - Jute and other textile bast fibres, raw or retted","8","1","R","0","0","","","","0","0","0","0","0","0"
"2755","","HS 2007","Harmonized System 2007","Gabon","266'","2019","1","53039000'","  "," - Autres","53'","Other vegetable textile fibres; paper yarn and woven fabrics of paper yarn","5303'","Jute and other textile bast fibres (excluding flax, true hemp and ramie), raw or processed but not s","530390'"," - Other","8","1","R","0","0","","","","0","0","0","0","0","0"
"2756","","HS 2007","Harmonized System 2007","Gabon","266'","2019","1","53050000'","  "," Coco, abaca (chanvre de Manille ou Musa textilis Nee), ramie et autres fibres textiles v?g?tales non d?nomm?es ni comprises ailleurs, bruts ou travaill?s mais non fil?s; ?toupes et d?chets de ces fibres (y compris les d?chets de fils et les effi","53'","Other vegetable textile fibres; paper yarn and woven fabrics of paper yarn","5305'","Coconut, abaca (Manila hemp or Musa textilis Nee), ramie and other vegetable textile fibres, not els","530500'"," Coconut, abaca (Manila hemp or Musa textilis Nee), ramie and other vegetable textile fibres, not els","8","1","R","0","0","","","","0","0","0","0","0","0"
"2757","","HS 2007","Harmonized System 2007","Gabon","266'","2019","1","53061000'","  "," - Simples","53'","Other vegetable textile fibres; paper yarn and woven fabrics of paper yarn","5306'","Flax yarn.","530610'"," - Single","8","1","R","0","0","","","","0","0","0","0","0","0"
"2758","","HS 2007","Harmonized System 2007","Gabon","266'","2019","1","53062000'","  "," - Retors ou c?bl?s","53'","Other vegetable textile fibres; paper yarn and woven fabrics of paper yarn","5306'","Flax yarn.","530620'"," - Multiple (folded) or cabled","8","1","R","0","0","","","","0","0","0","0","0","0"
"2759","","HS 2007","Harmonized System 2007","Gabon","266'","2019","1","53071000'","  "," - Simples","53'","Other vegetable textile fibres; paper yarn and woven fabrics of paper yarn","5307'","Yarn of jute or of other textile bast fibres of heading?53.03.","530710'"," - Single","8","1","R","0","0","","","","0","0","0","0","0","0"
"2760","","HS 2007","Harmonized System 2007","Gabon","266'","2019","1","53072000'","  "," - Retors ou c?bl?s","53'","Other vegetable textile fibres; paper yarn and woven fabrics of paper yarn","5307'","Yarn of jute or of other textile bast fibres of heading?53.03.","530720'"," - Multiple (folded) or cabled","8","1","R","0","0","","","","0","0","0","0","0","0"
"2761","","HS 2007","Harmonized System 2007","Gabon","266'","2019","1","53081000'","  "," - Fils de coco","53'","Other vegetable textile fibres; paper yarn and woven fabrics of paper yarn","5308'","Yarn of other vegetable textile fibres; paper yarn.","530810'"," - Coir yarn","8","1","R","0","0","","","","0","0","0","0","0","0"
"2762","","HS 2007","Harmonized System 2007","Gabon","266'","2019","1","53082000'","  "," - Fils de chanvre","53'","Other vegetable textile fibres; paper yarn and woven fabrics of paper yarn","5308'","Yarn of other vegetable textile fibres; paper yarn.","530820'"," - True hemp yarn","8","1","R","0","0","","","","0","0","0","0","0","0"
"2763","","HS 2007","Harmonized System 2007","Gabon","266'","2019","1","53089000'","  "," - Autres","53'","Other vegetable textile fibres; paper yarn and woven fabrics of paper yarn","5308'","Yarn of other vegetable textile fibres; paper yarn.","530890'"," - Other","8","1","R","0","0","","","","0","0","0","0","0","0"
"2764","","HS 2007","Harmonized System 2007","Gabon","266'","2019","1","53091100'","  "," -- Ecrus ou blanchis","53'","Other vegetable textile fibres; paper yarn and woven fabrics of paper yarn","5309'","Woven fabrics of flax.","530911'"," -- Unbleached or bleached","8","1","R","0","0","","","","0","0","0","0","0","0"
"2765","","HS 2007","Harmonized System 2007","Gabon","266'","2019","1","53091900'","  "," -- Autres","53'","Other vegetable textile fibres; paper yarn and woven fabrics of paper yarn","5309'","Woven fabrics of flax.","530919'"," -- Other","8","1","R","0","0","","","","0","0","0","0","0","0"
"2766","","HS 2007","Harmonized System 2007","Gabon","266'","2019","1","53092100'","  "," -- Ecrus ou blanchis","53'","Other vegetable textile fibres; paper yarn and woven fabrics of paper yarn","5309'","Woven fabrics of flax.","530921'"," -- Unbleached or bleached","8","1","R","0","0","","","","0","0","0","0","0","0"
"2767","","HS 2007","Harmonized System 2007","Gabon","266'","2019","1","53092900'","  "," -- Autres","53'","Other vegetable textile fibres; paper yarn and woven fabrics of paper yarn","5309'","Woven fabrics of flax.","530929'"," -- Other","8","1","R","0","0","","","","0","0","0","0","0","0"
"2768","","HS 2007","Harmonized System 2007","Gabon","266'","2019","1","53101000'","  "," - Ecrus","53'","Other vegetable textile fibres; paper yarn and woven fabrics of paper yarn","5310'","Woven fabrics of jute or of other textile bast fibres of heading 53.03.","531010'"," - Unbleached","8","1","R","0","0","","","","0","0","0","0","0","0"
"2769","","HS 2007","Harmonized System 2007","Gabon","266'","2019","1","53109000'","  "," - Autres","53'","Other vegetable textile fibres; paper yarn and woven fabrics of paper yarn","5310'","Woven fabrics of jute or of other textile bast fibres of heading 53.03.","531090'"," - Other","8","1","R","0","0","","","","0","0","0","0","0","0"
"2770","","HS 2007","Harmonized System 2007","Gabon","266'","2019","1","53110000'","  "," Tissus d'autres fibres textiles v?g?tales; tissus de fils de papier.","53'","Other vegetable textile fibres; paper yarn and woven fabrics of paper yarn","5311'","Woven fabrics of other vegetable textile fibres; woven fabrics of paper yarn.","531100'"," Woven fabrics of other vegetable textile fibres; woven fabrics of paper yarn.","8","1","R","0","0","","","","0","0","0","0","0","0"
"2771","","HS 2007","Harmonized System 2007","Gabon","266'","2019","1","54011000'","  "," - De filaments synth?tiques","54'","Man-made filaments; strip and the like of man-made textile materials","5401'","Sewing thread of man-made filaments, whether or not put up for retail sale.","540110'"," - Of synthetic filaments","8","1","R","0","0","","","","0","0","0","0","0","0"
"2772","","HS 2007","Harmonized System 2007","Gabon","266'","2019","1","54012000'","  "," - De filaments artificiels","54'","Man-made filaments; strip and the like of man-made textile materials","5401'","Sewing thread of man-made filaments, whether or not put up for retail sale.","540120'"," - Of artificial filaments","8","1","R","0","0","","","","0","0","0","0","0","0"
"2773","","HS 2007","Harmonized System 2007","Gabon","266'","2019","1","54021110'","  "," Fils de pche","54'","Man-made filaments; strip and the like of man-made textile materials","5402'","Synthetic filament yarn (other than sewing thread), not put up for retail sale, including synthetic ","540211'"," -- Of aramids","8","1","R","0","0","","","","0","0","0","0","0","0"
"2774","","HS 2007","Harmonized System 2007","Gabon","266'","2019","1","54021190'","  "," Autres","54'","Man-made filaments; strip and the like of man-made textile materials","5402'","Synthetic filament yarn (other than sewing thread), not put up for retail sale, including synthetic ","540211'"," -- Of aramids","8","1","R","0","0","","","","0","0","0","0","0","0"
"2775","","HS 2007","Harmonized System 2007","Gabon","266'","2019","1","54021910'","  "," Autres fils de pche","54'","Man-made filaments; strip and the like of man-made textile materials","5402'","Synthetic filament yarn (other than sewing thread), not put up for retail sale, including synthetic ","540219'"," -- Other","8","1","R","0","0","","","","0","0","0","0","0","0"
"2776","","HS 2007","Harmonized System 2007","Gabon","266'","2019","1","54021990'","  "," Autres fils de filaments synthtiques autres que de fils haute tenacit","54'","Man-made filaments; strip and the like of man-made textile materials","5402'","Synthetic filament yarn (other than sewing thread), not put up for retail sale, including synthetic ","540219'"," -- Other","8","1","R","0","0","","","","0","0","0","0","0","0"
"2777","","HS 2007","Harmonized System 2007","Gabon","266'","2019","1","54022010'","  "," fils de p?che ? haute tenacit? de polyest?rs","54'","Man-made filaments; strip and the like of man-made textile materials","5402'","Synthetic filament yarn (other than sewing thread), not put up for retail sale, including synthetic ","540220'"," - High tenacity yarn of polyesters","8","1","R","0","0","","","","0","0","0","0","0","0"
"2778","","HS 2007","Harmonized System 2007","Gabon","266'","2019","1","54022090'","  "," fils ? haute tenacit? de polyesters autres que de p?che","54'","Man-made filaments; strip and the like of man-made textile materials","5402'","Synthetic filament yarn (other than sewing thread), not put up for retail sale, including synthetic ","540220'"," - High tenacity yarn of polyesters","8","1","R","0","0","","","","0","0","0","0","0","0"
"2779","","HS 2007","Harmonized System 2007","Gabon","266'","2019","1","54023100'","  "," -- De nylon ou d'autres polyamides, titrant en fils simples 50 tex ou moins","54'","Man-made filaments; strip and the like of man-made textile materials","5402'","Synthetic filament yarn (other than sewing thread), not put up for retail sale, including synthetic ","540231'"," -- Of nylon or other polyamides, measuring per single yarn not more than 50 tex","8","1","R","0","0","","","","0","0","0","0","0","0"
"2780","","HS 2007","Harmonized System 2007","Gabon","266'","2019","1","54023200'","  "," -- De nylon ou d'autres polyamides, titrant en fils simples plus de 50 tex","54'","Man-made filaments; strip and the like of man-made textile materials","5402'","Synthetic filament yarn (other than sewing thread), not put up for retail sale, including synthetic ","540232'"," -- Of nylon or other polyamides, measuring per single yarn more than 50 tex","8","1","R","0","0","","","","0","0","0","0","0","0"
"2781","","HS 2007","Harmonized System 2007","Gabon","266'","2019","1","54023300'","  "," -- De polyesters","54'","Man-made filaments; strip and the like of man-made textile materials","5402'","Synthetic filament yarn (other than sewing thread), not put up for retail sale, including synthetic ","540233'"," -- Of polyesters","8","1","R","0","0","","","","0","0","0","0","0","0"
"2782","","HS 2007","Harmonized System 2007","Gabon","266'","2019","1","54023400'","  "," -- De polypropyl?ne","54'","Man-made filaments; strip and the like of man-made textile materials","5402'","Synthetic filament yarn (other than sewing thread), not put up for retail sale, including synthetic ","540234'"," -- Of polypropylene","8","1","R","0","0","","","","0","0","0","0","0","0"
"2783","","HS 2007","Harmonized System 2007","Gabon","266'","2019","1","54023900'","  "," -- Autres","54'","Man-made filaments; strip and the like of man-made textile materials","5402'","Synthetic filament yarn (other than sewing thread), not put up for retail sale, including synthetic ","540239'"," -- Other","8","1","R","0","0","","","","0","0","0","0","0","0"
"2784","","HS 2007","Harmonized System 2007","Gabon","266'","2019","1","54024400'","  "," -- D'?lastom?res","54'","Man-made filaments; strip and the like of man-made textile materials","5402'","Synthetic filament yarn (other than sewing thread), not put up for retail sale, including synthetic ","540244'"," -- Elastomeric","8","1","R","0","0","","","","0","0","0","0","0","0"
"2785","","HS 2007","Harmonized System 2007","Gabon","266'","2019","1","54024510'","  "," Fils de pche de nylon sans ou d'une torsion n'excdant pas 50 tours par m","54'","Man-made filaments; strip and the like of man-made textile materials","5402'","Synthetic filament yarn (other than sewing thread), not put up for retail sale, including synthetic ","540245'"," -- Other, of nylon or other polyamides","8","1","R","0","0","","","","0","0","0","0","0","0"
"2786","","HS 2007","Harmonized System 2007","Gabon","266'","2019","1","54024590'","  "," Fils de nylon d'une torsion n'excdant pas 50 tours/m","54'","Man-made filaments; strip and the like of man-made textile materials","5402'","Synthetic filament yarn (other than sewing thread), not put up for retail sale, including synthetic ","540245'"," -- Other, of nylon or other polyamides","8","1","R","0","0","","","","0","0","0","0","0","0"
"2787","","HS 2007","Harmonized System 2007","Gabon","266'","2019","1","54024610'","  "," Fils pche de polyesters","54'","Man-made filaments; strip and the like of man-made textile materials","5402'","Synthetic filament yarn (other than sewing thread), not put up for retail sale, including synthetic ","540246'"," -- Other, of polyesters, partially oriented","8","1","R","0","0","","","","0","0","0","0","0","0"
"2788","","HS 2007","Harmonized System 2007","Gabon","266'","2019","1","54024690'","  "," Fils de haute tenacit en polyesters autres que du 540211 au 540246","54'","Man-made filaments; strip and the like of man-made textile materials","5402'","Synthetic filament yarn (other than sewing thread), not put up for retail sale, including synthetic ","540246'"," -- Other, of polyesters, partially oriented","8","1","R","0","0","","","","0","0","0","0","0","0"
"2789","","HS 2007","Harmonized System 2007","Gabon","266'","2019","1","54024700'","  "," -- Autres, de polyesters","54'","Man-made filaments; strip and the like of man-made textile materials","5402'","Synthetic filament yarn (other than sewing thread), not put up for retail sale, including synthetic ","540247'"," -- Other, of polyesters","8","1","R","0","0","","","","0","0","0","0","0","0"
"2790","","HS 2007","Harmonized System 2007","Gabon","266'","2019","1","54024800'","  "," -- Autres, de polypropyl?ne","54'","Man-made filaments; strip and the like of man-made textile materials","5402'","Synthetic filament yarn (other than sewing thread), not put up for retail sale, including synthetic ","540248'"," -- Other, of polypropylene","8","1","R","0","0","","","","0","0","0","0","0","0"
"2791","","HS 2007","Harmonized System 2007","Gabon","266'","2019","1","54024910'","  "," fils de p?che autres que du 540210 ? 540243","54'","Man-made filaments; strip and the like of man-made textile materials","5402'","Synthetic filament yarn (other than sewing thread), not put up for retail sale, including synthetic ","540249'"," -- Other","8","1","R","0","0","","","","0","0","0","0","0","0"
"2792","","HS 2007","Harmonized System 2007","Gabon","266'","2019","1","54024990'","  "," fils ? haute tenacit? d'une torsion <= 50 tours/m autres que du 540210 ? 54024910","54'","Man-made filaments; strip and the like of man-made textile materials","5402'","Synthetic filament yarn (other than sewing thread), not put up for retail sale, including synthetic ","540249'"," -- Other","8","1","R","0","0","","","","0","0","0","0","0","0"
"2793","","HS 2007","Harmonized System 2007","Gabon","266'","2019","1","54025100'","  "," -- De nylon ou d'autres polyamides","54'","Man-made filaments; strip and the like of man-made textile materials","5402'","Synthetic filament yarn (other than sewing thread), not put up for retail sale, including synthetic ","540251'"," -- Of nylon or other polyamides","8","1","R","0","0","","","","0","0","0","0","0","0"
"2794","","HS 2007","Harmonized System 2007","Gabon","266'","2019","1","54025200'","  "," -- De polyesters","54'","Man-made filaments; strip and the like of man-made textile materials","5402'","Synthetic filament yarn (other than sewing thread), not put up for retail sale, including synthetic ","540252'"," -- Of polyesters","8","1","R","0","0","","","","0","0","0","0","0","0"
"2795","","HS 2007","Harmonized System 2007","Gabon","266'","2019","1","54025900'","  "," -- Autres","54'","Man-made filaments; strip and the like of man-made textile materials","5402'","Synthetic filament yarn (other than sewing thread), not put up for retail sale, including synthetic ","540259'"," -- Other","8","1","R","0","0","","","","0","0","0","0","0","0"
"2796","","HS 2007","Harmonized System 2007","Gabon","266'","2019","1","54026100'","  "," -- De nylon ou d'autres polyamides","54'","Man-made filaments; strip and the like of man-made textile materials","5402'","Synthetic filament yarn (other than sewing thread), not put up for retail sale, including synthetic ","540261'"," -- Of nylon or other polyamides","8","1","R","0","0","","","","0","0","0","0","0","0"
"2797","","HS 2007","Harmonized System 2007","Gabon","266'","2019","1","54026200'","  "," -- De polyesters","54'","Man-made filaments; strip and the like of man-made textile materials","5402'","Synthetic filament yarn (other than sewing thread), not put up for retail sale, including synthetic ","540262'"," -- Of polyesters","8","1","R","0","0","","","","0","0","0","0","0","0"
"2798","","HS 2007","Harmonized System 2007","Gabon","266'","2019","1","54026900'","  "," -- Autres","54'","Man-made filaments; strip and the like of man-made textile materials","5402'","Synthetic filament yarn (other than sewing thread), not put up for retail sale, including synthetic ","540269'"," -- Other","8","1","R","0","0","","","","0","0","0","0","0","0"
"2799","","HS 2007","Harmonized System 2007","Gabon","266'","2019","1","54031000'","  "," - Fils ? haute t?nacit? en rayonne viscose","54'","Man-made filaments; strip and the like of man-made textile materials","5403'","Artificial filament yarn (other than sewing thread), not put up for retail sale, including artificia","540310'"," - High tenacity yarn of viscose rayon","8","1","R","0","0","","","","0","0","0","0","0","0"
"2800","","HS 2007","Harmonized System 2007","Gabon","266'","2019","1","54033100'","  "," -- De rayonne viscose, sans torsion ou d'une torsion n'exc?dant pas 120 tours par m?tre","54'","Man-made filaments; strip and the like of man-made textile materials","5403'","Artificial filament yarn (other than sewing thread), not put up for retail sale, including artificia","540331'"," -- Of viscose rayon, untwisted or with a twist not exceeding 120 turns per metre","8","1","R","0","0","","","","0","0","0","0","0","0"
"2801","","HS 2007","Harmonized System 2007","Gabon","266'","2019","1","54033200'","  "," -- De rayonne viscose, d'une torsion exc?dant 120 tours par m?tre","54'","Man-made filaments; strip and the like of man-made textile materials","5403'","Artificial filament yarn (other than sewing thread), not put up for retail sale, including artificia","540332'"," -- Of viscose rayon, with a twist exceeding 120 turns per metre","8","1","R","0","0","","","","0","0","0","0","0","0"
"2802","","HS 2007","Harmonized System 2007","Gabon","266'","2019","1","54033300'","  "," -- D'ac?tate de cellulose","54'","Man-made filaments; strip and the like of man-made textile materials","5403'","Artificial filament yarn (other than sewing thread), not put up for retail sale, including artificia","540333'"," -- Of cellulose acetate","8","1","R","0","0","","","","0","0","0","0","0","0"
"2803","","HS 2007","Harmonized System 2007","Gabon","266'","2019","1","54033900'","  "," -- Autres","54'","Man-made filaments; strip and the like of man-made textile materials","5403'","Artificial filament yarn (other than sewing thread), not put up for retail sale, including artificia","540339'"," -- Other","8","1","R","0","0","","","","0","0","0","0","0","0"
"2804","","HS 2007","Harmonized System 2007","Gabon","266'","2019","1","54034100'","  "," -- De rayonne viscose","54'","Man-made filaments; strip and the like of man-made textile materials","5403'","Artificial filament yarn (other than sewing thread), not put up for retail sale, including artificia","540341'"," -- Of viscose rayon","8","1","R","0","0","","","","0","0","0","0","0","0"
"2805","","HS 2007","Harmonized System 2007","Gabon","266'","2019","1","54034200'","  "," -- D'ac?tate de cellulose","54'","Man-made filaments; strip and the like of man-made textile materials","5403'","Artificial filament yarn (other than sewing thread), not put up for retail sale, including artificia","540342'"," -- Of cellulose acetate","8","1","R","0","0","","","","0","0","0","0","0","0"
"2806","","HS 2007","Harmonized System 2007","Gabon","266'","2019","1","54034900'","  "," -- Autres","54'","Man-made filaments; strip and the like of man-made textile materials","5403'","Artificial filament yarn (other than sewing thread), not put up for retail sale, including artificia","540349'"," -- Other","8","1","R","0","0","","","","0","0","0","0","0","0"
"2807","","HS 2007","Harmonized System 2007","Gabon","266'","2019","1","54041100'","  "," -- D'?lastom?res","54'","Man-made filaments; strip and the like of man-made textile materials","5404'","Synthetic monofilament of 67 decitex or more and of which no cross-sectional dimension exceeds 1 mm;","540411'"," -- Elastomeric","8","1","R","0","0","","","","0","0","0","0","0","0"
"2808","","HS 2007","Harmonized System 2007","Gabon","266'","2019","1","54041200'","  "," -- Autres, de polypropyl?ne","54'","Man-made filaments; strip and the like of man-made textile materials","5404'","Synthetic monofilament of 67 decitex or more and of which no cross-sectional dimension exceeds 1 mm;","540412'"," -- Other, of polypropylene","8","1","R","0","0","","","","0","0","0","0","0","0"
"2809","","HS 2007","Harmonized System 2007","Gabon","266'","2019","1","54041910'","  "," Fils pche","54'","Man-made filaments; strip and the like of man-made textile materials","5404'","Synthetic monofilament of 67 decitex or more and of which no cross-sectional dimension exceeds 1 mm;","540419'"," -- Other","8","1","R","0","0","","","","0","0","0","0","0","0"
"2810","","HS 2007","Harmonized System 2007","Gabon","266'","2019","1","54041990'","  "," Autres , autres monofilaments synthtiques","54'","Man-made filaments; strip and the like of man-made textile materials","5404'","Synthetic monofilament of 67 decitex or more and of which no cross-sectional dimension exceeds 1 mm;","540419'"," -- Other","8","1","R","0","0","","","","0","0","0","0","0","0"
"2811","","HS 2007","Harmonized System 2007","Gabon","266'","2019","1","54049000'","  "," - Autres","54'","Man-made filaments; strip and the like of man-made textile materials","5404'","Synthetic monofilament of 67 decitex or more and of which no cross-sectional dimension exceeds 1 mm;","540490'"," - Other","8","1","R","0","0","","","","0","0","0","0","0","0"
"2812","","HS 2007","Harmonized System 2007","Gabon","266'","2019","1","54050000'","  "," Monofilaments artificiels de 67 d?citex ou plus et dont la plus grande dimension de la coupe transversale n'exc?de pas 1 mm; lames et formes similaires (paille artificielle, par exemple) en mati?res textiles artificielles, dont la largeur appare","54'","Man-made filaments; strip and the like of man-made textile materials","5405'","Artificial monofilament of 67 decitex or more and of which no cross-sectional dimension exceeds 1 mm","540500'"," Artificial monofilament of 67 decitex or more and of which no cross-sectional dimension exceeds 1 mm","8","1","R","0","0","","","","0","0","0","0","0","0"
"2813","","HS 2007","Harmonized System 2007","Gabon","266'","2019","1","54060000'","  "," Fils de filaments synth?tiques ou artificiels (autres que les fils ? coudre), conditionn?s pour la vente au d?tail.","54'","Man-made filaments; strip and the like of man-made textile materials","5406'","Man-made filament yarn (other than sewing thread), put up for retail sale.","540600'"," Man-made filament yarn (other than sewing thread), put up for retail sale.","8","1","R","0","0","","","","0","0","0","0","0","0"
"2814","","HS 2007","Harmonized System 2007","Gabon","266'","2019","1","54071000'","  "," - Tissus obtenus ? partir de fils ? haute t?nacit? de nylon ou d'autres polyamides ou de polyesters","54'","Man-made filaments; strip and the like of man-made textile materials","5407'","Woven fabrics of synthetic filament yarn, including woven fabrics obtained from materials of heading","540710'"," - Woven fabrics obtained from high tenacity yarn of nylon or other polyamides or of polyesters","8","1","R","0","0","","","","0","0","0","0","0","0"
"2815","","HS 2007","Harmonized System 2007","Gabon","266'","2019","1","54072000'","  "," - Tissus obtenus ? partir de lames ou formes similaires","54'","Man-made filaments; strip and the like of man-made textile materials","5407'","Woven fabrics of synthetic filament yarn, including woven fabrics obtained from materials of heading","540720'"," - Woven fabrics obtained from strip or the like","8","1","R","0","0","","","","0","0","0","0","0","0"
"2816","","HS 2007","Harmonized System 2007","Gabon","266'","2019","1","54073000'","  "," - ?Tissus? vis?s ? la Note 9 de la Section XI","54'","Man-made filaments; strip and the like of man-made textile materials","5407'","Woven fabrics of synthetic filament yarn, including woven fabrics obtained from materials of heading","540730'"," - Fabrics specified in Note 9 to Section XI","8","1","R","0","0","","","","0","0","0","0","0","0"
"2817","","HS 2007","Harmonized System 2007","Gabon","266'","2019","1","54074100'","  "," -- Ecrus ou blanchis","54'","Man-made filaments; strip and the like of man-made textile materials","5407'","Woven fabrics of synthetic filament yarn, including woven fabrics obtained from materials of heading","540741'"," -- Unbleached or bleached","8","1","R","0","0","","","","0","0","0","0","0","0"
"2818","","HS 2007","Harmonized System 2007","Gabon","266'","2019","1","54074200'","  "," -- Teints","54'","Man-made filaments; strip and the like of man-made textile materials","5407'","Woven fabrics of synthetic filament yarn, including woven fabrics obtained from materials of heading","540742'"," -- Dyed","8","1","R","0","0","","","","0","0","0","0","0","0"
"2819","","HS 2007","Harmonized System 2007","Gabon","266'","2019","1","54074300'","  "," -- En fils de diverses couleurs","54'","Man-made filaments; strip and the like of man-made textile materials","5407'","Woven fabrics of synthetic filament yarn, including woven fabrics obtained from materials of heading","540743'"," -- Of yarns of different colours","8","1","R","0","0","","","","0","0","0","0","0","0"
"2820","","HS 2007","Harmonized System 2007","Gabon","266'","2019","1","54074400'","  "," -- Imprim?s","54'","Man-made filaments; strip and the like of man-made textile materials","5407'","Woven fabrics of synthetic filament yarn, including woven fabrics obtained from materials of heading","540744'"," -- Printed","8","1","R","0","0","","","","0","0","0","0","0","0"
"2821","","HS 2007","Harmonized System 2007","Gabon","266'","2019","1","54075100'","  "," -- Ecrus ou blanchis","54'","Man-made filaments; strip and the like of man-made textile materials","5407'","Woven fabrics of synthetic filament yarn, including woven fabrics obtained from materials of heading","540751'"," -- Unbleached or bleached","8","1","R","0","0","","","","0","0","0","0","0","0"
"2822","","HS 2007","Harmonized System 2007","Gabon","266'","2019","1","54075200'","  "," -- Teints","54'","Man-made filaments; strip and the like of man-made textile materials","5407'","Woven fabrics of synthetic filament yarn, including woven fabrics obtained from materials of heading","540752'"," -- Dyed","8","1","R","0","0","","","","0","0","0","0","0","0"
"2823","","HS 2007","Harmonized System 2007","Gabon","266'","2019","1","54075300'","  "," -- En fils de diverses couleurs","54'","Man-made filaments; strip and the like of man-made textile materials","5407'","Woven fabrics of synthetic filament yarn, including woven fabrics obtained from materials of heading","540753'"," -- Of yarns of different colours","8","1","R","0","0","","","","0","0","0","0","0","0"
"2824","","HS 2007","Harmonized System 2007","Gabon","266'","2019","1","54075400'","  "," -- Imprim?s","54'","Man-made filaments; strip and the like of man-made textile materials","5407'","Woven fabrics of synthetic filament yarn, including woven fabrics obtained from materials of heading","540754'"," -- Printed","8","1","R","0","0","","","","0","0","0","0","0","0"
"2825","","HS 2007","Harmonized System 2007","Gabon","266'","2019","1","54076100'","  "," -- Contenant au moins 85 % en poids de filaments de polyester non textur?s","54'","Man-made filaments; strip and the like of man-made textile materials","5407'","Woven fabrics of synthetic filament yarn, including woven fabrics obtained from materials of heading","540761'"," -- Containing 85% or more by weight of non-textured polyester filaments","8","1","R","0","0","","","","0","0","0","0","0","0"
"2826","","HS 2007","Harmonized System 2007","Gabon","266'","2019","1","54076900'","  "," -- Autres","54'","Man-made filaments; strip and the like of man-made textile materials","5407'","Woven fabrics of synthetic filament yarn, including woven fabrics obtained from materials of heading","540769'"," -- Other","8","1","R","0","0","","","","0","0","0","0","0","0"
"2827","","HS 2007","Harmonized System 2007","Gabon","266'","2019","1","54077100'","  "," -- Ecrus ou blanchis","54'","Man-made filaments; strip and the like of man-made textile materials","5407'","Woven fabrics of synthetic filament yarn, including woven fabrics obtained from materials of heading","540771'"," -- Unbleached or bleached","8","1","R","0","0","","","","0","0","0","0","0","0"
"2828","","HS 2007","Harmonized System 2007","Gabon","266'","2019","1","54077200'","  "," -- Teints","54'","Man-made filaments; strip and the like of man-made textile materials","5407'","Woven fabrics of synthetic filament yarn, including woven fabrics obtained from materials of heading","540772'"," -- Dyed","8","1","R","0","0","","","","0","0","0","0","0","0"
"2829","","HS 2007","Harmonized System 2007","Gabon","266'","2019","1","54077300'","  "," -- En fils de diverses couleurs","54'","Man-made filaments; strip and the like of man-made textile materials","5407'","Woven fabrics of synthetic filament yarn, including woven fabrics obtained from materials of heading","540773'"," -- Of yarns of different colours","8","1","R","0","0","","","","0","0","0","0","0","0"
"2830","","HS 2007","Harmonized System 2007","Gabon","266'","2019","1","54077400'","  "," -- Imprim?s","54'","Man-made filaments; strip and the like of man-made textile materials","5407'","Woven fabrics of synthetic filament yarn, including woven fabrics obtained from materials of heading","540774'"," -- Printed","8","1","R","0","0","","","","0","0","0","0","0","0"
"2831","","HS 2007","Harmonized System 2007","Gabon","266'","2019","1","54078100'","  "," -- Ecrus ou blanchis","54'","Man-made filaments; strip and the like of man-made textile materials","5407'","Woven fabrics of synthetic filament yarn, including woven fabrics obtained from materials of heading","540781'"," -- Unbleached or bleached","8","1","R","0","0","","","","0","0","0","0","0","0"
"2832","","HS 2007","Harmonized System 2007","Gabon","266'","2019","1","54078200'","  "," -- Teints","54'","Man-made filaments; strip and the like of man-made textile materials","5407'","Woven fabrics of synthetic filament yarn, including woven fabrics obtained from materials of heading","540782'"," -- Dyed","8","1","R","0","0","","","","0","0","0","0","0","0"
"2833","","HS 2007","Harmonized System 2007","Gabon","266'","2019","1","54078300'","  "," -- En fils de diverses couleurs","54'","Man-made filaments; strip and the like of man-made textile materials","5407'","Woven fabrics of synthetic filament yarn, including woven fabrics obtained from materials of heading","540783'"," -- Of yarns of different colours","8","1","R","0","0","","","","0","0","0","0","0","0"
"2834","","HS 2007","Harmonized System 2007","Gabon","266'","2019","1","54078400'","  "," -- Imprim?s","54'","Man-made filaments; strip and the like of man-made textile materials","5407'","Woven fabrics of synthetic filament yarn, including woven fabrics obtained from materials of heading","540784'"," -- Printed","8","1","R","0","0","","","","0","0","0","0","0","0"
"2835","","HS 2007","Harmonized System 2007","Gabon","266'","2019","1","54079100'","  "," -- Ecrus ou blanchis","54'","Man-made filaments; strip and the like of man-made textile materials","5407'","Woven fabrics of synthetic filament yarn, including woven fabrics obtained from materials of heading","540791'"," -- Unbleached or bleached","8","1","R","0","0","","","","0","0","0","0","0","0"
"2836","","HS 2007","Harmonized System 2007","Gabon","266'","2019","1","54079200'","  "," -- Teints","54'","Man-made filaments; strip and the like of man-made textile materials","5407'","Woven fabrics of synthetic filament yarn, including woven fabrics obtained from materials of heading","540792'"," -- Dyed","8","1","R","0","0","","","","0","0","0","0","0","0"
"2837","","HS 2007","Harmonized System 2007","Gabon","266'","2019","1","54079300'","  "," -- En fils de diverses couleurs","54'","Man-made filaments; strip and the like of man-made textile materials","5407'","Woven fabrics of synthetic filament yarn, including woven fabrics obtained from materials of heading","540793'"," -- Of yarns of different colours","8","1","R","0","0","","","","0","0","0","0","0","0"
"2838","","HS 2007","Harmonized System 2007","Gabon","266'","2019","1","54079400'","  "," -- Imprim?s","54'","Man-made filaments; strip and the like of man-made textile materials","5407'","Woven fabrics of synthetic filament yarn, including woven fabrics obtained from materials of heading","540794'"," -- Printed","8","1","R","0","0","","","","0","0","0","0","0","0"
"2839","","HS 2007","Harmonized System 2007","Gabon","266'","2019","1","54081000'","  "," - Tissus obtenus ? partir de fils ? haute t?nacit? de rayonne viscose","54'","Man-made filaments; strip and the like of man-made textile materials","5408'","Woven fabrics of artificial filament yarn, including woven fabrics obtained from materials of headin","540810'"," - Woven fabrics obtained from high tenacity yarn of viscose rayon","8","1","R","0","0","","","","0","0","0","0","0","0"
"2840","","HS 2007","Harmonized System 2007","Gabon","266'","2019","1","54082100'","  "," -- Ecrus ou blanchis","54'","Man-made filaments; strip and the like of man-made textile materials","5408'","Woven fabrics of artificial filament yarn, including woven fabrics obtained from materials of headin","540821'"," -- Unbleached or bleached","8","1","R","0","0","","","","0","0","0","0","0","0"
"2841","","HS 2007","Harmonized System 2007","Gabon","266'","2019","1","54082200'","  "," -- Teints","54'","Man-made filaments; strip and the like of man-made textile materials","5408'","Woven fabrics of artificial filament yarn, including woven fabrics obtained from materials of headin","540822'"," -- Dyed","8","1","R","0","0","","","","0","0","0","0","0","0"
"2842","","HS 2007","Harmonized System 2007","Gabon","266'","2019","1","54082300'","  "," -- En fils de diverses couleurs","54'","Man-made filaments; strip and the like of man-made textile materials","5408'","Woven fabrics of artificial filament yarn, including woven fabrics obtained from materials of headin","540823'"," -- Of yarns of different colours","8","1","R","0","0","","","","0","0","0","0","0","0"
"2843","","HS 2007","Harmonized System 2007","Gabon","266'","2019","1","54082400'","  "," -- Imprim?s","54'","Man-made filaments; strip and the like of man-made textile materials","5408'","Woven fabrics of artificial filament yarn, including woven fabrics obtained from materials of headin","540824'"," -- Printed","8","1","R","0","0","","","","0","0","0","0","0","0"
"2844","","HS 2007","Harmonized System 2007","Gabon","266'","2019","1","54083100'","  "," -- Ecrus ou blanchis","54'","Man-made filaments; strip and the like of man-made textile materials","5408'","Woven fabrics of artificial filament yarn, including woven fabrics obtained from materials of headin","540831'"," -- Unbleached or bleached","8","1","R","0","0","","","","0","0","0","0","0","0"
"2845","","HS 2007","Harmonized System 2007","Gabon","266'","2019","1","54083200'","  "," -- Teints","54'","Man-made filaments; strip and the like of man-made textile materials","5408'","Woven fabrics of artificial filament yarn, including woven fabrics obtained from materials of headin","540832'"," -- Dyed","8","1","R","0","0","","","","0","0","0","0","0","0"
"2846","","HS 2007","Harmonized System 2007","Gabon","266'","2019","1","54083300'","  "," -- En fils de diverses couleurs","54'","Man-made filaments; strip and the like of man-made textile materials","5408'","Woven fabrics of artificial filament yarn, including woven fabrics obtained from materials of headin","540833'"," -- Of yarns of different colours","8","1","R","0","0","","","","0","0","0","0","0","0"
"2847","","HS 2007","Harmonized System 2007","Gabon","266'","2019","1","54083400'","  "," -- Imprim?s","54'","Man-made filaments; strip and the like of man-made textile materials","5408'","Woven fabrics of artificial filament yarn, including woven fabrics obtained from materials of headin","540834'"," -- Printed","8","1","R","0","0","","","","0","0","0","0","0","0"
"2848","","HS 2007","Harmonized System 2007","Gabon","266'","2019","1","55011000'","  "," - De nylon ou d'autres polyamides","55'","Man- made staple fibres","5501'","Synthetic filament tow.","550110'"," - Of nylon or other polyamides","8","1","R","0","0","","","","0","0","0","0","0","0"
"2849","","HS 2007","Harmonized System 2007","Gabon","266'","2019","1","55012000'","  "," - De polyesters","55'","Man- made staple fibres","5501'","Synthetic filament tow.","550120'"," - Of polyesters","8","1","R","0","0","","","","0","0","0","0","0","0"
"2850","","HS 2007","Harmonized System 2007","Gabon","266'","2019","1","55013000'","  "," - Acryliques ou modacryliques","55'","Man- made staple fibres","5501'","Synthetic filament tow.","550130'"," - Acrylic or modacrylic","8","1","R","0","0","","","","0","0","0","0","0","0"
"2851","","HS 2007","Harmonized System 2007","Gabon","266'","2019","1","55014000'","  "," - De polypropyl?ne","55'","Man- made staple fibres","5501'","Synthetic filament tow.","550140'"," - Of polypropylene","8","1","R","0","0","","","","0","0","0","0","0","0"
"2852","","HS 2007","Harmonized System 2007","Gabon","266'","2019","1","55019000'","  "," - Autres","55'","Man- made staple fibres","5501'","Synthetic filament tow.","550190'"," - Other","8","1","R","0","0","","","","0","0","0","0","0","0"
"2853","","HS 2007","Harmonized System 2007","Gabon","266'","2019","1","55020000'","  "," C?bles de filaments artificiels.","55'","Man- made staple fibres","5502'","Artificial filament tow.","550200'"," Artificial filament tow.","8","1","R","0","0","","","","0","0","0","0","0","0"
"2854","","HS 2007","Harmonized System 2007","Gabon","266'","2019","1","55031100'","  "," -- D'aramides","55'","Man- made staple fibres","5503'","Synthetic staple fibres, not carded, combed or otherwise processed for spinning.","550311'"," -- Of aramids","8","1","R","0","0","","","","0","0","0","0","0","0"
"2855","","HS 2007","Harmonized System 2007","Gabon","266'","2019","1","55031900'","  "," -- Autres","55'","Man- made staple fibres","5503'","Synthetic staple fibres, not carded, combed or otherwise processed for spinning.","550319'"," -- Other","8","1","R","0","0","","","","0","0","0","0","0","0"
"2856","","HS 2007","Harmonized System 2007","Gabon","266'","2019","1","55032000'","  "," - De polyesters","55'","Man- made staple fibres","5503'","Synthetic staple fibres, not carded, combed or otherwise processed for spinning.","550320'"," - Of polyesters","8","1","R","0","0","","","","0","0","0","0","0","0"
"2857","","HS 2007","Harmonized System 2007","Gabon","266'","2019","1","55033000'","  "," - Acryliques ou modacryliques","55'","Man- made staple fibres","5503'","Synthetic staple fibres, not carded, combed or otherwise processed for spinning.","550330'"," - Acrylic or modacrylic","8","1","R","0","0","","","","0","0","0","0","0","0"
"2858","","HS 2007","Harmonized System 2007","Gabon","266'","2019","1","55034000'","  "," - De polypropyl?ne","55'","Man- made staple fibres","5503'","Synthetic staple fibres, not carded, combed or otherwise processed for spinning.","550340'"," - Of polypropylene","8","1","R","0","0","","","","0","0","0","0","0","0"
"2859","","HS 2007","Harmonized System 2007","Gabon","266'","2019","1","55039000'","  "," - Autres","55'","Man- made staple fibres","5503'","Synthetic staple fibres, not carded, combed or otherwise processed for spinning.","550390'"," - Other","8","1","R","0","0","","","","0","0","0","0","0","0"
"2860","","HS 2007","Harmonized System 2007","Gabon","266'","2019","1","55041000'","  "," - De rayonne viscose","55'","Man- made staple fibres","5504'","Artificial staple fibres, not carded, combed or otherwise processed for spinning.","550410'"," - Of viscose rayon","8","1","R","0","0","","","","0","0","0","0","0","0"
"2861","","HS 2007","Harmonized System 2007","Gabon","266'","2019","1","55049000'","  "," - Autres","55'","Man- made staple fibres","5504'","Artificial staple fibres, not carded, combed or otherwise processed for spinning.","550490'"," - Other","8","1","R","0","0","","","","0","0","0","0","0","0"
"2862","","HS 2007","Harmonized System 2007","Gabon","266'","2019","1","55051000'","  "," - De fibres synth?tiques","55'","Man- made staple fibres","5505'","Waste (including noils, yarn waste and garnetted stock) of man-made fibres.","550510'"," - Of synthetic fibres","8","1","R","0","0","","","","0","0","0","0","0","0"
"2863","","HS 2007","Harmonized System 2007","Gabon","266'","2019","1","55052000'","  "," - De fibres artificielles","55'","Man- made staple fibres","5505'","Waste (including noils, yarn waste and garnetted stock) of man-made fibres.","550520'"," - Of artificial fibres","8","1","R","0","0","","","","0","0","0","0","0","0"
"2864","","HS 2007","Harmonized System 2007","Gabon","266'","2019","1","55061000'","  "," - De nylon ou d'autres polyamides","55'","Man- made staple fibres","5506'","Synthetic staple fibres, carded, combed or otherwise processed for spinning.","550610'"," - Of nylon or other polyamides","8","1","R","0","0","","","","0","0","0","0","0","0"
"2865","","HS 2007","Harmonized System 2007","Gabon","266'","2019","1","55062000'","  "," - De polyesters","55'","Man- made staple fibres","5506'","Synthetic staple fibres, carded, combed or otherwise processed for spinning.","550620'"," - Of polyesters","8","1","R","0","0","","","","0","0","0","0","0","0"
"2866","","HS 2007","Harmonized System 2007","Gabon","266'","2019","1","55063000'","  "," - Acryliques ou modacryliques","55'","Man- made staple fibres","5506'","Synthetic staple fibres, carded, combed or otherwise processed for spinning.","550630'"," - Acrylic or modacrylic","8","1","R","0","0","","","","0","0","0","0","0","0"
"2867","","HS 2007","Harmonized System 2007","Gabon","266'","2019","1","55069000'","  "," - Autres","55'","Man- made staple fibres","5506'","Synthetic staple fibres, carded, combed or otherwise processed for spinning.","550690'"," - Other","8","1","R","0","0","","","","0","0","0","0","0","0"
"2868","","HS 2007","Harmonized System 2007","Gabon","266'","2019","1","55070000'","  "," Fibres artificielles discontinues, card?es, peign?es ou autrement transform?es pour la filature.","55'","Man- made staple fibres","5507'","Artificial staple fibres, carded, combed or otherwise processed for spinning.","550700'"," Artificial staple fibres, carded, combed or otherwise processed for spinning.","8","1","R","0","0","","","","0","0","0","0","0","0"
"2869","","HS 2007","Harmonized System 2007","Gabon","266'","2019","1","55081000'","  "," - De fibres synth?tiques discontinues","55'","Man- made staple fibres","5508'","Sewing thread of man-made staple fibres, whether or not put up for retail sale.","550810'"," - Of synthetic staple fibres","8","1","R","0","0","","","","0","0","0","0","0","0"
"2870","","HS 2007","Harmonized System 2007","Gabon","266'","2019","1","55082000'","  "," - De fibres artificielles discontinues","55'","Man- made staple fibres","5508'","Sewing thread of man-made staple fibres, whether or not put up for retail sale.","550820'"," - Of artificial staple fibres","8","1","R","0","0","","","","0","0","0","0","0","0"
"2871","","HS 2007","Harmonized System 2007","Gabon","266'","2019","1","55091100'","  "," -- Simples","55'","Man- made staple fibres","5509'","Yarn (other than sewing thread) of synthetic staple fibres, not put up for retail sale.","550911'"," -- Single yarn","8","1","R","0","0","","","","0","0","0","0","0","0"
"2872","","HS 2007","Harmonized System 2007","Gabon","266'","2019","1","55091200'","  "," -- Retors ou c?bl?s","55'","Man- made staple fibres","5509'","Yarn (other than sewing thread) of synthetic staple fibres, not put up for retail sale.","550912'"," -- Multiple (folded) or cabled yarn","8","1","R","0","0","","","","0","0","0","0","0","0"
"2873","","HS 2007","Harmonized System 2007","Gabon","266'","2019","1","55092100'","  "," -- Simples","55'","Man- made staple fibres","5509'","Yarn (other than sewing thread) of synthetic staple fibres, not put up for retail sale.","550921'"," -- Single yarn","8","1","R","0","0","","","","0","0","0","0","0","0"
"2874","","HS 2007","Harmonized System 2007","Gabon","266'","2019","1","55092200'","  "," -- Retors ou c?bl?s","55'","Man- made staple fibres","5509'","Yarn (other than sewing thread) of synthetic staple fibres, not put up for retail sale.","550922'"," -- Multiple (folded) or cabled yarn","8","1","R","0","0","","","","0","0","0","0","0","0"
"2875","","HS 2007","Harmonized System 2007","Gabon","266'","2019","1","55093100'","  "," -- Simples","55'","Man- made staple fibres","5509'","Yarn (other than sewing thread) of synthetic staple fibres, not put up for retail sale.","550931'"," -- Single yarn","8","1","R","0","0","","","","0","0","0","0","0","0"
"2876","","HS 2007","Harmonized System 2007","Gabon","266'","2019","1","55093200'","  "," -- Retors ou c?bl?s","55'","Man- made staple fibres","5509'","Yarn (other than sewing thread) of synthetic staple fibres, not put up for retail sale.","550932'"," -- Multiple (folded) or cabled yarn","8","1","R","0","0","","","","0","0","0","0","0","0"
"2877","","HS 2007","Harmonized System 2007","Gabon","266'","2019","1","55094100'","  "," -- Simples","55'","Man- made staple fibres","5509'","Yarn (other than sewing thread) of synthetic staple fibres, not put up for retail sale.","550941'"," -- Single yarn","8","1","R","0","0","","","","0","0","0","0","0","0"
"2878","","HS 2007","Harmonized System 2007","Gabon","266'","2019","1","55094200'","  "," -- Retors ou c?bl?s","55'","Man- made staple fibres","5509'","Yarn (other than sewing thread) of synthetic staple fibres, not put up for retail sale.","550942'"," -- Multiple (folded) or cabled yarn","8","1","R","0","0","","","","0","0","0","0","0","0"
"2879","","HS 2007","Harmonized System 2007","Gabon","266'","2019","1","55095100'","  "," -- M?lang?es principalement ou uniquement avec des fibres artificielles discontinues","55'","Man- made staple fibres","5509'","Yarn (other than sewing thread) of synthetic staple fibres, not put up for retail sale.","550951'"," -- Mixed mainly or solely with artificial staple fibres","8","1","R","0","0","","","","0","0","0","0","0","0"
"2880","","HS 2007","Harmonized System 2007","Gabon","266'","2019","1","55095200'","  "," -- M?lang?es principalement ou uniquement avec de la laine ou des poils fins","55'","Man- made staple fibres","5509'","Yarn (other than sewing thread) of synthetic staple fibres, not put up for retail sale.","550952'"," -- Mixed mainly or solely with wool or fine animal hair","8","1","R","0","0","","","","0","0","0","0","0","0"
"2881","","HS 2007","Harmonized System 2007","Gabon","266'","2019","1","55095300'","  "," -- M?lang?es principalement ou uniquement avec du coton","55'","Man- made staple fibres","5509'","Yarn (other than sewing thread) of synthetic staple fibres, not put up for retail sale.","550953'"," -- Mixed mainly or solely with cotton","8","1","R","0","0","","","","0","0","0","0","0","0"
"2882","","HS 2007","Harmonized System 2007","Gabon","266'","2019","1","55095900'","  "," -- Autres","55'","Man- made staple fibres","5509'","Yarn (other than sewing thread) of synthetic staple fibres, not put up for retail sale.","550959'"," -- Other","8","1","R","0","0","","","","0","0","0","0","0","0"
"2883","","HS 2007","Harmonized System 2007","Gabon","266'","2019","1","55096100'","  "," -- M?lang?es principalement ou uniquement avec de la laine ou des poils fins","55'","Man- made staple fibres","5509'","Yarn (other than sewing thread) of synthetic staple fibres, not put up for retail sale.","550961'"," -- Mixed mainly or solely with wool or fine animal hair","8","1","R","0","0","","","","0","0","0","0","0","0"
"2884","","HS 2007","Harmonized System 2007","Gabon","266'","2019","1","55096200'","  "," -- M?lang?es principalement ou uniquement avec du coton","55'","Man- made staple fibres","5509'","Yarn (other than sewing thread) of synthetic staple fibres, not put up for retail sale.","550962'"," -- Mixed mainly or solely with cotton","8","1","R","0","0","","","","0","0","0","0","0","0"
"2885","","HS 2007","Harmonized System 2007","Gabon","266'","2019","1","55096900'","  "," -- Autres","55'","Man- made staple fibres","5509'","Yarn (other than sewing thread) of synthetic staple fibres, not put up for retail sale.","550969'"," -- Other","8","1","R","0","0","","","","0","0","0","0","0","0"
"2886","","HS 2007","Harmonized System 2007","Gabon","266'","2019","1","55099100'","  "," -- M?lang?s principalement ou uniquement avec de la laine ou des poils fins","55'","Man- made staple fibres","5509'","Yarn (other than sewing thread) of synthetic staple fibres, not put up for retail sale.","550991'"," -- Mixed mainly or solely with wool or fine animal hair","8","1","R","0","0","","","","0","0","0","0","0","0"
"2887","","HS 2007","Harmonized System 2007","Gabon","266'","2019","1","55099200'","  "," -- M?lang?s principalement ou uniquement avec du coton","55'","Man- made staple fibres","5509'","Yarn (other than sewing thread) of synthetic staple fibres, not put up for retail sale.","550992'"," -- Mixed mainly or solely with cotton","8","1","R","0","0","","","","0","0","0","0","0","0"
"2888","","HS 2007","Harmonized System 2007","Gabon","266'","2019","1","55099900'","  "," -- Autres","55'","Man- made staple fibres","5509'","Yarn (other than sewing thread) of synthetic staple fibres, not put up for retail sale.","550999'"," -- Other","8","1","R","0","0","","","","0","0","0","0","0","0"
"2889","","HS 2007","Harmonized System 2007","Gabon","266'","2019","1","55101100'","  "," -- Simples","55'","Man- made staple fibres","5510'","Yarn (other than sewing thread) of artificial staple fibres, not put up for retail sale.","551011'"," -- Single yarn","8","1","R","0","0","","","","0","0","0","0","0","0"
"2890","","HS 2007","Harmonized System 2007","Gabon","266'","2019","1","55101200'","  "," -- Retors ou c?bl?s","55'","Man- made staple fibres","5510'","Yarn (other than sewing thread) of artificial staple fibres, not put up for retail sale.","551012'"," -- Multiple (folded) or cabled yarn","8","1","R","0","0","","","","0","0","0","0","0","0"
"2891","","HS 2007","Harmonized System 2007","Gabon","266'","2019","1","55102000'","  "," - Autres fils, m?lang?s principalement ou uniquement avec de la laine ou des poils fins","55'","Man- made staple fibres","5510'","Yarn (other than sewing thread) of artificial staple fibres, not put up for retail sale.","551020'"," - Other yarn, mixed mainly or solely with wool or fine animal hair","8","1","R","0","0","","","","0","0","0","0","0","0"
"2892","","HS 2007","Harmonized System 2007","Gabon","266'","2019","1","55103000'","  "," - Autres fils, m?lang?s principalement ou uniquement avec du coton","55'","Man- made staple fibres","5510'","Yarn (other than sewing thread) of artificial staple fibres, not put up for retail sale.","551030'"," - Other yarn, mixed mainly or solely with cotton","8","1","R","0","0","","","","0","0","0","0","0","0"
"2893","","HS 2007","Harmonized System 2007","Gabon","266'","2019","1","55109000'","  "," - Autres fils","55'","Man- made staple fibres","5510'","Yarn (other than sewing thread) of artificial staple fibres, not put up for retail sale.","551090'"," - Other yarn","8","1","R","0","0","","","","0","0","0","0","0","0"
"2894","","HS 2007","Harmonized System 2007","Gabon","266'","2019","1","55111000'","  "," - De fibres synth?tiques discontinues, contenant au moins 85 % en poids de ces fibres","55'","Man- made staple fibres","5511'","Yarn (other than sewing thread) of man-made staple fibres, put up for retail sale.","551110'"," - Of synthetic staple fibres, containing 85% or more by weight of such fibres","8","1","R","0","0","","","","0","0","0","0","0","0"
"2895","","HS 2007","Harmonized System 2007","Gabon","266'","2019","1","55112000'","  "," - De fibres synth?tiques discontinues, contenant moins de 85 % en poids de ces fibres","55'","Man- made staple fibres","5511'","Yarn (other than sewing thread) of man-made staple fibres, put up for retail sale.","551120'"," - Of synthetic staple fibres, containing less than 85% by weight of such fibres","8","1","R","0","0","","","","0","0","0","0","0","0"
"2896","","HS 2007","Harmonized System 2007","Gabon","266'","2019","1","55113000'","  "," - De fibres artificielles discontinues","55'","Man- made staple fibres","5511'","Yarn (other than sewing thread) of man-made staple fibres, put up for retail sale.","551130'"," - Of artificial staple fibres","8","1","R","0","0","","","","0","0","0","0","0","0"
"2897","","HS 2007","Harmonized System 2007","Gabon","266'","2019","1","55121100'","  "," -- Ecrus ou blanchis","55'","Man- made staple fibres","5512'","Woven fabrics of synthetic staple fibres, containing 85% or more by weight of synthetic staple fibre","551211'"," -- Unbleached or bleached","8","1","R","0","0","","","","0","0","0","0","0","0"
"2898","","HS 2007","Harmonized System 2007","Gabon","266'","2019","1","55121900'","  "," -- Autres","55'","Man- made staple fibres","5512'","Woven fabrics of synthetic staple fibres, containing 85% or more by weight of synthetic staple fibre","551219'"," -- Other","8","1","R","0","0","","","","0","0","0","0","0","0"
"2899","","HS 2007","Harmonized System 2007","Gabon","266'","2019","1","55122100'","  "," -- Ecrus ou blanchis","55'","Man- made staple fibres","5512'","Woven fabrics of synthetic staple fibres, containing 85% or more by weight of synthetic staple fibre","551221'"," -- Unbleached or bleached","8","1","R","0","0","","","","0","0","0","0","0","0"
"2900","","HS 2007","Harmonized System 2007","Gabon","266'","2019","1","55122900'","  "," -- Autres","55'","Man- made staple fibres","5512'","Woven fabrics of synthetic staple fibres, containing 85% or more by weight of synthetic staple fibre","551229'"," -- Other","8","1","R","0","0","","","","0","0","0","0","0","0"
"2901","","HS 2007","Harmonized System 2007","Gabon","266'","2019","1","55129100'","  "," -- Ecrus ou blanchis","55'","Man- made staple fibres","5512'","Woven fabrics of synthetic staple fibres, containing 85% or more by weight of synthetic staple fibre","551291'"," -- Unbleached or bleached","8","1","R","0","0","","","","0","0","0","0","0","0"
"2902","","HS 2007","Harmonized System 2007","Gabon","266'","2019","1","55129900'","  "," -- Autres","55'","Man- made staple fibres","5512'","Woven fabrics of synthetic staple fibres, containing 85% or more by weight of synthetic staple fibre","551299'"," -- Other","8","1","R","0","0","","","","0","0","0","0","0","0"
"2903","","HS 2007","Harmonized System 2007","Gabon","266'","2019","1","55131100'","  "," -- En fibres discontinues de polyester, ? armure toile","55'","Man- made staple fibres","5513'","Woven fabrics of synthetic staple fibres, containing less than 85% by weight of such fibres, mixed m","551311'"," -- Of polyester staple fibres, plain weave","8","1","R","0","0","","","","0","0","0","0","0","0"
"2904","","HS 2007","Harmonized System 2007","Gabon","266'","2019","1","55131200'","  "," -- En fibres discontinues de polyester, ? armure serg?, y compris le crois?, dont le rapport d'armure n'exc?de pas?4","55'","Man- made staple fibres","5513'","Woven fabrics of synthetic staple fibres, containing less than 85% by weight of such fibres, mixed m","551312'"," -- 3-thread or 4-thread twill, including cross twill, of polyester staple fibres","8","1","R","0","0","","","","0","0","0","0","0","0"
"2905","","HS 2007","Harmonized System 2007","Gabon","266'","2019","1","55131300'","  "," -- Autres tissus de fibres discontinues de polyester","55'","Man- made staple fibres","5513'","Woven fabrics of synthetic staple fibres, containing less than 85% by weight of such fibres, mixed m","551313'"," -- Other woven fabrics of polyester staple fibres","8","1","R","0","0","","","","0","0","0","0","0","0"
"2906","","HS 2007","Harmonized System 2007","Gabon","266'","2019","1","55131900'","  "," -- Autres tissus","55'","Man- made staple fibres","5513'","Woven fabrics of synthetic staple fibres, containing less than 85% by weight of such fibres, mixed m","551319'"," -- Other woven fabrics","8","1","R","0","0","","","","0","0","0","0","0","0"
"2907","","HS 2007","Harmonized System 2007","Gabon","266'","2019","1","55132100'","  "," -- En fibres discontinues de polyester, ? armure toile","55'","Man- made staple fibres","5513'","Woven fabrics of synthetic staple fibres, containing less than 85% by weight of such fibres, mixed m","551321'"," -- Of polyester staple fibres, plain weave","8","1","R","0","0","","","","0","0","0","0","0","0"
"2908","","HS 2007","Harmonized System 2007","Gabon","266'","2019","1","55132300'","  "," -- Autres tissus de fibres discontinues de polyester","55'","Man- made staple fibres","5513'","Woven fabrics of synthetic staple fibres, containing less than 85% by weight of such fibres, mixed m","551323'"," -- Other woven fabrics of polyester staple fibres","8","1","R","0","0","","","","0","0","0","0","0","0"
"2909","","HS 2007","Harmonized System 2007","Gabon","266'","2019","1","55132900'","  "," -- Autres tissus","55'","Man- made staple fibres","5513'","Woven fabrics of synthetic staple fibres, containing less than 85% by weight of such fibres, mixed m","551329'"," -- Other woven fabrics","8","1","R","0","0","","","","0","0","0","0","0","0"
"2910","","HS 2007","Harmonized System 2007","Gabon","266'","2019","1","55133100'","  "," -- En fibres discontinues de polyester, ? armure toile","55'","Man- made staple fibres","5513'","Woven fabrics of synthetic staple fibres, containing less than 85% by weight of such fibres, mixed m","551331'"," -- Of polyester staple fibres, plain weave","8","1","R","0","0","","","","0","0","0","0","0","0"
"2911","","HS 2007","Harmonized System 2007","Gabon","266'","2019","1","55133900'","  "," -- Autres tissus","55'","Man- made staple fibres","5513'","Woven fabrics of synthetic staple fibres, containing less than 85% by weight of such fibres, mixed m","551339'"," -- Other woven fabrics","8","1","R","0","0","","","","0","0","0","0","0","0"
"2912","","HS 2007","Harmonized System 2007","Gabon","266'","2019","1","55134100'","  "," -- En fibres discontinues de polyester, ? armure toile","55'","Man- made staple fibres","5513'","Woven fabrics of synthetic staple fibres, containing less than 85% by weight of such fibres, mixed m","551341'"," -- Of polyester staple fibres, plain weave","8","1","R","0","0","","","","0","0","0","0","0","0"
"2913","","HS 2007","Harmonized System 2007","Gabon","266'","2019","1","55134900'","  "," -- Autres tissus","55'","Man- made staple fibres","5513'","Woven fabrics of synthetic staple fibres, containing less than 85% by weight of such fibres, mixed m","551349'"," -- Other woven fabrics","8","1","R","0","0","","","","0","0","0","0","0","0"
"2914","","HS 2007","Harmonized System 2007","Gabon","266'","2019","1","55141100'","  "," -- En fibres discontinues de polyester, ? armure toile","55'","Man- made staple fibres","5514'","Woven fabrics of synthetic staple fibres, containing less than 85% by weight of such fibres, mixed m","551411'"," -- Of polyester staple fibres, plain weave","8","1","R","0","0","","","","0","0","0","0","0","0"
"2915","","HS 2007","Harmonized System 2007","Gabon","266'","2019","1","55141200'","  "," -- En fibres discontinues de polyester, ? armure serg?, y compris le crois?, dont le rapport d'armure n'exc?de pas?4","55'","Man- made staple fibres","5514'","Woven fabrics of synthetic staple fibres, containing less than 85% by weight of such fibres, mixed m","551412'"," -- 3-thread or 4-thread twill, including cross twill, of polyester staple fibres","8","1","R","0","0","","","","0","0","0","0","0","0"
"2916","","HS 2007","Harmonized System 2007","Gabon","266'","2019","1","55141900'","  "," -- Autres tissus","55'","Man- made staple fibres","5514'","Woven fabrics of synthetic staple fibres, containing less than 85% by weight of such fibres, mixed m","551419'"," -- Other woven fabrics","8","1","R","0","0","","","","0","0","0","0","0","0"
"2917","","HS 2007","Harmonized System 2007","Gabon","266'","2019","1","55142100'","  "," -- En fibres discontinues de polyester, ? armure toile","55'","Man- made staple fibres","5514'","Woven fabrics of synthetic staple fibres, containing less than 85% by weight of such fibres, mixed m","551421'"," -- Of polyester staple fibres, plain weave","8","1","R","0","0","","","","0","0","0","0","0","0"
"2918","","HS 2007","Harmonized System 2007","Gabon","266'","2019","1","55142200'","  "," -- En fibres discontinues de polyester, ? armure serg?, y compris le crois?, dont le rapport d'armure n'exc?de pas?4","55'","Man- made staple fibres","5514'","Woven fabrics of synthetic staple fibres, containing less than 85% by weight of such fibres, mixed m","551422'"," -- 3-thread or 4-thread twill, including cross twill, of polyester staple fibres","8","1","R","0","0","","","","0","0","0","0","0","0"
"2919","","HS 2007","Harmonized System 2007","Gabon","266'","2019","1","55142300'","  "," -- Autres tissus de fibres discontinues de polyester","55'","Man- made staple fibres","5514'","Woven fabrics of synthetic staple fibres, containing less than 85% by weight of such fibres, mixed m","551423'"," -- Other woven fabrics of polyester staple fibres","8","1","R","0","0","","","","0","0","0","0","0","0"
"2920","","HS 2007","Harmonized System 2007","Gabon","266'","2019","1","55142900'","  "," -- Autres tissus","55'","Man- made staple fibres","5514'","Woven fabrics of synthetic staple fibres, containing less than 85% by weight of such fibres, mixed m","551429'"," -- Other woven fabrics","8","1","R","0","0","","","","0","0","0","0","0","0"
"2921","","HS 2007","Harmonized System 2007","Gabon","266'","2019","1","55143000'","  "," - En fils de diverses couleurs","55'","Man- made staple fibres","5514'","Woven fabrics of synthetic staple fibres, containing less than 85% by weight of such fibres, mixed m","551430'"," - Of yarns of different colours","8","1","R","0","0","","","","0","0","0","0","0","0"
"2922","","HS 2007","Harmonized System 2007","Gabon","266'","2019","1","55144100'","  "," -- En fibres discontinues de polyester, ? armure toile","55'","Man- made staple fibres","5514'","Woven fabrics of synthetic staple fibres, containing less than 85% by weight of such fibres, mixed m","551441'"," -- Of polyester staple fibres, plain weave","8","1","R","0","0","","","","0","0","0","0","0","0"
"2923","","HS 2007","Harmonized System 2007","Gabon","266'","2019","1","55144200'","  "," -- En fibres discontinues de polyester, ? armure serg?, y compris le crois?, dont le rapport d'armure n'exc?de pas?4","55'","Man- made staple fibres","5514'","Woven fabrics of synthetic staple fibres, containing less than 85% by weight of such fibres, mixed m","551442'"," -- 3-thread or 4-thread twill, including cross twill, of polyester staple fibres","8","1","R","0","0","","","","0","0","0","0","0","0"
"2924","","HS 2007","Harmonized System 2007","Gabon","266'","2019","1","55144300'","  "," -- Autres tissus de fibres discontinues de polyester","55'","Man- made staple fibres","5514'","Woven fabrics of synthetic staple fibres, containing less than 85% by weight of such fibres, mixed m","551443'"," -- Other woven fabrics of polyester staple fibres","8","1","R","0","0","","","","0","0","0","0","0","0"
"2925","","HS 2007","Harmonized System 2007","Gabon","266'","2019","1","55144900'","  "," -- Autres tissus","55'","Man- made staple fibres","5514'","Woven fabrics of synthetic staple fibres, containing less than 85% by weight of such fibres, mixed m","551449'"," -- Other woven fabrics","8","1","R","0","0","","","","0","0","0","0","0","0"
"2926","","HS 2007","Harmonized System 2007","Gabon","266'","2019","1","55151100'","  "," -- M?lang?es principalement ou uniquement avec des fibres discontinues de rayonne viscose","55'","Man- made staple fibres","5515'","Other woven fabrics of synthetic staple fibres.","551511'"," -- Mixed mainly or solely with viscose rayon staple fibres","8","1","R","0","0","","","","0","0","0","0","0","0"
"2927","","HS 2007","Harmonized System 2007","Gabon","266'","2019","1","55151200'","  "," -- M?lang?es principalement ou uniquement avec des filaments synth?tiques ou artificiels","55'","Man- made staple fibres","5515'","Other woven fabrics of synthetic staple fibres.","551512'"," -- Mixed mainly or solely with man-made filaments","8","1","R","0","0","","","","0","0","0","0","0","0"
"2928","","HS 2007","Harmonized System 2007","Gabon","266'","2019","1","55151300'","  "," -- M?lang?es principalement ou uniquement avec de la laine ou des poils fins","55'","Man- made staple fibres","5515'","Other woven fabrics of synthetic staple fibres.","551513'"," -- Mixed mainly or solely with wool or fine animal hair","8","1","R","0","0","","","","0","0","0","0","0","0"
"2929","","HS 2007","Harmonized System 2007","Gabon","266'","2019","1","55151900'","  "," -- Autres","55'","Man- made staple fibres","5515'","Other woven fabrics of synthetic staple fibres.","551519'"," -- Other","8","1","R","0","0","","","","0","0","0","0","0","0"
"2930","","HS 2007","Harmonized System 2007","Gabon","266'","2019","1","55152100'","  "," -- M?lang?es principalement ou uniquement avec des filaments synth?tiques ou artificiels","55'","Man- made staple fibres","5515'","Other woven fabrics of synthetic staple fibres.","551521'"," -- Mixed mainly or solely with man-made filaments","8","1","R","0","0","","","","0","0","0","0","0","0"
"2931","","HS 2007","Harmonized System 2007","Gabon","266'","2019","1","55152200'","  "," -- M?lang?es principalement ou uniquement avec de la laine ou des poils fins","55'","Man- made staple fibres","5515'","Other woven fabrics of synthetic staple fibres.","551522'"," -- Mixed mainly or solely with wool or fine animal hair","8","1","R","0","0","","","","0","0","0","0","0","0"
"2932","","HS 2007","Harmonized System 2007","Gabon","266'","2019","1","55152900'","  "," -- Autres","55'","Man- made staple fibres","5515'","Other woven fabrics of synthetic staple fibres.","551529'"," -- Other","8","1","R","0","0","","","","0","0","0","0","0","0"
"2933","","HS 2007","Harmonized System 2007","Gabon","266'","2019","1","55159100'","  "," -- M?lang?s principalement ou uniquement avec des filaments synth?tiques ou artificiels","55'","Man- made staple fibres","5515'","Other woven fabrics of synthetic staple fibres.","551591'"," -- Mixed mainly or solely with man-made filaments","8","1","R","0","0","","","","0","0","0","0","0","0"
"2934","","HS 2007","Harmonized System 2007","Gabon","266'","2019","1","55159900'","  "," -- Autres","55'","Man- made staple fibres","5515'","Other woven fabrics of synthetic staple fibres.","551599'"," -- Other","8","1","R","0","0","","","","0","0","0","0","0","0"
"2935","","HS 2007","Harmonized System 2007","Gabon","266'","2019","1","55161100'","  "," -- Ecrus ou blanchis","55'","Man- made staple fibres","5516'","Woven fabrics of artificial staple fibres.","551611'"," -- Unbleached or bleached","8","1","R","0","0","","","","0","0","0","0","0","0"
"2936","","HS 2007","Harmonized System 2007","Gabon","266'","2019","1","55161200'","  "," -- Teints","55'","Man- made staple fibres","5516'","Woven fabrics of artificial staple fibres.","551612'"," -- Dyed","8","1","R","0","0","","","","0","0","0","0","0","0"
"2937","","HS 2007","Harmonized System 2007","Gabon","266'","2019","1","55161300'","  "," -- En fils de diverses couleurs","55'","Man- made staple fibres","5516'","Woven fabrics of artificial staple fibres.","551613'"," -- Of yarns of different colours","8","1","R","0","0","","","","0","0","0","0","0","0"
"2938","","HS 2007","Harmonized System 2007","Gabon","266'","2019","1","55161400'","  "," -- Imprim?s","55'","Man- made staple fibres","5516'","Woven fabrics of artificial staple fibres.","551614'"," -- Printed","8","1","R","0","0","","","","0","0","0","0","0","0"
"2939","","HS 2007","Harmonized System 2007","Gabon","266'","2019","1","55162100'","  "," -- Ecrus ou blanchis","55'","Man- made staple fibres","5516'","Woven fabrics of artificial staple fibres.","551621'"," -- Unbleached or bleached","8","1","R","0","0","","","","0","0","0","0","0","0"
"2940","","HS 2007","Harmonized System 2007","Gabon","266'","2019","1","55162200'","  "," -- Teints","55'","Man- made staple fibres","5516'","Woven fabrics of artificial staple fibres.","551622'"," -- Dyed","8","1","R","0","0","","","","0","0","0","0","0","0"
"2941","","HS 2007","Harmonized System 2007","Gabon","266'","2019","1","55162300'","  "," -- En fils de diverses couleurs","55'","Man- made staple fibres","5516'","Woven fabrics of artificial staple fibres.","551623'"," -- Of yarns of different colours","8","1","R","0","0","","","","0","0","0","0","0","0"
"2942","","HS 2007","Harmonized System 2007","Gabon","266'","2019","1","55162400'","  "," -- Imprim?s","55'","Man- made staple fibres","5516'","Woven fabrics of artificial staple fibres.","551624'"," -- Printed","8","1","R","0","0","","","","0","0","0","0","0","0"
"2943","","HS 2007","Harmonized System 2007","Gabon","266'","2019","1","55163100'","  "," -- Ecrus ou blanchis","55'","Man- made staple fibres","5516'","Woven fabrics of artificial staple fibres.","551631'"," -- Unbleached or bleached","8","1","R","0","0","","","","0","0","0","0","0","0"
"2944","","HS 2007","Harmonized System 2007","Gabon","266'","2019","1","55163200'","  "," -- Teints","55'","Man- made staple fibres","5516'","Woven fabrics of artificial staple fibres.","551632'"," -- Dyed","8","1","R","0","0","","","","0","0","0","0","0","0"
"2945","","HS 2007","Harmonized System 2007","Gabon","266'","2019","1","55163300'","  "," -- En fils de diverses couleurs","55'","Man- made staple fibres","5516'","Woven fabrics of artificial staple fibres.","551633'"," -- Of yarns of different colours","8","1","R","0","0","","","","0","0","0","0","0","0"
"2946","","HS 2007","Harmonized System 2007","Gabon","266'","2019","1","55163400'","  "," -- Imprim?s","55'","Man- made staple fibres","5516'","Woven fabrics of artificial staple fibres.","551634'"," -- Printed","8","1","R","0","0","","","","0","0","0","0","0","0"
"2947","","HS 2007","Harmonized System 2007","Gabon","266'","2019","1","55164100'","  "," -- Ecrus ou blanchis","55'","Man- made staple fibres","5516'","Woven fabrics of artificial staple fibres.","551641'"," -- Unbleached or bleached","8","1","R","0","0","","","","0","0","0","0","0","0"
"2948","","HS 2007","Harmonized System 2007","Gabon","266'","2019","1","55164200'","  "," -- Teints","55'","Man- made staple fibres","5516'","Woven fabrics of artificial staple fibres.","551642'"," -- Dyed","8","1","R","0","0","","","","0","0","0","0","0","0"
"2949","","HS 2007","Harmonized System 2007","Gabon","266'","2019","1","55164300'","  "," -- En fils de diverses couleurs","55'","Man- made staple fibres","5516'","Woven fabrics of artificial staple fibres.","551643'"," -- Of yarns of different colours","8","1","R","0","0","","","","0","0","0","0","0","0"
"2950","","HS 2007","Harmonized System 2007","Gabon","266'","2019","1","55164400'","  "," -- Imprim?s","55'","Man- made staple fibres","5516'","Woven fabrics of artificial staple fibres.","551644'"," -- Printed","8","1","R","0","0","","","","0","0","0","0","0","0"
"2951","","HS 2007","Harmonized System 2007","Gabon","266'","2019","1","55169100'","  "," -- Ecrus ou blanchis","55'","Man- made staple fibres","5516'","Woven fabrics of artificial staple fibres.","551691'"," -- Unbleached or bleached","8","1","R","0","0","","","","0","0","0","0","0","0"
"2952","","HS 2007","Harmonized System 2007","Gabon","266'","2019","1","55169200'","  "," -- Teints","55'","Man- made staple fibres","5516'","Woven fabrics of artificial staple fibres.","551692'"," -- Dyed","8","1","R","0","0","","","","0","0","0","0","0","0"
"2953","","HS 2007","Harmonized System 2007","Gabon","266'","2019","1","55169300'","  "," -- En fils de diverses couleurs","55'","Man- made staple fibres","5516'","Woven fabrics of artificial staple fibres.","551693'"," -- Of yarns of different colours","8","1","R","0","0","","","","0","0","0","0","0","0"
"2954","","HS 2007","Harmonized System 2007","Gabon","266'","2019","1","55169400'","  "," -- Imprim?s","55'","Man- made staple fibres","5516'","Woven fabrics of artificial staple fibres.","551694'"," -- Printed","8","1","R","0","0","","","","0","0","0","0","0","0"
"2955","","HS 2007","Harmonized System 2007","Gabon","266'","2019","1","56011000'","  "," - Serviettes et tampons hygi?niques, couches pour b?b?s et articles hygi?niques similaires, en ouates","56'","Wadding, felt and nonwovens; special yarns; twine, cordage, ropes and cables and articles thereof","5601'","Wadding of textile materials and articles thereof; textile fibres, not exceeding 5 mm in length (flo","560110'"," - Sanitary towels and tampons, napkins and napkin liners for babies and similar sanitary articles, o","8","1","R","0","0","","","","0","0","0","0","0","0"
"2956","","HS 2007","Harmonized System 2007","Gabon","266'","2019","1","56012100'","  "," -- De coton","56'","Wadding, felt and nonwovens; special yarns; twine, cordage, ropes and cables and articles thereof","5601'","Wadding of textile materials and articles thereof; textile fibres, not exceeding 5 mm in length (flo","560121'"," -- Of cotton","8","1","R","0","0","","","","0","0","0","0","0","0"
"2957","","HS 2007","Harmonized System 2007","Gabon","266'","2019","1","56012210'","  "," batonnet-filtre en ouate d'ac?tate de cellulose","56'","Wadding, felt and nonwovens; special yarns; twine, cordage, ropes and cables and articles thereof","5601'","Wadding of textile materials and articles thereof; textile fibres, not exceeding 5 mm in length (flo","560122'"," -- Of man-made fibres","8","1","R","0","0","","","","0","0","0","0","0","0"
"2958","","HS 2007","Harmonized System 2007","Gabon","266'","2019","1","56012290'","  "," articles en ouate de fibres synyh?tiques ouartificielles autres que batonnets","56'","Wadding, felt and nonwovens; special yarns; twine, cordage, ropes and cables and articles thereof","5601'","Wadding of textile materials and articles thereof; textile fibres, not exceeding 5 mm in length (flo","560122'"," -- Of man-made fibres","8","1","R","0","0","","","","0","0","0","0","0","0"
"2959","","HS 2007","Harmonized System 2007","Gabon","266'","2019","1","56012900'","  "," -- Autres","56'","Wadding, felt and nonwovens; special yarns; twine, cordage, ropes and cables and articles thereof","5601'","Wadding of textile materials and articles thereof; textile fibres, not exceeding 5 mm in length (flo","560129'"," -- Other","8","1","R","0","0","","","","0","0","0","0","0","0"
"2960","","HS 2007","Harmonized System 2007","Gabon","266'","2019","1","56013000'","  "," - Tontisses, noeuds et noppes (boutons) de mati?res textiles","56'","Wadding, felt and nonwovens; special yarns; twine, cordage, ropes and cables and articles thereof","5601'","Wadding of textile materials and articles thereof; textile fibres, not exceeding 5 mm in length (flo","560130'"," - Textile flock and dust and mill neps","8","1","R","0","0","","","","0","0","0","0","0","0"
"2961","","HS 2007","Harmonized System 2007","Gabon","266'","2019","1","56021000'","  "," - Feutres aiguillet?s et produits cousus-tricot?s","56'","Wadding, felt and nonwovens; special yarns; twine, cordage, ropes and cables and articles thereof","5602'","Felt, whether or not impregnated, coated, covered or laminated.","560210'"," - Needleloom felt and stitch-bonded fibre fabrics","8","1","R","0","0","","","","0","0","0","0","0","0"
"2962","","HS 2007","Harmonized System 2007","Gabon","266'","2019","1","56022100'","  "," -- De laine ou de poils fins","56'","Wadding, felt and nonwovens; special yarns; twine, cordage, ropes and cables and articles thereof","5602'","Felt, whether or not impregnated, coated, covered or laminated.","560221'"," -- Of wool or fine animal hair","8","1","R","0","0","","","","0","0","0","0","0","0"
"2963","","HS 2007","Harmonized System 2007","Gabon","266'","2019","1","56022900'","  "," -- D'autres mati?res textiles","56'","Wadding, felt and nonwovens; special yarns; twine, cordage, ropes and cables and articles thereof","5602'","Felt, whether or not impregnated, coated, covered or laminated.","560229'"," -- Of other textile materials","8","1","R","0","0","","","","0","0","0","0","0","0"
"2964","","HS 2007","Harmonized System 2007","Gabon","266'","2019","1","56029000'","  "," - Autres","56'","Wadding, felt and nonwovens; special yarns; twine, cordage, ropes and cables and articles thereof","5602'","Felt, whether or not impregnated, coated, covered or laminated.","560290'"," - Other","8","1","R","0","0","","","","0","0","0","0","0","0"
"2965","","HS 2007","Harmonized System 2007","Gabon","266'","2019","1","56031100'","  "," -- D'un poids n'exc?dant pas 25 g/m?","56'","Wadding, felt and nonwovens; special yarns; twine, cordage, ropes and cables and articles thereof","5603'","Nonwovens, whether or not impregnated, coated, covered or laminated.","560311'"," -- Weighing not more than 25 g/m?","8","1","R","0","0","","","","0","0","0","0","0","0"
"2966","","HS 2007","Harmonized System 2007","Gabon","266'","2019","1","56031200'","  "," -- D'un poids sup?rieur ? 25 g/m? mais n'exc?dant pas 70?g/m?","56'","Wadding, felt and nonwovens; special yarns; twine, cordage, ropes and cables and articles thereof","5603'","Nonwovens, whether or not impregnated, coated, covered or laminated.","560312'"," -- Weighing more than 25 g/m? but not more than 70 g/m?","8","1","R","0","0","","","","0","0","0","0","0","0"
"2967","","HS 2007","Harmonized System 2007","Gabon","266'","2019","1","56031300'","  "," -- D'un poids sup?rieur ? 70 g/m? mais n'exc?dant pas 150?g/m?","56'","Wadding, felt and nonwovens; special yarns; twine, cordage, ropes and cables and articles thereof","5603'","Nonwovens, whether or not impregnated, coated, covered or laminated.","560313'"," -- Weighing more than 70 g/m? but not more than 150?g/m?","8","1","R","0","0","","","","0","0","0","0","0","0"
"2968","","HS 2007","Harmonized System 2007","Gabon","266'","2019","1","56031400'","  "," -- D'un poids sup?rieur ? 150 g/m?","56'","Wadding, felt and nonwovens; special yarns; twine, cordage, ropes and cables and articles thereof","5603'","Nonwovens, whether or not impregnated, coated, covered or laminated.","560314'"," -- Weighing more than 150 g/m?","8","1","R","0","0","","","","0","0","0","0","0","0"
"2969","","HS 2007","Harmonized System 2007","Gabon","266'","2019","1","56039100'","  "," -- D'un poids n'exc?dant pas 25 g/m?","56'","Wadding, felt and nonwovens; special yarns; twine, cordage, ropes and cables and articles thereof","5603'","Nonwovens, whether or not impregnated, coated, covered or laminated.","560391'"," -- Weighing not more than 25 g/m?","8","1","R","0","0","","","","0","0","0","0","0","0"
"2970","","HS 2007","Harmonized System 2007","Gabon","266'","2019","1","56039200'","  "," -- D'un poids sup?rieur ? 25 g/m? mais n'exc?dant pas 70?g/m?","56'","Wadding, felt and nonwovens; special yarns; twine, cordage, ropes and cables and articles thereof","5603'","Nonwovens, whether or not impregnated, coated, covered or laminated.","560392'"," -- Weighing more than 25 g/m? but not more than 70?g/m?","8","1","R","0","0","","","","0","0","0","0","0","0"
"2971","","HS 2007","Harmonized System 2007","Gabon","266'","2019","1","56039300'","  "," -- D'un poids sup?rieur ? 70 g/m? mais n'exc?dant pas 150?g/m?","56'","Wadding, felt and nonwovens; special yarns; twine, cordage, ropes and cables and articles thereof","5603'","Nonwovens, whether or not impregnated, coated, covered or laminated.","560393'"," -- Weighing more than 70 g/m? but not more than 150?g/m?","8","1","R","0","0","","","","0","0","0","0","0","0"
"2972","","HS 2007","Harmonized System 2007","Gabon","266'","2019","1","56039400'","  "," -- D'un poids sup?rieur ? 150 g/m?","56'","Wadding, felt and nonwovens; special yarns; twine, cordage, ropes and cables and articles thereof","5603'","Nonwovens, whether or not impregnated, coated, covered or laminated.","560394'"," -- Weighing more than 150 g/m?","8","1","R","0","0","","","","0","0","0","0","0","0"
"2973","","HS 2007","Harmonized System 2007","Gabon","266'","2019","1","56041000'","  "," - Fils et cordes de caoutchouc, recouverts de textiles","56'","Wadding, felt and nonwovens; special yarns; twine, cordage, ropes and cables and articles thereof","5604'","Rubber thread and cord, textile covered; textile yarn, and strip and the like of heading 54.04 or 54","560410'"," - Rubber thread and cord, textile covered","8","1","R","0","0","","","","0","0","0","0","0","0"
"2974","","HS 2007","Harmonized System 2007","Gabon","266'","2019","1","56049000'","  "," - Autres","56'","Wadding, felt and nonwovens; special yarns; twine, cordage, ropes and cables and articles thereof","5604'","Rubber thread and cord, textile covered; textile yarn, and strip and the like of heading 54.04 or 54","560490'"," - Other","8","1","R","0","0","","","","0","0","0","0","0","0"
"2975","","HS 2007","Harmonized System 2007","Gabon","266'","2019","1","56050000'","  "," Fil?s m?talliques et fils m?tallis?s, m?me guip?s, constitu?s par des fils textiles, des lames ou formes similaires des n?s 54.04 ou 54.05, combin?s avec du m?tal sous forme de fils, de lames ou de poudres, ou recouverts de m?tal.","56'","Wadding, felt and nonwovens; special yarns; twine, cordage, ropes and cables and articles thereof","5605'","Metallised yarn, whether or not gimped, being textile yarn, or strip or the like of heading 54.04 or","560500'"," Metallised yarn, whether or not gimped, being textile yarn, or strip or the like of heading 54.04 or","8","1","R","0","0","","","","0","0","0","0","0","0"
"2976","","HS 2007","Harmonized System 2007","Gabon","266'","2019","1","56060000'","  "," Fils guip?s, lames et formes similaires des n?s 54.04 ou 54.05 guip?es, autres que ceux du n? 56.05 et autres que les fils de crin guip?s; fils de chenille; fils dits ""de cha?nette"".","56'","Wadding, felt and nonwovens; special yarns; twine, cordage, ropes and cables and articles thereof","5606'","Gimped yarn, and strip and the like of heading 54.04 or 54.05, gimped (other than those of heading 5","560600'"," Gimped yarn, and strip and the like of heading 54.04 or 54.05, gimped (other than those of heading 5","8","1","R","0","0","","","","0","0","0","0","0","0"
"2977","","HS 2007","Harmonized System 2007","Gabon","266'","2019","1","56072100'","  "," -- Ficelles lieuses ou botteleuses","56'","Wadding, felt and nonwovens; special yarns; twine, cordage, ropes and cables and articles thereof","5607'","Twine, cordage, ropes and cables, whether or not plaited or braided and whether or not impregnated, ","560721'"," -- Binder or baler twine","8","1","R","0","0","","","","0","0","0","0","0","0"
"2978","","HS 2007","Harmonized System 2007","Gabon","266'","2019","1","56072900'","  "," -- Autres","56'","Wadding, felt and nonwovens; special yarns; twine, cordage, ropes and cables and articles thereof","5607'","Twine, cordage, ropes and cables, whether or not plaited or braided and whether or not impregnated, ","560729'"," -- Other","8","1","R","0","0","","","","0","0","0","0","0","0"
"2979","","HS 2007","Harmonized System 2007","Gabon","266'","2019","1","56074100'","  "," -- Ficelles lieuses ou botteleuses","56'","Wadding, felt and nonwovens; special yarns; twine, cordage, ropes and cables and articles thereof","5607'","Twine, cordage, ropes and cables, whether or not plaited or braided and whether or not impregnated, ","560741'"," -- Binder or baler twine","8","1","R","0","0","","","","0","0","0","0","0","0"
"2980","","HS 2007","Harmonized System 2007","Gabon","266'","2019","1","56074910'","  "," ficelles,cordes et cordages tress?s ou non de poly?thyl?ne/polypropyl?ne pr p?che","56'","Wadding, felt and nonwovens; special yarns; twine, cordage, ropes and cables and articles thereof","5607'","Twine, cordage, ropes and cables, whether or not plaited or braided and whether or not impregnated, ","560749'"," -- Other","8","1","R","0","0","","","","0","0","0","0","0","0"
"2981","","HS 2007","Harmonized System 2007","Gabon","266'","2019","1","56074990'","  "," ficelles,cordes&cordages de poly?thyl?ne oupolypropyl?ne autres que pr la p?che","56'","Wadding, felt and nonwovens; special yarns; twine, cordage, ropes and cables and articles thereof","5607'","Twine, cordage, ropes and cables, whether or not plaited or braided and whether or not impregnated, ","560749'"," -- Other","8","1","R","0","0","","","","0","0","0","0","0","0"
"2982","","HS 2007","Harmonized System 2007","Gabon","266'","2019","1","56075010'","  "," ficelles,cordes & cordages pr la p?che autres que ceux du 560710 ? 560741","56'","Wadding, felt and nonwovens; special yarns; twine, cordage, ropes and cables and articles thereof","5607'","Twine, cordage, ropes and cables, whether or not plaited or braided and whether or not impregnated, ","560750'"," - Of other synthetic fibres","8","1","R","0","0","","","","0","0","0","0","0","0"
"2983","","HS 2007","Harmonized System 2007","Gabon","266'","2019","1","56075090'","  "," ficelles,cordes&cordages tress?s ou non du5607 autres que ceux du 560710 ? 56075010)","56'","Wadding, felt and nonwovens; special yarns; twine, cordage, ropes and cables and articles thereof","5607'","Twine, cordage, ropes and cables, whether or not plaited or braided and whether or not impregnated, ","560750'"," - Of other synthetic fibres","8","1","R","0","0","","","","0","0","0","0","0","0"
"2984","","HS 2007","Harmonized System 2007","Gabon","266'","2019","1","56079010'","  "," ficelles,cordes&cordages du 5607 autres queceux du 560710 ? 560750, pour la p?che","56'","Wadding, felt and nonwovens; special yarns; twine, cordage, ropes and cables and articles thereof","5607'","Twine, cordage, ropes and cables, whether or not plaited or braided and whether or not impregnated, ","560790'"," - Other","8","1","R","0","0","","","","0","0","0","0","0","0"
"2985","","HS 2007","Harmonized System 2007","Gabon","266'","2019","1","56079090'","  "," ficelles,cordes&cordages tress?s ou non du5607 autres que ceux du560710 ? 56079010","56'","Wadding, felt and nonwovens; special yarns; twine, cordage, ropes and cables and articles thereof","5607'","Twine, cordage, ropes and cables, whether or not plaited or braided and whether or not impregnated, ","560790'"," - Other","8","1","R","0","0","","","","0","0","0","0","0","0"
"2986","","HS 2007","Harmonized System 2007","Gabon","266'","2019","1","56081100'","  "," -- Filets confectionn?s pour la p?che","56'","Wadding, felt and nonwovens; special yarns; twine, cordage, ropes and cables and articles thereof","5608'","Knotted netting of twine, cordage or rope; made up fishing nets and other made up nets, of textile m","560811'"," -- Made up fishing nets","8","1","R","0","0","","","","0","0","0","0","0","0"
"2987","","HS 2007","Harmonized System 2007","Gabon","266'","2019","1","56081900'","  "," -- Autres","56'","Wadding, felt and nonwovens; special yarns; twine, cordage, ropes and cables and articles thereof","5608'","Knotted netting of twine, cordage or rope; made up fishing nets and other made up nets, of textile m","560819'"," -- Other","8","1","R","0","0","","","","0","0","0","0","0","0"
"2988","","HS 2007","Harmonized System 2007","Gabon","266'","2019","1","56089000'","  "," - Autres","56'","Wadding, felt and nonwovens; special yarns; twine, cordage, ropes and cables and articles thereof","5608'","Knotted netting of twine, cordage or rope; made up fishing nets and other made up nets, of textile m","560890'"," - Other","8","1","R","0","0","","","","0","0","0","0","0","0"
"2989","","HS 2007","Harmonized System 2007","Gabon","266'","2019","1","56090000'","  "," Articles en fils, lames ou formes similaires des n?s 54.04 ou 54.05, ficelles, cordes ou cordages, non d?nomm?s ni compris ailleurs.","56'","Wadding, felt and nonwovens; special yarns; twine, cordage, ropes and cables and articles thereof","5609'","Articles of yarn, strip or the like of heading 54.04 or 54.05, twine, cordage, rope or cables, not e","560900'"," Articles of yarn, strip or the like of heading 54.04 or 54.05, twine, cordage, rope or cables, not e","8","1","R","0","0","","","","0","0","0","0","0","0"
"2990","","HS 2007","Harmonized System 2007","Gabon","266'","2019","1","57011000'","  "," - De laine ou de poils fins","57'","Carpets and other textile floor coverings","5701'","Carpets and other textile floor coverings, knotted, whether or not made up.","570110'"," - Of wool or fine animal hair","8","1","R","0","0","","","","0","0","0","0","0","0"
"2991","","HS 2007","Harmonized System 2007","Gabon","266'","2019","1","57019000'","  "," - D'autres mati?res textiles","57'","Carpets and other textile floor coverings","5701'","Carpets and other textile floor coverings, knotted, whether or not made up.","570190'"," - Of other textile materials","8","1","R","0","0","","","","0","0","0","0","0","0"
"2992","","HS 2007","Harmonized System 2007","Gabon","266'","2019","1","57021000'","  "," - Tapis dits ? Kelim ? ou ? Kilim ?, ? Schumacks ? ou ??Soumak??, ? Karamanie ? et tapis similaires tiss?s ? la main","57'","Carpets and other textile floor coverings","5702'","Carpets and other textile floor coverings, woven, not tufted or flocked, whether or not made up, inc","570210'"," - ?Kelem?, ?Schumacks?, ?Karamanie? and similar hand-woven rugs","8","1","R","0","0","","","","0","0","0","0","0","0"
"2993","","HS 2007","Harmonized System 2007","Gabon","266'","2019","1","57022000'","  "," - Rev?tements de sol en coco","57'","Carpets and other textile floor coverings","5702'","Carpets and other textile floor coverings, woven, not tufted or flocked, whether or not made up, inc","570220'"," - Floor coverings of coconut fibres (coir)","8","1","R","0","0","","","","0","0","0","0","0","0"
"2994","","HS 2007","Harmonized System 2007","Gabon","266'","2019","1","57023100'","  "," -- De laine ou de poils fins","57'","Carpets and other textile floor coverings","5702'","Carpets and other textile floor coverings, woven, not tufted or flocked, whether or not made up, inc","570231'"," -- Of wool or fine animal hair","8","1","R","0","0","","","","0","0","0","0","0","0"
"2995","","HS 2007","Harmonized System 2007","Gabon","266'","2019","1","57023200'","  "," -- De mati?res textiles synth?tiques ou artificielles","57'","Carpets and other textile floor coverings","5702'","Carpets and other textile floor coverings, woven, not tufted or flocked, whether or not made up, inc","570232'"," -- Of man-made textile materials","8","1","R","0","0","","","","0","0","0","0","0","0"
"2996","","HS 2007","Harmonized System 2007","Gabon","266'","2019","1","57023900'","  "," -- D'autres mati?res textiles","57'","Carpets and other textile floor coverings","5702'","Carpets and other textile floor coverings, woven, not tufted or flocked, whether or not made up, inc","570239'"," -- Of other textile materials","8","1","R","0","0","","","","0","0","0","0","0","0"
"2997","","HS 2007","Harmonized System 2007","Gabon","266'","2019","1","57024100'","  "," -- De laine ou de poils fins","57'","Carpets and other textile floor coverings","5702'","Carpets and other textile floor coverings, woven, not tufted or flocked, whether or not made up, inc","570241'"," -- Of wool or fine animal hair","8","1","R","0","0","","","","0","0","0","0","0","0"
"2998","","HS 2007","Harmonized System 2007","Gabon","266'","2019","1","57024200'","  "," -- De mati?res textiles synth?tiques ou artificielles","57'","Carpets and other textile floor coverings","5702'","Carpets and other textile floor coverings, woven, not tufted or flocked, whether or not made up, inc","570242'"," -- Of man-made textile materials","8","1","R","0","0","","","","0","0","0","0","0","0"
"2999","","HS 2007","Harmonized System 2007","Gabon","266'","2019","1","57024900'","  "," -- D'autres mati?res textiles","57'","Carpets and other textile floor coverings","5702'","Carpets and other textile floor coverings, woven, not tufted or flocked, whether or not made up, inc","570249'"," -- Of other textile materials","8","1","R","0","0","","","","0","0","0","0","0","0"
"3000","","HS 2007","Harmonized System 2007","Gabon","266'","2019","1","57025000'","  "," - Autres, sans velours, non confectionn?s","57'","Carpets and other textile floor coverings","5702'","Carpets and other textile floor coverings, woven, not tufted or flocked, whether or not made up, inc","570250'"," - Other, not of pile construction, not made up","8","1","R","0","0","","","","0","0","0","0","0","0"
"3001","","HS 2007","Harmonized System 2007","Gabon","266'","2019","1","57029100'","  "," -- De laine ou de poils fins","57'","Carpets and other textile floor coverings","5702'","Carpets and other textile floor coverings, woven, not tufted or flocked, whether or not made up, inc","570291'"," -- Of wool or fine animal hair","8","1","R","0","0","","","","0","0","0","0","0","0"
"3002","","HS 2007","Harmonized System 2007","Gabon","266'","2019","1","57029200'","  "," -- De mati?res textiles synth?tiques ou artificielles","57'","Carpets and other textile floor coverings","5702'","Carpets and other textile floor coverings, woven, not tufted or flocked, whether or not made up, inc","570292'"," -- Of man-made textile materials","8","1","R","0","0","","","","0","0","0","0","0","0"
"3003","","HS 2007","Harmonized System 2007","Gabon","266'","2019","1","57029900'","  "," -- D'autres mati?res textiles","57'","Carpets and other textile floor coverings","5702'","Carpets and other textile floor coverings, woven, not tufted or flocked, whether or not made up, inc","570299'"," -- Of other textile materials","8","1","R","0","0","","","","0","0","0","0","0","0"
"3004","","HS 2007","Harmonized System 2007","Gabon","266'","2019","1","57031000'","  "," - De laine ou de poils fins","57'","Carpets and other textile floor coverings","5703'","Carpets and other textile floor coverings, tufted, whether or not made up.","570310'"," - Of wool or fine animal hair","8","1","R","0","0","","","","0","0","0","0","0","0"
"3005","","HS 2007","Harmonized System 2007","Gabon","266'","2019","1","57032000'","  "," - De nylon ou d'autres polyamides","57'","Carpets and other textile floor coverings","5703'","Carpets and other textile floor coverings, tufted, whether or not made up.","570320'"," - Of nylon or other polyamides","8","1","R","0","0","","","","0","0","0","0","0","0"
"3006","","HS 2007","Harmonized System 2007","Gabon","266'","2019","1","57033000'","  "," - D'autres mati?res textiles synth?tiques ou de mati?res textiles artificielles","57'","Carpets and other textile floor coverings","5703'","Carpets and other textile floor coverings, tufted, whether or not made up.","570330'"," - Of other man-made textile materials","8","1","R","0","0","","","","0","0","0","0","0","0"
"3007","","HS 2007","Harmonized System 2007","Gabon","266'","2019","1","57039000'","  "," - D'autres mati?res textiles","57'","Carpets and other textile floor coverings","5703'","Carpets and other textile floor coverings, tufted, whether or not made up.","570390'"," - Of other textile materials","8","1","R","0","0","","","","0","0","0","0","0","0"
"3008","","HS 2007","Harmonized System 2007","Gabon","266'","2019","1","57041000'","  "," - Carreaux dont la superficie n'exc?de pas 0,3 m?","57'","Carpets and other textile floor coverings","5704'","Carpets and other textile floor coverings, of felt, not tufted or flocked, whether or not made up.","570410'"," - Tiles, having a maximum surface area of 0.3 m?","8","1","R","0","0","","","","0","0","0","0","0","0"
"3009","","HS 2007","Harmonized System 2007","Gabon","266'","2019","1","57049000'","  "," - Autres","57'","Carpets and other textile floor coverings","5704'","Carpets and other textile floor coverings, of felt, not tufted or flocked, whether or not made up.","570490'"," - Other","8","1","R","0","0","","","","0","0","0","0","0","0"
"3010","","HS 2007","Harmonized System 2007","Gabon","266'","2019","1","57050000'","  "," Autres tapis et rev?tements de sol en mati?res textiles, m?me confectionn?s.","57'","Carpets and other textile floor coverings","5705'","Other carpets and other textile floor coverings, whether or not made up.","570500'"," Other carpets and other textile floor coverings, whether or not made up.","8","1","R","0","0","","","","0","0","0","0","0","0"
"3011","","HS 2007","Harmonized System 2007","Gabon","266'","2019","1","58109900'","  "," -- D'autres mati?res textiles","58'","Special woven fabrics; tufted textile fabrics; lace; tapestries; trimmings; embroidery","5810'","Embroidery in the piece, in strips or in motifs.","581099'"," -- Of other textile materials","8","1","R","0","0","","","","0","0","0","0","0","0"
"3012","","HS 2007","Harmonized System 2007","Gabon","266'","2019","1","58110000'","  "," Produits textiles matelass?s en pi?ces, constitu?s d'une ou plusieurs couches de mati?res textiles associ?es ? une mati?re de rembourrage par piq?re, capitonnage ou autre cloisonnement, autres que les broderies du n? 58.10.","58'","Special woven fabrics; tufted textile fabrics; lace; tapestries; trimmings; embroidery","5811'","Quilted textile products in the piece, composed of one or more layers of textile materials assembled","581100'"," Quilted textile products in the piece, composed of one or more layers of textile materials assembled","8","1","R","0","0","","","","0","0","0","0","0","0"
"3013","","HS 2007","Harmonized System 2007","Gabon","266'","2019","1","58011000'","  "," - De laine ou de poils fins","58'","Special woven fabrics; tufted textile fabrics; lace; tapestries; trimmings; embroidery","5801'","Woven pile fabrics and chenille fabrics, other than fabrics of heading 58.02 or 58.06.","580110'"," - Of wool or fine animal hair","8","1","R","0","0","","","","0","0","0","0","0","0"
"3014","","HS 2007","Harmonized System 2007","Gabon","266'","2019","1","58012100'","  "," -- Velours et peluches par la trame, non coup?s","58'","Special woven fabrics; tufted textile fabrics; lace; tapestries; trimmings; embroidery","5801'","Woven pile fabrics and chenille fabrics, other than fabrics of heading 58.02 or 58.06.","580121'"," -- Uncut weft pile fabrics","8","1","R","0","0","","","","0","0","0","0","0","0"
"3015","","HS 2007","Harmonized System 2007","Gabon","266'","2019","1","58012200'","  "," -- Velours et peluches par la trame, coup?s, c?tel?s","58'","Special woven fabrics; tufted textile fabrics; lace; tapestries; trimmings; embroidery","5801'","Woven pile fabrics and chenille fabrics, other than fabrics of heading 58.02 or 58.06.","580122'"," -- Cut corduroy","8","1","R","0","0","","","","0","0","0","0","0","0"
"3016","","HS 2007","Harmonized System 2007","Gabon","266'","2019","1","58012300'","  "," -- Autres velours et peluches par la trame","58'","Special woven fabrics; tufted textile fabrics; lace; tapestries; trimmings; embroidery","5801'","Woven pile fabrics and chenille fabrics, other than fabrics of heading 58.02 or 58.06.","580123'"," -- Other weft pile fabrics","8","1","R","0","0","","","","0","0","0","0","0","0"
"3017","","HS 2007","Harmonized System 2007","Gabon","266'","2019","1","58012400'","  "," -- Velours et peluches par la cha?ne, ?pingl?s","58'","Special woven fabrics; tufted textile fabrics; lace; tapestries; trimmings; embroidery","5801'","Woven pile fabrics and chenille fabrics, other than fabrics of heading 58.02 or 58.06.","580124'"," -- Warp pile fabrics, ?pingl? (uncut)","8","1","R","0","0","","","","0","0","0","0","0","0"
"3018","","HS 2007","Harmonized System 2007","Gabon","266'","2019","1","58012500'","  "," -- Velours et peluches par la cha?ne, coup?s","58'","Special woven fabrics; tufted textile fabrics; lace; tapestries; trimmings; embroidery","5801'","Woven pile fabrics and chenille fabrics, other than fabrics of heading 58.02 or 58.06.","580125'"," -- Warp pile fabrics, cut","8","1","R","0","0","","","","0","0","0","0","0","0"
"3019","","HS 2007","Harmonized System 2007","Gabon","266'","2019","1","58012600'","  "," -- Tissus de chenille","58'","Special woven fabrics; tufted textile fabrics; lace; tapestries; trimmings; embroidery","5801'","Woven pile fabrics and chenille fabrics, other than fabrics of heading 58.02 or 58.06.","580126'"," -- Chenille fabrics","8","1","R","0","0","","","","0","0","0","0","0","0"
"3020","","HS 2007","Harmonized System 2007","Gabon","266'","2019","1","58013100'","  "," -- Velours et peluches par la trame, non coup?s","58'","Special woven fabrics; tufted textile fabrics; lace; tapestries; trimmings; embroidery","5801'","Woven pile fabrics and chenille fabrics, other than fabrics of heading 58.02 or 58.06.","580131'"," -- Uncut weft pile fabrics","8","1","R","0","0","","","","0","0","0","0","0","0"
"3021","","HS 2007","Harmonized System 2007","Gabon","266'","2019","1","58013200'","  "," -- Velours et peluches par la trame, coup?s, c?tel?s","58'","Special woven fabrics; tufted textile fabrics; lace; tapestries; trimmings; embroidery","5801'","Woven pile fabrics and chenille fabrics, other than fabrics of heading 58.02 or 58.06.","580132'"," -- Cut corduroy","8","1","R","0","0","","","","0","0","0","0","0","0"
"3022","","HS 2007","Harmonized System 2007","Gabon","266'","2019","1","58013300'","  "," -- Autres velours et peluches par la trame","58'","Special woven fabrics; tufted textile fabrics; lace; tapestries; trimmings; embroidery","5801'","Woven pile fabrics and chenille fabrics, other than fabrics of heading 58.02 or 58.06.","580133'"," -- Other weft pile fabrics","8","1","R","0","0","","","","0","0","0","0","0","0"
"3023","","HS 2007","Harmonized System 2007","Gabon","266'","2019","1","58013400'","  "," -- Velours et peluches par la cha?ne, ?pingl?s","58'","Special woven fabrics; tufted textile fabrics; lace; tapestries; trimmings; embroidery","5801'","Woven pile fabrics and chenille fabrics, other than fabrics of heading 58.02 or 58.06.","580134'"," -- Warp pile fabrics, ?pingl? (uncut)","8","1","R","0","0","","","","0","0","0","0","0","0"
"3024","","HS 2007","Harmonized System 2007","Gabon","266'","2019","1","58013500'","  "," -- Velours et peluches par la cha?ne, coup?s","58'","Special woven fabrics; tufted textile fabrics; lace; tapestries; trimmings; embroidery","5801'","Woven pile fabrics and chenille fabrics, other than fabrics of heading 58.02 or 58.06.","580135'"," -- Warp pile fabrics, cut","8","1","R","0","0","","","","0","0","0","0","0","0"
"3025","","HS 2007","Harmonized System 2007","Gabon","266'","2019","1","58013600'","  "," -- Tissus de chenille","58'","Special woven fabrics; tufted textile fabrics; lace; tapestries; trimmings; embroidery","5801'","Woven pile fabrics and chenille fabrics, other than fabrics of heading 58.02 or 58.06.","580136'"," -- Chenille fabrics","8","1","R","0","0","","","","0","0","0","0","0","0"
"3026","","HS 2007","Harmonized System 2007","Gabon","266'","2019","1","58019000'","  "," - D'autres mati?res textiles","58'","Special woven fabrics; tufted textile fabrics; lace; tapestries; trimmings; embroidery","5801'","Woven pile fabrics and chenille fabrics, other than fabrics of heading 58.02 or 58.06.","580190'"," - Of other textile materials","8","1","R","0","0","","","","0","0","0","0","0","0"
"3027","","HS 2007","Harmonized System 2007","Gabon","266'","2019","1","58021100'","  "," -- Ecrus","58'","Special woven fabrics; tufted textile fabrics; lace; tapestries; trimmings; embroidery","5802'","Terry towelling and similar woven terry fabrics, other than narrow fabrics of heading 58.06; tufted ","580211'"," -- Unbleached","8","1","R","0","0","","","","0","0","0","0","0","0"
"3028","","HS 2007","Harmonized System 2007","Gabon","266'","2019","1","58021900'","  "," -- Autres","58'","Special woven fabrics; tufted textile fabrics; lace; tapestries; trimmings; embroidery","5802'","Terry towelling and similar woven terry fabrics, other than narrow fabrics of heading 58.06; tufted ","580219'"," -- Other","8","1","R","0","0","","","","0","0","0","0","0","0"
"3029","","HS 2007","Harmonized System 2007","Gabon","266'","2019","1","58022000'","  "," - Tissus boucl?s du genre ?ponge, en autres mati?res textiles","58'","Special woven fabrics; tufted textile fabrics; lace; tapestries; trimmings; embroidery","5802'","Terry towelling and similar woven terry fabrics, other than narrow fabrics of heading 58.06; tufted ","580220'"," - Terry towelling and similar woven terry fabrics, of other textile materials","8","1","R","0","0","","","","0","0","0","0","0","0"
"3030","","HS 2007","Harmonized System 2007","Gabon","266'","2019","1","58023000'","  "," - Surfaces textiles touffet?es","58'","Special woven fabrics; tufted textile fabrics; lace; tapestries; trimmings; embroidery","5802'","Terry towelling and similar woven terry fabrics, other than narrow fabrics of heading 58.06; tufted ","580230'"," - Tufted textile fabrics","8","1","R","0","0","","","","0","0","0","0","0","0"
"3031","","HS 2007","Harmonized System 2007","Gabon","266'","2019","1","58030000'","  "," Tissus ? point de gaze, autres que les articles du n??58.06.","58'","Special woven fabrics; tufted textile fabrics; lace; tapestries; trimmings; embroidery","5803'","Gauze, other than narrow fabrics of heading 58.06.","580300'"," Gauze, other than narrow fabrics of heading 58.06.","8","1","R","0","0","","","","0","0","0","0","0","0"
"3032","","HS 2007","Harmonized System 2007","Gabon","266'","2019","1","58041000'","  "," - Tulles, tulles-bobinots et tissus ? mailles nou?es","58'","Special woven fabrics; tufted textile fabrics; lace; tapestries; trimmings; embroidery","5804'","Tulles and other net fabrics, not including woven, knitted or crocheted fabrics; lace in the piece, ","580410'"," - Tulles and other net fabrics","8","1","R","0","0","","","","0","0","0","0","0","0"
"3033","","HS 2007","Harmonized System 2007","Gabon","266'","2019","1","58042100'","  "," -- De fibres synth?tiques ou artificielles","58'","Special woven fabrics; tufted textile fabrics; lace; tapestries; trimmings; embroidery","5804'","Tulles and other net fabrics, not including woven, knitted or crocheted fabrics; lace in the piece, ","580421'"," -- Of man-made fibres","8","1","R","0","0","","","","0","0","0","0","0","0"
"3034","","HS 2007","Harmonized System 2007","Gabon","266'","2019","1","58042900'","  "," -- D'autres mati?res textiles","58'","Special woven fabrics; tufted textile fabrics; lace; tapestries; trimmings; embroidery","5804'","Tulles and other net fabrics, not including woven, knitted or crocheted fabrics; lace in the piece, ","580429'"," -- Of other textile materials","8","1","R","0","0","","","","0","0","0","0","0","0"
"3035","","HS 2007","Harmonized System 2007","Gabon","266'","2019","1","58043000'","  "," - Dentelles ? la main","58'","Special woven fabrics; tufted textile fabrics; lace; tapestries; trimmings; embroidery","5804'","Tulles and other net fabrics, not including woven, knitted or crocheted fabrics; lace in the piece, ","580430'"," - Hand-made lace","8","1","R","0","0","","","","0","0","0","0","0","0"
"3036","","HS 2007","Harmonized System 2007","Gabon","266'","2019","1","58050000'","  "," Tapisseries tiss?es ? la main (genre Gobelins, Flandres, Aubusson, Beauvais et similaires) et tapisseries ? l'aiguille (au petit point, au point de croix, par exemple), m?me confectionn?es.","58'","Special woven fabrics; tufted textile fabrics; lace; tapestries; trimmings; embroidery","5805'","Hand-woven tapestries of the type Gobelins, Flanders, Aubusson, Beauvais and the like, and needle-wo","580500'"," Hand-woven tapestries of the type Gobelins, Flanders, Aubusson, Beauvais and the like, and needle-wo","8","1","R","0","0","","","","0","0","0","0","0","0"
"3037","","HS 2007","Harmonized System 2007","Gabon","266'","2019","1","58061000'","  "," - Rubanerie de velours, de peluches, de tissus de chenille ou de tissus boucl?s du genre ?ponge","58'","Special woven fabrics; tufted textile fabrics; lace; tapestries; trimmings; embroidery","5806'","Narrow woven fabrics, other than goods of heading?58.07; narrow fabrics consisting of warp without w","580610'"," - Woven pile fabrics (including terry towelling and similar terry fabrics) and chenille fabrics","8","1","R","0","0","","","","0","0","0","0","0","0"
"3038","","HS 2007","Harmonized System 2007","Gabon","266'","2019","1","58062000'","  "," - Autre rubanerie, contenant en poids 5 % ou plus de fils d'?lastom?res ou de fils de caoutchouc","58'","Special woven fabrics; tufted textile fabrics; lace; tapestries; trimmings; embroidery","5806'","Narrow woven fabrics, other than goods of heading?58.07; narrow fabrics consisting of warp without w","580620'"," - Other woven fabrics, containing by weight 5% or more of lastomeric yarn or rubber thread","8","1","R","0","0","","","","0","0","0","0","0","0"
"3039","","HS 2007","Harmonized System 2007","Gabon","266'","2019","1","58063100'","  "," -- De coton","58'","Special woven fabrics; tufted textile fabrics; lace; tapestries; trimmings; embroidery","5806'","Narrow woven fabrics, other than goods of heading?58.07; narrow fabrics consisting of warp without w","580631'"," -- Of cotton","8","1","R","0","0","","","","0","0","0","0","0","0"
"3040","","HS 2007","Harmonized System 2007","Gabon","266'","2019","1","58063200'","  "," -- De fibres synth?tiques ou artificielles","58'","Special woven fabrics; tufted textile fabrics; lace; tapestries; trimmings; embroidery","5806'","Narrow woven fabrics, other than goods of heading?58.07; narrow fabrics consisting of warp without w","580632'"," -- Of man-made fibres","8","1","R","0","0","","","","0","0","0","0","0","0"
"3041","","HS 2007","Harmonized System 2007","Gabon","266'","2019","1","58063900'","  "," -- D'autres mati?res textiles","58'","Special woven fabrics; tufted textile fabrics; lace; tapestries; trimmings; embroidery","5806'","Narrow woven fabrics, other than goods of heading?58.07; narrow fabrics consisting of warp without w","580639'"," -- Of other textile materials","8","1","R","0","0","","","","0","0","0","0","0","0"
"3042","","HS 2007","Harmonized System 2007","Gabon","266'","2019","1","58064000'","  "," - Rubans sans trame, en fils ou fibres parall?lis?s et encoll?s (bolducs)","58'","Special woven fabrics; tufted textile fabrics; lace; tapestries; trimmings; embroidery","5806'","Narrow woven fabrics, other than goods of heading?58.07; narrow fabrics consisting of warp without w","580640'"," - Fabrics consisting of warp without weft assembled by means of an adhesive (bolducs)","8","1","R","0","0","","","","0","0","0","0","0","0"
"3043","","HS 2007","Harmonized System 2007","Gabon","266'","2019","1","58071000'","  "," - Tiss?s","58'","Special woven fabrics; tufted textile fabrics; lace; tapestries; trimmings; embroidery","5807'","Labels, badges and similar articles of textile materials, in the piece, in strips or cut to shape or","580710'"," - Woven","8","1","R","0","0","","","","0","0","0","0","0","0"
"3044","","HS 2007","Harmonized System 2007","Gabon","266'","2019","1","58079000'","  "," - Autres","58'","Special woven fabrics; tufted textile fabrics; lace; tapestries; trimmings; embroidery","5807'","Labels, badges and similar articles of textile materials, in the piece, in strips or cut to shape or","580790'"," - Other","8","1","R","0","0","","","","0","0","0","0","0","0"
"3045","","HS 2007","Harmonized System 2007","Gabon","266'","2019","1","58081000'","  "," - Tresses en pi?ces","58'","Special woven fabrics; tufted textile fabrics; lace; tapestries; trimmings; embroidery","5808'","Braids in the piece; ornamental trimmings in the piece, without embroidery, other than knitted or cr","580810'"," - Braids in the piece","8","1","R","0","0","","","","0","0","0","0","0","0"
"3046","","HS 2007","Harmonized System 2007","Gabon","266'","2019","1","58089000'","  "," - Autres","58'","Special woven fabrics; tufted textile fabrics; lace; tapestries; trimmings; embroidery","5808'","Braids in the piece; ornamental trimmings in the piece, without embroidery, other than knitted or cr","580890'"," - Other","8","1","R","0","0","","","","0","0","0","0","0","0"
"3047","","HS 2007","Harmonized System 2007","Gabon","266'","2019","1","58090000'","  "," Tissus de fils de m?tal et tissus de fil?s m?talliques ou de fils textiles m?tallis?s du n? 56.05, des types utilis?s pour l'habillement, l'ameublement ou usages similaires, non d?nomm?s ni compris ailleurs.","58'","Special woven fabrics; tufted textile fabrics; lace; tapestries; trimmings; embroidery","5809'","Woven fabrics of metal thread and woven fabrics of metallised yarn of heading 56.05, of a kind used ","580900'"," Woven fabrics of metal thread and woven fabrics of metallised yarn of heading 56.05, of a kind used ","8","1","R","0","0","","","","0","0","0","0","0","0"
"3048","","HS 2007","Harmonized System 2007","Gabon","266'","2019","1","58101000'","  "," - Broderies chimiques ou a?riennes et broderies ? fond d?coup?","58'","Special woven fabrics; tufted textile fabrics; lace; tapestries; trimmings; embroidery","5810'","Embroidery in the piece, in strips or in motifs.","581010'"," - Embroidery without visible ground","8","1","R","0","0","","","","0","0","0","0","0","0"
"3049","","HS 2007","Harmonized System 2007","Gabon","266'","2019","1","58109100'","  "," -- De coton","58'","Special woven fabrics; tufted textile fabrics; lace; tapestries; trimmings; embroidery","5810'","Embroidery in the piece, in strips or in motifs.","581091'"," -- Of cotton","8","1","R","0","0","","","","0","0","0","0","0","0"
"3050","","HS 2007","Harmonized System 2007","Gabon","266'","2019","1","58109200'","  "," -- De fibres synth?tiques ou artificielles","58'","Special woven fabrics; tufted textile fabrics; lace; tapestries; trimmings; embroidery","5810'","Embroidery in the piece, in strips or in motifs.","581092'"," -- Of man-made fibres","8","1","R","0","0","","","","0","0","0","0","0","0"
"3051","","HS 2007","Harmonized System 2007","Gabon","266'","2019","1","59011000'","  "," - Tissus enduits de colle ou de mati?res amylac?es, des types utilis?s pour la reliure, le cartonnage, la gainerie ou usages similaires","59'","Impregnated, coated, covered or laminated textile fabrics; textile articles of a kind suitable for i","5901'","Textile fabrics coated with gum or amylaceous substances, of a kind used for the outer covers of boo","590110'"," - Textile fabrics coated with gum or amylaceous substances, of a kind used for the outer covers of b","8","1","R","0","0","","","","0","0","0","0","0","0"
"3052","","HS 2007","Harmonized System 2007","Gabon","266'","2019","1","59019000'","  "," - Autres","59'","Impregnated, coated, covered or laminated textile fabrics; textile articles of a kind suitable for i","5901'","Textile fabrics coated with gum or amylaceous substances, of a kind used for the outer covers of boo","590190'"," - Other","8","1","R","0","0","","","","0","0","0","0","0","0"
"3053","","HS 2007","Harmonized System 2007","Gabon","266'","2019","1","59021000'","  "," - De nylon ou d'autres polyamides","59'","Impregnated, coated, covered or laminated textile fabrics; textile articles of a kind suitable for i","5902'","Tyre cord fabric of high tenacity yarn of nylon or other polyamides, polyesters or viscose rayon.","590210'"," - Of nylon or other polyamides","8","1","R","0","0","","","","0","0","0","0","0","0"
"3054","","HS 2007","Harmonized System 2007","Gabon","266'","2019","1","59022000'","  "," - De polyesters","59'","Impregnated, coated, covered or laminated textile fabrics; textile articles of a kind suitable for i","5902'","Tyre cord fabric of high tenacity yarn of nylon or other polyamides, polyesters or viscose rayon.","590220'"," - Of polyesters","8","1","R","0","0","","","","0","0","0","0","0","0"
"3055","","HS 2007","Harmonized System 2007","Gabon","266'","2019","1","59029000'","  "," - Autres","59'","Impregnated, coated, covered or laminated textile fabrics; textile articles of a kind suitable for i","5902'","Tyre cord fabric of high tenacity yarn of nylon or other polyamides, polyesters or viscose rayon.","590290'"," - Other","8","1","R","0","0","","","","0","0","0","0","0","0"
"3056","","HS 2007","Harmonized System 2007","Gabon","266'","2019","1","59031000'","  "," - Avec du poly(chlorure de vinyle)","59'","Impregnated, coated, covered or laminated textile fabrics; textile articles of a kind suitable for i","5903'","Textile fabrics impregnated, coated, covered or laminated with plastics, other than those of heading","590310'"," - With poly(vinyl chloride)","8","1","R","0","0","","","","0","0","0","0","0","0"
"3057","","HS 2007","Harmonized System 2007","Gabon","266'","2019","1","59032000'","  "," - Avec du polyur?thanne","59'","Impregnated, coated, covered or laminated textile fabrics; textile articles of a kind suitable for i","5903'","Textile fabrics impregnated, coated, covered or laminated with plastics, other than those of heading","590320'"," - With polyurethane","8","1","R","0","0","","","","0","0","0","0","0","0"
"3058","","HS 2007","Harmonized System 2007","Gabon","266'","2019","1","59039000'","  "," - Autres","59'","Impregnated, coated, covered or laminated textile fabrics; textile articles of a kind suitable for i","5903'","Textile fabrics impregnated, coated, covered or laminated with plastics, other than those of heading","590390'"," - Other","8","1","R","0","0","","","","0","0","0","0","0","0"
"3059","","HS 2007","Harmonized System 2007","Gabon","266'","2019","1","59041000'","  "," - Linol?ums","59'","Impregnated, coated, covered or laminated textile fabrics; textile articles of a kind suitable for i","5904'","Linoleum, whether or not cut to shape; floor coverings consisting of a coating or covering applied o","590410'"," - Linoleum","8","1","R","0","0","","","","0","0","0","0","0","0"
"3060","","HS 2007","Harmonized System 2007","Gabon","266'","2019","1","59049000'","  "," - Autres","59'","Impregnated, coated, covered or laminated textile fabrics; textile articles of a kind suitable for i","5904'","Linoleum, whether or not cut to shape; floor coverings consisting of a coating or covering applied o","590490'"," - Other","8","1","R","0","0","","","","0","0","0","0","0","0"
"3061","","HS 2007","Harmonized System 2007","Gabon","266'","2019","1","59050000'","  "," Rev?tements muraux en mati?res textiles.","59'","Impregnated, coated, covered or laminated textile fabrics; textile articles of a kind suitable for i","5905'","Textile wall coverings.","590500'"," Textile wall coverings.","8","1","R","0","0","","","","0","0","0","0","0","0"
"3062","","HS 2007","Harmonized System 2007","Gabon","266'","2019","1","59061000'","  "," - Rubans adh?sifs d'une largeur n'exc?dant pas 20 cm","59'","Impregnated, coated, covered or laminated textile fabrics; textile articles of a kind suitable for i","5906'","Rubberised textile fabrics, other than those of heading?59.02.","590610'"," - Adhesive tape of a width not exceeding 20 cm","8","1","R","0","0","","","","0","0","0","0","0","0"
"3063","","HS 2007","Harmonized System 2007","Gabon","266'","2019","1","59069100'","  "," -- De bonneterie","59'","Impregnated, coated, covered or laminated textile fabrics; textile articles of a kind suitable for i","5906'","Rubberised textile fabrics, other than those of heading?59.02.","590691'"," -- Knitted or crocheted","8","1","R","0","0","","","","0","0","0","0","0","0"
"3064","","HS 2007","Harmonized System 2007","Gabon","266'","2019","1","59069900'","  "," -- Autres","59'","Impregnated, coated, covered or laminated textile fabrics; textile articles of a kind suitable for i","5906'","Rubberised textile fabrics, other than those of heading?59.02.","590699'"," -- Other","8","1","R","0","0","","","","0","0","0","0","0","0"
"3065","","HS 2007","Harmonized System 2007","Gabon","266'","2019","1","59070000'","  "," Autres tissus impr?gn?s, enduits ou recouverts; toiles peintes pour d?cors de th??tres, fonds d'atelier ou usages analogues.","59'","Impregnated, coated, covered or laminated textile fabrics; textile articles of a kind suitable for i","5907'","Textile fabrics otherwise impregnated, coated or covered; painted canvas being theatrical scenery, s","590700'"," Textile fabrics otherwise impregnated, coated or covered; painted canvas being theatrical scenery, s","8","1","R","0","0","","","","0","0","0","0","0","0"
"3066","","HS 2007","Harmonized System 2007","Gabon","266'","2019","1","59080000'","  "," M?ches tiss?es, tress?es ou tricot?es, en mati?res textiles, pour lampes, r?chauds, briquets, bougies ou similaires; manchons ? incandescence et ?toffes tubulaires tricot?es servant ? leur fabrication, m?me impr?gn?s.","59'","Impregnated, coated, covered or laminated textile fabrics; textile articles of a kind suitable for i","5908'","Textile wicks, woven, plaited or knitted , for lamps, stoves, lighters, candles or the like; incande","590800'"," Textile wicks, woven, plaited or knitted , for lamps, stoves, lighters, candles or the like; incande","8","1","R","0","0","","","","0","0","0","0","0","0"
"3067","","HS 2007","Harmonized System 2007","Gabon","266'","2019","1","59090000'","  "," Tuyaux pour pompes et tuyaux similaires, en mati?res textiles, m?me avec armatures ou accessoires en autres mati?res.","59'","Impregnated, coated, covered or laminated textile fabrics; textile articles of a kind suitable for i","5909'","Textile hosepiping and similar textile tubing, with or without lining, armour or accessories of othe","590900'"," Textile hosepiping and similar textile tubing, with or without lining, armour or accessories of othe","8","1","R","0","0","","","","0","0","0","0","0","0"
"3068","","HS 2007","Harmonized System 2007","Gabon","266'","2019","1","59100000'","  "," Courroies transporteuses ou de transmission en mati?res textiles, m?me impr?gn?es, enduites, recouvertes de mati?re plastique ou stratifi?es avec de la mati?re plastique ou renforc?es de m?tal ou d'autres mati?res.","59'","Impregnated, coated, covered or laminated textile fabrics; textile articles of a kind suitable for i","5910'","Transmission or conveyor belts or belting, of textile material, whether or not impregnated, coated, ","591000'"," Transmission or conveyor belts or belting, of textile material, whether or not impregnated, coated, ","8","1","R","0","0","","","","0","0","0","0","0","0"
"3069","","HS 2007","Harmonized System 2007","Gabon","266'","2019","1","59111000'","  "," - Tissus, feutres et tissus doubl?s de feutre, combin?s avec une ou plusieurs couches de caoutchouc, de cuir ou d'autres mati?res, des types utilis?s pour la fabrication de garnitures de cardes, et produits analogues pour d'autres usages techniq","59'","Impregnated, coated, covered or laminated textile fabrics; textile articles of a kind suitable for i","5911'","Textile products and articles, for technical uses, specified in Note 7 to this Chapter.","591110'"," - Textile fabrics, felt and felt-lined woven fabrics, coated, covered or laminated with rubber, leat","8","1","R","0","0","","","","0","0","0","0","0","0"
"3070","","HS 2007","Harmonized System 2007","Gabon","266'","2019","1","59112000'","  "," - Gazes et toiles ? bluter, m?me confectionn?es","59'","Impregnated, coated, covered or laminated textile fabrics; textile articles of a kind suitable for i","5911'","Textile products and articles, for technical uses, specified in Note 7 to this Chapter.","591120'"," - Bolting cloth, whether or not made up","8","1","R","0","0","","","","0","0","0","0","0","0"
"3071","","HS 2007","Harmonized System 2007","Gabon","266'","2019","1","59113100'","  "," -- D'un poids au m? inf?rieur ? 650 g","59'","Impregnated, coated, covered or laminated textile fabrics; textile articles of a kind suitable for i","5911'","Textile products and articles, for technical uses, specified in Note 7 to this Chapter.","591131'"," -- Weighing less than 650 g/m2","8","1","R","0","0","","","","0","0","0","0","0","0"
"3072","","HS 2007","Harmonized System 2007","Gabon","266'","2019","1","59113200'","  "," -- D'un poids au m? ?gal ou sup?rieur ? 650 g","59'","Impregnated, coated, covered or laminated textile fabrics; textile articles of a kind suitable for i","5911'","Textile products and articles, for technical uses, specified in Note 7 to this Chapter.","591132'"," -- Weighing 650 g/m2 or more","8","1","R","0","0","","","","0","0","0","0","0","0"
"3073","","HS 2007","Harmonized System 2007","Gabon","266'","2019","1","59114000'","  "," - Etreindelles et tissus ?pais des types utilis?s sur des presses d'huilerie ou pour des usages techniques analogues, y compris ceux en cheveux","59'","Impregnated, coated, covered or laminated textile fabrics; textile articles of a kind suitable for i","5911'","Textile products and articles, for technical uses, specified in Note 7 to this Chapter.","591140'"," - Straining cloth of a kind used in oil presses or the like, including that of human hair","8","1","R","0","0","","","","0","0","0","0","0","0"
"3074","","HS 2007","Harmonized System 2007","Gabon","266'","2019","1","59119000'","  "," - Autres","59'","Impregnated, coated, covered or laminated textile fabrics; textile articles of a kind suitable for i","5911'","Textile products and articles, for technical uses, specified in Note 7 to this Chapter.","591190'"," - Other","8","1","R","0","0","","","","0","0","0","0","0","0"
"3075","","HS 2007","Harmonized System 2007","Gabon","266'","2019","1","60011000'","  "," - Etoffes dites ?? longs poils?","60'","Knitted or crocheted fabrics","6001'","Pile fabrics, including ?long pile? fabrics and terry fabrics, knitted or crocheted.","600110'"," - ?Long pile? fabrics","8","1","R","0","0","","","","0","0","0","0","0","0"
"3076","","HS 2007","Harmonized System 2007","Gabon","266'","2019","1","60012100'","  "," -- De coton","60'","Knitted or crocheted fabrics","6001'","Pile fabrics, including ?long pile? fabrics and terry fabrics, knitted or crocheted.","600121'"," -- Of cotton","8","1","R","0","0","","","","0","0","0","0","0","0"
"3077","","HS 2007","Harmonized System 2007","Gabon","266'","2019","1","60012200'","  "," -- De fibres synth?tiques ou artificielles","60'","Knitted or crocheted fabrics","6001'","Pile fabrics, including ?long pile? fabrics and terry fabrics, knitted or crocheted.","600122'"," -- Of man-made fibres","8","1","R","0","0","","","","0","0","0","0","0","0"
"3078","","HS 2007","Harmonized System 2007","Gabon","266'","2019","1","60012900'","  "," -- D'autres mati?res textiles","60'","Knitted or crocheted fabrics","6001'","Pile fabrics, including ?long pile? fabrics and terry fabrics, knitted or crocheted.","600129'"," -- Of other textile materials","8","1","R","0","0","","","","0","0","0","0","0","0"
"3079","","HS 2007","Harmonized System 2007","Gabon","266'","2019","1","60019100'","  "," -- De coton","60'","Knitted or crocheted fabrics","6001'","Pile fabrics, including ?long pile? fabrics and terry fabrics, knitted or crocheted.","600191'"," -- Of cotton","8","1","R","0","0","","","","0","0","0","0","0","0"
"3080","","HS 2007","Harmonized System 2007","Gabon","266'","2019","1","60019200'","  "," -- De fibres synth?tiques ou artificielles","60'","Knitted or crocheted fabrics","6001'","Pile fabrics, including ?long pile? fabrics and terry fabrics, knitted or crocheted.","600192'"," -- Of man-made fibres","8","1","R","0","0","","","","0","0","0","0","0","0"
"3081","","HS 2007","Harmonized System 2007","Gabon","266'","2019","1","60019900'","  "," -- D'autres mati?res textiles","60'","Knitted or crocheted fabrics","6001'","Pile fabrics, including ?long pile? fabrics and terry fabrics, knitted or crocheted.","600199'"," -- Of other textile materials","8","1","R","0","0","","","","0","0","0","0","0","0"
"3082","","HS 2007","Harmonized System 2007","Gabon","266'","2019","1","60024000'","  "," - Contenant en poids 5 % ou plus de fils d'?lastom?res mais ne contenant pas de fils de caoutchouc","60'","Knitted or crocheted fabrics","6002'","Knitted or crocheted fabrics of a width not exceeding 30 cm, containing by weight 5% or more of elas","600240'"," - Containing by weight 5 % or more of elastomeric yarn but not containing rubber thread","8","1","R","0","0","","","","0","0","0","0","0","0"
"3083","","HS 2007","Harmonized System 2007","Gabon","266'","2019","1","60029000'","  "," - Autres","60'","Knitted or crocheted fabrics","6002'","Knitted or crocheted fabrics of a width not exceeding 30 cm, containing by weight 5% or more of elas","600290'"," - Other","8","1","R","0","0","","","","0","0","0","0","0","0"
"3084","","HS 2007","Harmonized System 2007","Gabon","266'","2019","1","60031000'","  "," - De laine ou de poils fins","60'","Knitted or crocheted fabrics","6003'","Knitted or crocheted fabrics of a width not exceeding 30 cm, other than those of heading 60.01 or 60","600310'"," - Of wool or fine animal hair","8","1","R","0","0","","","","0","0","0","0","0","0"
"3085","","HS 2007","Harmonized System 2007","Gabon","266'","2019","1","60032000'","  "," - De coton","60'","Knitted or crocheted fabrics","6003'","Knitted or crocheted fabrics of a width not exceeding 30 cm, other than those of heading 60.01 or 60","600320'"," - Of cotton","8","1","R","0","0","","","","0","0","0","0","0","0"
"3086","","HS 2007","Harmonized System 2007","Gabon","266'","2019","1","60033000'","  "," - De fibres synth?tiques","60'","Knitted or crocheted fabrics","6003'","Knitted or crocheted fabrics of a width not exceeding 30 cm, other than those of heading 60.01 or 60","600330'"," - Of synthetic fibres","8","1","R","0","0","","","","0","0","0","0","0","0"
"3087","","HS 2007","Harmonized System 2007","Gabon","266'","2019","1","60034000'","  "," - De fibres artificielles","60'","Knitted or crocheted fabrics","6003'","Knitted or crocheted fabrics of a width not exceeding 30 cm, other than those of heading 60.01 or 60","600340'"," - Of artificial fibres","8","1","R","0","0","","","","0","0","0","0","0","0"
"3088","","HS 2007","Harmonized System 2007","Gabon","266'","2019","1","60039000'","  "," - Autres","60'","Knitted or crocheted fabrics","6003'","Knitted or crocheted fabrics of a width not exceeding 30 cm, other than those of heading 60.01 or 60","600390'"," - Other","8","1","R","0","0","","","","0","0","0","0","0","0"
"3089","","HS 2007","Harmonized System 2007","Gabon","266'","2019","1","60041000'","  "," - Contenant en poids 5 % ou plus de fils d??lastom?res mais ne contenant pas de fils de caoutchouc","60'","Knitted or crocheted fabrics","6004'","Knitted or crocheted fabrics of a width exceeding 30 cm, containing by weight 5?% or more of elastom","600410'"," - Containing by weight 5% or more of elastomeric yarn but not containing rubber thread","8","1","R","0","0","","","","0","0","0","0","0","0"
"3090","","HS 2007","Harmonized System 2007","Gabon","266'","2019","1","60049000'","  "," - Autres","60'","Knitted or crocheted fabrics","6004'","Knitted or crocheted fabrics of a width exceeding 30 cm, containing by weight 5?% or more of elastom","600490'"," - Other","8","1","R","0","0","","","","0","0","0","0","0","0"
"3091","","HS 2007","Harmonized System 2007","Gabon","266'","2019","1","60052100'","  "," -- Ecrues ou blanchies","60'","Knitted or crocheted fabrics","6005'","Warp knit fabrics (including those made on galloon knitting machines), other than those of headings ","600521'"," -- Unbleached or bleached","8","1","R","0","0","","","","0","0","0","0","0","0"
"3092","","HS 2007","Harmonized System 2007","Gabon","266'","2019","1","60052200'","  "," -- Teintes","60'","Knitted or crocheted fabrics","6005'","Warp knit fabrics (including those made on galloon knitting machines), other than those of headings ","600522'"," -- Dyed","8","1","R","0","0","","","","0","0","0","0","0","0"
"3093","","HS 2007","Harmonized System 2007","Gabon","266'","2019","1","60052300'","  "," -- En fils de diverses couleurs","60'","Knitted or crocheted fabrics","6005'","Warp knit fabrics (including those made on galloon knitting machines), other than those of headings ","600523'"," -- Of yarns of different colours","8","1","R","0","0","","","","0","0","0","0","0","0"
"3094","","HS 2007","Harmonized System 2007","Gabon","266'","2019","1","60052400'","  "," -- Imprim?es","60'","Knitted or crocheted fabrics","6005'","Warp knit fabrics (including those made on galloon knitting machines), other than those of headings ","600524'"," -- Printed","8","1","R","0","0","","","","0","0","0","0","0","0"
"3095","","HS 2007","Harmonized System 2007","Gabon","266'","2019","1","60053100'","  "," -- Ecrues ou blanchies","60'","Knitted or crocheted fabrics","6005'","Warp knit fabrics (including those made on galloon knitting machines), other than those of headings ","600531'"," -- Unbleached or bleached","8","1","R","0","0","","","","0","0","0","0","0","0"
"3096","","HS 2007","Harmonized System 2007","Gabon","266'","2019","1","60053200'","  "," -- Teintes","60'","Knitted or crocheted fabrics","6005'","Warp knit fabrics (including those made on galloon knitting machines), other than those of headings ","600532'"," -- Dyed","8","1","R","0","0","","","","0","0","0","0","0","0"
"3097","","HS 2007","Harmonized System 2007","Gabon","266'","2019","1","60053300'","  "," -- En fils de diverses couleurs","60'","Knitted or crocheted fabrics","6005'","Warp knit fabrics (including those made on galloon knitting machines), other than those of headings ","600533'"," -- Of yarns of different colours","8","1","R","0","0","","","","0","0","0","0","0","0"
"3098","","HS 2007","Harmonized System 2007","Gabon","266'","2019","1","60053400'","  "," -- Imprim?es","60'","Knitted or crocheted fabrics","6005'","Warp knit fabrics (including those made on galloon knitting machines), other than those of headings ","600534'"," -- Printed","8","1","R","0","0","","","","0","0","0","0","0","0"
"3099","","HS 2007","Harmonized System 2007","Gabon","266'","2019","1","60054100'","  "," -- Ecrues ou blanchies","60'","Knitted or crocheted fabrics","6005'","Warp knit fabrics (including those made on galloon knitting machines), other than those of headings ","600541'"," -- Unbleached or bleached","8","1","R","0","0","","","","0","0","0","0","0","0"
"3100","","HS 2007","Harmonized System 2007","Gabon","266'","2019","1","60054200'","  "," -- Teintes","60'","Knitted or crocheted fabrics","6005'","Warp knit fabrics (including those made on galloon knitting machines), other than those of headings ","600542'"," -- Dyed","8","1","R","0","0","","","","0","0","0","0","0","0"
"3101","","HS 2007","Harmonized System 2007","Gabon","266'","2019","1","60054300'","  "," -- En fils de diverses couleurs","60'","Knitted or crocheted fabrics","6005'","Warp knit fabrics (including those made on galloon knitting machines), other than those of headings ","600543'"," -- Of yarns of different colours","8","1","R","0","0","","","","0","0","0","0","0","0"
"3102","","HS 2007","Harmonized System 2007","Gabon","266'","2019","1","60054400'","  "," -- Imprim?es","60'","Knitted or crocheted fabrics","6005'","Warp knit fabrics (including those made on galloon knitting machines), other than those of headings ","600544'"," -- Printed","8","1","R","0","0","","","","0","0","0","0","0","0"
"3103","","HS 2007","Harmonized System 2007","Gabon","266'","2019","1","60059000'","  "," - Autres","60'","Knitted or crocheted fabrics","6005'","Warp knit fabrics (including those made on galloon knitting machines), other than those of headings ","600590'"," - Other","8","1","R","0","0","","","","0","0","0","0","0","0"
"3104","","HS 2007","Harmonized System 2007","Gabon","266'","2019","1","60061000'","  "," - De laine ou de poils fins","60'","Knitted or crocheted fabrics","6006'","Other knitted or crocheted fabrics.","600610'"," - Of wool or fine animal hair","8","1","R","0","0","","","","0","0","0","0","0","0"
"3105","","HS 2007","Harmonized System 2007","Gabon","266'","2019","1","60062100'","  "," -- Ecrues ou blanchies","60'","Knitted or crocheted fabrics","6006'","Other knitted or crocheted fabrics.","600621'"," -- Unbleached or bleached","8","1","R","0","0","","","","0","0","0","0","0","0"
"3106","","HS 2007","Harmonized System 2007","Gabon","266'","2019","1","60062200'","  "," -- Teintes","60'","Knitted or crocheted fabrics","6006'","Other knitted or crocheted fabrics.","600622'"," -- Dyed","8","1","R","0","0","","","","0","0","0","0","0","0"
"3107","","HS 2007","Harmonized System 2007","Gabon","266'","2019","1","60062300'","  "," -- En fils de diverses couleurs","60'","Knitted or crocheted fabrics","6006'","Other knitted or crocheted fabrics.","600623'"," -- Of yarns of different colours","8","1","R","0","0","","","","0","0","0","0","0","0"
"3108","","HS 2007","Harmonized System 2007","Gabon","266'","2019","1","60062400'","  "," -- Imprim?es","60'","Knitted or crocheted fabrics","6006'","Other knitted or crocheted fabrics.","600624'"," -- Printed","8","1","R","0","0","","","","0","0","0","0","0","0"
"3109","","HS 2007","Harmonized System 2007","Gabon","266'","2019","1","60063100'","  "," -- Ecrues ou blanchies","60'","Knitted or crocheted fabrics","6006'","Other knitted or crocheted fabrics.","600631'"," -- Unbleached or bleached","8","1","R","0","0","","","","0","0","0","0","0","0"
"3110","","HS 2007","Harmonized System 2007","Gabon","266'","2019","1","60063200'","  "," -- Teintes","60'","Knitted or crocheted fabrics","6006'","Other knitted or crocheted fabrics.","600632'"," -- Dyed","8","1","R","0","0","","","","0","0","0","0","0","0"
"3111","","HS 2007","Harmonized System 2007","Gabon","266'","2019","1","60063300'","  "," -- En fils de diverses couleurs","60'","Knitted or crocheted fabrics","6006'","Other knitted or crocheted fabrics.","600633'"," -- Of yarns of different colours","8","1","R","0","0","","","","0","0","0","0","0","0"
"3112","","HS 2007","Harmonized System 2007","Gabon","266'","2019","1","60063400'","  "," -- Imprim?es","60'","Knitted or crocheted fabrics","6006'","Other knitted or crocheted fabrics.","600634'"," -- Printed","8","1","R","0","0","","","","0","0","0","0","0","0"
"3113","","HS 2007","Harmonized System 2007","Gabon","266'","2019","1","60064100'","  "," -- Ecrues ou blanchies","60'","Knitted or crocheted fabrics","6006'","Other knitted or crocheted fabrics.","600641'"," -- Unbleached or bleached","8","1","R","0","0","","","","0","0","0","0","0","0"
"3114","","HS 2007","Harmonized System 2007","Gabon","266'","2019","1","60064200'","  "," -- Teintes","60'","Knitted or crocheted fabrics","6006'","Other knitted or crocheted fabrics.","600642'"," -- Dyed","8","1","R","0","0","","","","0","0","0","0","0","0"
"3115","","HS 2007","Harmonized System 2007","Gabon","266'","2019","1","60064300'","  "," -- En fils de diverses couleurs","60'","Knitted or crocheted fabrics","6006'","Other knitted or crocheted fabrics.","600643'"," -- Of yarns of different colours","8","1","R","0","0","","","","0","0","0","0","0","0"
"3116","","HS 2007","Harmonized System 2007","Gabon","266'","2019","1","60064400'","  "," -- Imprim?es","60'","Knitted or crocheted fabrics","6006'","Other knitted or crocheted fabrics.","600644'"," -- Printed","8","1","R","0","0","","","","0","0","0","0","0","0"
"3117","","HS 2007","Harmonized System 2007","Gabon","266'","2019","1","60069000'","  "," - Autres","60'","Knitted or crocheted fabrics","6006'","Other knitted or crocheted fabrics.","600690'"," - Other","8","1","R","0","0","","","","0","0","0","0","0","0"
"3118","","HS 2007","Harmonized System 2007","Gabon","266'","2019","1","61012000'","  "," - De coton","61'","Articles of apparel and clothing accessories, knitted or crocheted","6101'","Men's or boys' overcoats, car-coats, capes, cloaks, anoraks (including ski-jackets), wind-cheaters, ","610120'"," - Of cotton","8","1","R","0","0","","","","0","0","0","0","0","0"
"3119","","HS 2007","Harmonized System 2007","Gabon","266'","2019","1","61013000'","  "," - De fibres synth?tiques ou artificielles","61'","Articles of apparel and clothing accessories, knitted or crocheted","6101'","Men's or boys' overcoats, car-coats, capes, cloaks, anoraks (including ski-jackets), wind-cheaters, ","610130'"," - Of man-made fibres","8","1","R","0","0","","","","0","0","0","0","0","0"
"3120","","HS 2007","Harmonized System 2007","Gabon","266'","2019","1","61019000'","  "," - D'autres mati?res textiles","61'","Articles of apparel and clothing accessories, knitted or crocheted","6101'","Men's or boys' overcoats, car-coats, capes, cloaks, anoraks (including ski-jackets), wind-cheaters, ","610190'"," - Of other textile materials","8","1","R","0","0","","","","0","0","0","0","0","0"
"3121","","HS 2007","Harmonized System 2007","Gabon","266'","2019","1","61021000'","  "," - De laine ou de poils fins","61'","Articles of apparel and clothing accessories, knitted or crocheted","6102'","Women's or girls' overcoats, car-coats, capes, cloaks, anoraks (including ski-jackets), wind-cheater","610210'"," - Of wool or fine animal hair","8","1","R","0","0","","","","0","0","0","0","0","0"
"3122","","HS 2007","Harmonized System 2007","Gabon","266'","2019","1","61022000'","  "," - De coton","61'","Articles of apparel and clothing accessories, knitted or crocheted","6102'","Women's or girls' overcoats, car-coats, capes, cloaks, anoraks (including ski-jackets), wind-cheater","610220'"," - Of cotton","8","1","R","0","0","","","","0","0","0","0","0","0"
"3123","","HS 2007","Harmonized System 2007","Gabon","266'","2019","1","61023000'","  "," - De fibres synth?tiques ou artificielles","61'","Articles of apparel and clothing accessories, knitted or crocheted","6102'","Women's or girls' overcoats, car-coats, capes, cloaks, anoraks (including ski-jackets), wind-cheater","610230'"," - Of man-made fibres","8","1","R","0","0","","","","0","0","0","0","0","0"
"3124","","HS 2007","Harmonized System 2007","Gabon","266'","2019","1","61029000'","  "," - D'autres mati?res textiles","61'","Articles of apparel and clothing accessories, knitted or crocheted","6102'","Women's or girls' overcoats, car-coats, capes, cloaks, anoraks (including ski-jackets), wind-cheater","610290'"," - Of other textile materials","8","1","R","0","0","","","","0","0","0","0","0","0"
"3125","","HS 2007","Harmonized System 2007","Gabon","266'","2019","1","61031000'","  "," - Costumes ou complets","61'","Articles of apparel and clothing accessories, knitted or crocheted","6103'","Men's or boys' suits, ensembles, jackets, blazers, trousers, bib and brace overalls, breeches and sh","610310'"," - Suits","8","1","R","0","0","","","","0","0","0","0","0","0"
"3126","","HS 2007","Harmonized System 2007","Gabon","266'","2019","1","61032200'","  "," -- De coton","61'","Articles of apparel and clothing accessories, knitted or crocheted","6103'","Men's or boys' suits, ensembles, jackets, blazers, trousers, bib and brace overalls, breeches and sh","610322'"," -- Of cotton","8","1","R","0","0","","","","0","0","0","0","0","0"
"3127","","HS 2007","Harmonized System 2007","Gabon","266'","2019","1","61032300'","  "," -- De fibres synth?tiques","61'","Articles of apparel and clothing accessories, knitted or crocheted","6103'","Men's or boys' suits, ensembles, jackets, blazers, trousers, bib and brace overalls, breeches and sh","610323'"," -- Of synthetic fibres","8","1","R","0","0","","","","0","0","0","0","0","0"
"3128","","HS 2007","Harmonized System 2007","Gabon","266'","2019","1","61032900'","  "," -- D'autres mati?res textiles","61'","Articles of apparel and clothing accessories, knitted or crocheted","6103'","Men's or boys' suits, ensembles, jackets, blazers, trousers, bib and brace overalls, breeches and sh","610329'"," -- Of other textile materials","8","1","R","0","0","","","","0","0","0","0","0","0"
"3129","","HS 2007","Harmonized System 2007","Gabon","266'","2019","1","61033100'","  "," -- De laine ou de poils fins","61'","Articles of apparel and clothing accessories, knitted or crocheted","6103'","Men's or boys' suits, ensembles, jackets, blazers, trousers, bib and brace overalls, breeches and sh","610331'"," -- Of wool or fine animal hair","8","1","R","0","0","","","","0","0","0","0","0","0"
"3130","","HS 2007","Harmonized System 2007","Gabon","266'","2019","1","61033200'","  "," -- De coton","61'","Articles of apparel and clothing accessories, knitted or crocheted","6103'","Men's or boys' suits, ensembles, jackets, blazers, trousers, bib and brace overalls, breeches and sh","610332'"," -- Of cotton","8","1","R","0","0","","","","0","0","0","0","0","0"
"3131","","HS 2007","Harmonized System 2007","Gabon","266'","2019","1","61033300'","  "," -- De fibres synth?tiques","61'","Articles of apparel and clothing accessories, knitted or crocheted","6103'","Men's or boys' suits, ensembles, jackets, blazers, trousers, bib and brace overalls, breeches and sh","610333'"," -- Of synthetic fibres","8","1","R","0","0","","","","0","0","0","0","0","0"
"3132","","HS 2007","Harmonized System 2007","Gabon","266'","2019","1","61033900'","  "," -- D'autres mati?res textiles","61'","Articles of apparel and clothing accessories, knitted or crocheted","6103'","Men's or boys' suits, ensembles, jackets, blazers, trousers, bib and brace overalls, breeches and sh","610339'"," -- Of other textile materials","8","1","R","0","0","","","","0","0","0","0","0","0"
"3133","","HS 2007","Harmonized System 2007","Gabon","266'","2019","1","61034100'","  "," -- De laine ou de poils fins","61'","Articles of apparel and clothing accessories, knitted or crocheted","6103'","Men's or boys' suits, ensembles, jackets, blazers, trousers, bib and brace overalls, breeches and sh","610341'"," -- Of wool or fine animal hair","8","1","R","0","0","","","","0","0","0","0","0","0"
"3134","","HS 2007","Harmonized System 2007","Gabon","266'","2019","1","61034200'","  "," -- De coton","61'","Articles of apparel and clothing accessories, knitted or crocheted","6103'","Men's or boys' suits, ensembles, jackets, blazers, trousers, bib and brace overalls, breeches and sh","610342'"," -- Of cotton","8","1","R","0","0","","","","0","0","0","0","0","0"
"3135","","HS 2007","Harmonized System 2007","Gabon","266'","2019","1","61034300'","  "," -- De fibres synth?tiques","61'","Articles of apparel and clothing accessories, knitted or crocheted","6103'","Men's or boys' suits, ensembles, jackets, blazers, trousers, bib and brace overalls, breeches and sh","610343'"," -- Of synthetic fibres","8","1","R","0","0","","","","0","0","0","0","0","0"
"3136","","HS 2007","Harmonized System 2007","Gabon","266'","2019","1","61034900'","  "," -- D'autres mati?res textiles","61'","Articles of apparel and clothing accessories, knitted or crocheted","6103'","Men's or boys' suits, ensembles, jackets, blazers, trousers, bib and brace overalls, breeches and sh","610349'"," -- Of other textile materials","8","1","R","0","0","","","","0","0","0","0","0","0"
"3137","","HS 2007","Harmonized System 2007","Gabon","266'","2019","1","61041300'","  "," -- De fibres synth?tiques","61'","Articles of apparel and clothing accessories, knitted or crocheted","6104'","Women's or girls' suits, ensembles, jackets, blazers, dresses, skirts, divided skirts, trousers, bib","610413'"," -- Of synthetic fibres","8","1","R","0","0","","","","0","0","0","0","0","0"
"3138","","HS 2007","Harmonized System 2007","Gabon","266'","2019","1","61041900'","  "," -- D'autres mati?res textiles","61'","Articles of apparel and clothing accessories, knitted or crocheted","6104'","Women's or girls' suits, ensembles, jackets, blazers, dresses, skirts, divided skirts, trousers, bib","610419'"," -- Of other textile materials","8","1","R","0","0","","","","0","0","0","0","0","0"
"3139","","HS 2007","Harmonized System 2007","Gabon","266'","2019","1","61042200'","  "," -- De coton","61'","Articles of apparel and clothing accessories, knitted or crocheted","6104'","Women's or girls' suits, ensembles, jackets, blazers, dresses, skirts, divided skirts, trousers, bib","610422'"," -- Of cotton","8","1","R","0","0","","","","0","0","0","0","0","0"
"3140","","HS 2007","Harmonized System 2007","Gabon","266'","2019","1","61042300'","  "," -- De fibres synth?tiques","61'","Articles of apparel and clothing accessories, knitted or crocheted","6104'","Women's or girls' suits, ensembles, jackets, blazers, dresses, skirts, divided skirts, trousers, bib","610423'"," -- Of synthetic fibres","8","1","R","0","0","","","","0","0","0","0","0","0"
"3141","","HS 2007","Harmonized System 2007","Gabon","266'","2019","1","61042900'","  "," -- D'autres mati?res textiles","61'","Articles of apparel and clothing accessories, knitted or crocheted","6104'","Women's or girls' suits, ensembles, jackets, blazers, dresses, skirts, divided skirts, trousers, bib","610429'"," -- Of other textile materials","8","1","R","0","0","","","","0","0","0","0","0","0"
"3142","","HS 2007","Harmonized System 2007","Gabon","266'","2019","1","61043100'","  "," -- De laine ou de poils fins","61'","Articles of apparel and clothing accessories, knitted or crocheted","6104'","Women's or girls' suits, ensembles, jackets, blazers, dresses, skirts, divided skirts, trousers, bib","610431'"," -- Of wool or fine animal hair","8","1","R","0","0","","","","0","0","0","0","0","0"
"3143","","HS 2007","Harmonized System 2007","Gabon","266'","2019","1","61043200'","  "," -- De coton","61'","Articles of apparel and clothing accessories, knitted or crocheted","6104'","Women's or girls' suits, ensembles, jackets, blazers, dresses, skirts, divided skirts, trousers, bib","610432'"," -- Of cotton","8","1","R","0","0","","","","0","0","0","0","0","0"
"3144","","HS 2007","Harmonized System 2007","Gabon","266'","2019","1","61043300'","  "," -- De fibres synth?tiques","61'","Articles of apparel and clothing accessories, knitted or crocheted","6104'","Women's or girls' suits, ensembles, jackets, blazers, dresses, skirts, divided skirts, trousers, bib","610433'"," -- Of synthetic fibres","8","1","R","0","0","","","","0","0","0","0","0","0"
"3145","","HS 2007","Harmonized System 2007","Gabon","266'","2019","1","61043900'","  "," -- D'autres mati?res textiles","61'","Articles of apparel and clothing accessories, knitted or crocheted","6104'","Women's or girls' suits, ensembles, jackets, blazers, dresses, skirts, divided skirts, trousers, bib","610439'"," -- Of other textile materials","8","1","R","0","0","","","","0","0","0","0","0","0"
"3146","","HS 2007","Harmonized System 2007","Gabon","266'","2019","1","61044100'","  "," -- De laine ou de poils fins","61'","Articles of apparel and clothing accessories, knitted or crocheted","6104'","Women's or girls' suits, ensembles, jackets, blazers, dresses, skirts, divided skirts, trousers, bib","610441'"," -- Of wool or fine animal hair","8","1","R","0","0","","","","0","0","0","0","0","0"
"3147","","HS 2007","Harmonized System 2007","Gabon","266'","2019","1","61044200'","  "," -- De coton","61'","Articles of apparel and clothing accessories, knitted or crocheted","6104'","Women's or girls' suits, ensembles, jackets, blazers, dresses, skirts, divided skirts, trousers, bib","610442'"," -- Of cotton","8","1","R","0","0","","","","0","0","0","0","0","0"
"3148","","HS 2007","Harmonized System 2007","Gabon","266'","2019","1","61044300'","  "," -- De fibres synth?tiques","61'","Articles of apparel and clothing accessories, knitted or crocheted","6104'","Women's or girls' suits, ensembles, jackets, blazers, dresses, skirts, divided skirts, trousers, bib","610443'"," -- Of synthetic fibres","8","1","R","0","0","","","","0","0","0","0","0","0"
"3149","","HS 2007","Harmonized System 2007","Gabon","266'","2019","1","61044400'","  "," -- De fibres artificielles","61'","Articles of apparel and clothing accessories, knitted or crocheted","6104'","Women's or girls' suits, ensembles, jackets, blazers, dresses, skirts, divided skirts, trousers, bib","610444'"," -- Of artificial fibres","8","1","R","0","0","","","","0","0","0","0","0","0"
"3150","","HS 2007","Harmonized System 2007","Gabon","266'","2019","1","61044900'","  "," -- D'autres mati?res textiles","61'","Articles of apparel and clothing accessories, knitted or crocheted","6104'","Women's or girls' suits, ensembles, jackets, blazers, dresses, skirts, divided skirts, trousers, bib","610449'"," -- Of other textile materials","8","1","R","0","0","","","","0","0","0","0","0","0"
"3151","","HS 2007","Harmonized System 2007","Gabon","266'","2019","1","61045100'","  "," -- De laine ou de poils fins","61'","Articles of apparel and clothing accessories, knitted or crocheted","6104'","Women's or girls' suits, ensembles, jackets, blazers, dresses, skirts, divided skirts, trousers, bib","610451'"," -- Of wool or fine animal hair","8","1","R","0","0","","","","0","0","0","0","0","0"
"3152","","HS 2007","Harmonized System 2007","Gabon","266'","2019","1","61045200'","  "," -- De coton","61'","Articles of apparel and clothing accessories, knitted or crocheted","6104'","Women's or girls' suits, ensembles, jackets, blazers, dresses, skirts, divided skirts, trousers, bib","610452'"," -- Of cotton","8","1","R","0","0","","","","0","0","0","0","0","0"
"3153","","HS 2007","Harmonized System 2007","Gabon","266'","2019","1","61045300'","  "," -- De fibres synth?tiques","61'","Articles of apparel and clothing accessories, knitted or crocheted","6104'","Women's or girls' suits, ensembles, jackets, blazers, dresses, skirts, divided skirts, trousers, bib","610453'"," -- Of synthetic fibres","8","1","R","0","0","","","","0","0","0","0","0","0"
"3154","","HS 2007","Harmonized System 2007","Gabon","266'","2019","1","61045900'","  "," -- D'autres mati?res textiles","61'","Articles of apparel and clothing accessories, knitted or crocheted","6104'","Women's or girls' suits, ensembles, jackets, blazers, dresses, skirts, divided skirts, trousers, bib","610459'"," -- Of other textile materials","8","1","R","0","0","","","","0","0","0","0","0","0"
"3155","","HS 2007","Harmonized System 2007","Gabon","266'","2019","1","61046100'","  "," -- De laine ou de poils fins","61'","Articles of apparel and clothing accessories, knitted or crocheted","6104'","Women's or girls' suits, ensembles, jackets, blazers, dresses, skirts, divided skirts, trousers, bib","610461'"," -- Of wool or fine animal hair","8","1","R","0","0","","","","0","0","0","0","0","0"
"3156","","HS 2007","Harmonized System 2007","Gabon","266'","2019","1","61046200'","  "," -- De coton","61'","Articles of apparel and clothing accessories, knitted or crocheted","6104'","Women's or girls' suits, ensembles, jackets, blazers, dresses, skirts, divided skirts, trousers, bib","610462'"," -- Of cotton","8","1","R","0","0","","","","0","0","0","0","0","0"
"3157","","HS 2007","Harmonized System 2007","Gabon","266'","2019","1","61046300'","  "," -- De fibres synth?tiques","61'","Articles of apparel and clothing accessories, knitted or crocheted","6104'","Women's or girls' suits, ensembles, jackets, blazers, dresses, skirts, divided skirts, trousers, bib","610463'"," -- Of synthetic fibres","8","1","R","0","0","","","","0","0","0","0","0","0"
"3158","","HS 2007","Harmonized System 2007","Gabon","266'","2019","1","61046900'","  "," -- D'autres mati?res textiles","61'","Articles of apparel and clothing accessories, knitted or crocheted","6104'","Women's or girls' suits, ensembles, jackets, blazers, dresses, skirts, divided skirts, trousers, bib","610469'"," -- Of other textile materials","8","1","R","0","0","","","","0","0","0","0","0","0"
"3159","","HS 2007","Harmonized System 2007","Gabon","266'","2019","1","61051000'","  "," - De coton","61'","Articles of apparel and clothing accessories, knitted or crocheted","6105'","Men's or boys' shirts, knitted or crocheted.","610510'"," - Of cotton","8","1","R","0","0","","","","0","0","0","0","0","0"
"3160","","HS 2007","Harmonized System 2007","Gabon","266'","2019","1","61052000'","  "," - De fibres synth?tiques ou artificielles","61'","Articles of apparel and clothing accessories, knitted or crocheted","6105'","Men's or boys' shirts, knitted or crocheted.","610520'"," - Of man-made fibres","8","1","R","0","0","","","","0","0","0","0","0","0"
"3161","","HS 2007","Harmonized System 2007","Gabon","266'","2019","1","61059000'","  "," - D'autres mati?res textiles","61'","Articles of apparel and clothing accessories, knitted or crocheted","6105'","Men's or boys' shirts, knitted or crocheted.","610590'"," - Of other textile materials","8","1","R","0","0","","","","0","0","0","0","0","0"
"3162","","HS 2007","Harmonized System 2007","Gabon","266'","2019","1","61061000'","  "," - De coton","61'","Articles of apparel and clothing accessories, knitted or crocheted","6106'","Women's or girls' blouses, shirts and shirt-blouses, knitted or crocheted.","610610'"," - Of cotton","8","1","R","0","0","","","","0","0","0","0","0","0"
"3163","","HS 2007","Harmonized System 2007","Gabon","266'","2019","1","61062000'","  "," - De fibres synth?tiques ou artificielles","61'","Articles of apparel and clothing accessories, knitted or crocheted","6106'","Women's or girls' blouses, shirts and shirt-blouses, knitted or crocheted.","610620'"," - Of man-made fibres","8","1","R","0","0","","","","0","0","0","0","0","0"
"3164","","HS 2007","Harmonized System 2007","Gabon","266'","2019","1","61069000'","  "," - D'autres mati?res textiles","61'","Articles of apparel and clothing accessories, knitted or crocheted","6106'","Women's or girls' blouses, shirts and shirt-blouses, knitted or crocheted.","610690'"," - Of other textile materials","8","1","R","0","0","","","","0","0","0","0","0","0"
"3165","","HS 2007","Harmonized System 2007","Gabon","266'","2019","1","61071100'","  "," -- De coton","61'","Articles of apparel and clothing accessories, knitted or crocheted","6107'","Men's or boys' underpants, briefs, nightshirts, pyjamas, bathrobes, dressing gowns and similar artic","610711'"," -- Of cotton","8","1","R","0","0","","","","0","0","0","0","0","0"
"3166","","HS 2007","Harmonized System 2007","Gabon","266'","2019","1","61071200'","  "," -- De fibres synth?tiques ou artificielles","61'","Articles of apparel and clothing accessories, knitted or crocheted","6107'","Men's or boys' underpants, briefs, nightshirts, pyjamas, bathrobes, dressing gowns and similar artic","610712'"," -- Of man-made fibres","8","1","R","0","0","","","","0","0","0","0","0","0"
"3167","","HS 2007","Harmonized System 2007","Gabon","266'","2019","1","61071900'","  "," -- D'autres mati?res textiles","61'","Articles of apparel and clothing accessories, knitted or crocheted","6107'","Men's or boys' underpants, briefs, nightshirts, pyjamas, bathrobes, dressing gowns and similar artic","610719'"," -- Of other textile materials","8","1","R","0","0","","","","0","0","0","0","0","0"
"3168","","HS 2007","Harmonized System 2007","Gabon","266'","2019","1","61072100'","  "," -- De coton","61'","Articles of apparel and clothing accessories, knitted or crocheted","6107'","Men's or boys' underpants, briefs, nightshirts, pyjamas, bathrobes, dressing gowns and similar artic","610721'"," -- Of cotton","8","1","R","0","0","","","","0","0","0","0","0","0"
"3169","","HS 2007","Harmonized System 2007","Gabon","266'","2019","1","61072200'","  "," -- De fibres synth?tiques ou artificielles","61'","Articles of apparel and clothing accessories, knitted or crocheted","6107'","Men's or boys' underpants, briefs, nightshirts, pyjamas, bathrobes, dressing gowns and similar artic","610722'"," -- Of man-made fibres","8","1","R","0","0","","","","0","0","0","0","0","0"
"3170","","HS 2007","Harmonized System 2007","Gabon","266'","2019","1","61072900'","  "," -- D'autres mati?res textiles","61'","Articles of apparel and clothing accessories, knitted or crocheted","6107'","Men's or boys' underpants, briefs, nightshirts, pyjamas, bathrobes, dressing gowns and similar artic","610729'"," -- Of other textile materials","8","1","R","0","0","","","","0","0","0","0","0","0"
"3171","","HS 2007","Harmonized System 2007","Gabon","266'","2019","1","61079100'","  "," -- De coton","61'","Articles of apparel and clothing accessories, knitted or crocheted","6107'","Men's or boys' underpants, briefs, nightshirts, pyjamas, bathrobes, dressing gowns and similar artic","610791'"," -- Of cotton","8","1","R","0","0","","","","0","0","0","0","0","0"
"3172","","HS 2007","Harmonized System 2007","Gabon","266'","2019","1","61079900'","  "," -- D'autres mati?res textiles","61'","Articles of apparel and clothing accessories, knitted or crocheted","6107'","Men's or boys' underpants, briefs, nightshirts, pyjamas, bathrobes, dressing gowns and similar artic","610799'"," -- Of other textile materials","8","1","R","0","0","","","","0","0","0","0","0","0"
"3173","","HS 2007","Harmonized System 2007","Gabon","266'","2019","1","61081100'","  "," -- De fibres synth?tiques ou artificielles","61'","Articles of apparel and clothing accessories, knitted or crocheted","6108'","Women's or girls' slips, petticoats, briefs, panties, nightdresses, pyjamas, n?glig?s, bathrobes, dr","610811'"," -- Of man-made fibres","8","1","R","0","0","","","","0","0","0","0","0","0"
"3174","","HS 2007","Harmonized System 2007","Gabon","266'","2019","1","61081900'","  "," -- D'autres mati?res textiles","61'","Articles of apparel and clothing accessories, knitted or crocheted","6108'","Women's or girls' slips, petticoats, briefs, panties, nightdresses, pyjamas, n?glig?s, bathrobes, dr","610819'"," -- Of other textile materials","8","1","R","0","0","","","","0","0","0","0","0","0"
"3175","","HS 2007","Harmonized System 2007","Gabon","266'","2019","1","61082100'","  "," -- De coton","61'","Articles of apparel and clothing accessories, knitted or crocheted","6108'","Women's or girls' slips, petticoats, briefs, panties, nightdresses, pyjamas, n?glig?s, bathrobes, dr","610821'"," -- Of cotton","8","1","R","0","0","","","","0","0","0","0","0","0"
"3176","","HS 2007","Harmonized System 2007","Gabon","266'","2019","1","61082200'","  "," -- De fibres synth?tiques ou artificielles","61'","Articles of apparel and clothing accessories, knitted or crocheted","6108'","Women's or girls' slips, petticoats, briefs, panties, nightdresses, pyjamas, n?glig?s, bathrobes, dr","610822'"," -- Of man-made fibres","8","1","R","0","0","","","","0","0","0","0","0","0"
"3177","","HS 2007","Harmonized System 2007","Gabon","266'","2019","1","61082900'","  "," -- D'autres mati?res textiles","61'","Articles of apparel and clothing accessories, knitted or crocheted","6108'","Women's or girls' slips, petticoats, briefs, panties, nightdresses, pyjamas, n?glig?s, bathrobes, dr","610829'"," -- Of other textile materials","8","1","R","0","0","","","","0","0","0","0","0","0"
"3178","","HS 2007","Harmonized System 2007","Gabon","266'","2019","1","61083100'","  "," -- De coton","61'","Articles of apparel and clothing accessories, knitted or crocheted","6108'","Women's or girls' slips, petticoats, briefs, panties, nightdresses, pyjamas, n?glig?s, bathrobes, dr","610831'"," -- Of cotton","8","1","R","0","0","","","","0","0","0","0","0","0"
"3179","","HS 2007","Harmonized System 2007","Gabon","266'","2019","1","61083200'","  "," -- De fibres synth?tiques ou artificielles","61'","Articles of apparel and clothing accessories, knitted or crocheted","6108'","Women's or girls' slips, petticoats, briefs, panties, nightdresses, pyjamas, n?glig?s, bathrobes, dr","610832'"," -- Of man-made fibres","8","1","R","0","0","","","","0","0","0","0","0","0"
"3180","","HS 2007","Harmonized System 2007","Gabon","266'","2019","1","61083900'","  "," -- D'autres mati?res textiles","61'","Articles of apparel and clothing accessories, knitted or crocheted","6108'","Women's or girls' slips, petticoats, briefs, panties, nightdresses, pyjamas, n?glig?s, bathrobes, dr","610839'"," -- Of other textile materials","8","1","R","0","0","","","","0","0","0","0","0","0"
"3181","","HS 2007","Harmonized System 2007","Gabon","266'","2019","1","61089100'","  "," -- De coton","61'","Articles of apparel and clothing accessories, knitted or crocheted","6108'","Women's or girls' slips, petticoats, briefs, panties, nightdresses, pyjamas, n?glig?s, bathrobes, dr","610891'"," -- Of cotton","8","1","R","0","0","","","","0","0","0","0","0","0"
"3182","","HS 2007","Harmonized System 2007","Gabon","266'","2019","1","61089200'","  "," -- De fibres synth?tiques ou artificielles","61'","Articles of apparel and clothing accessories, knitted or crocheted","6108'","Women's or girls' slips, petticoats, briefs, panties, nightdresses, pyjamas, n?glig?s, bathrobes, dr","610892'"," -- Of man-made fibres","8","1","R","0","0","","","","0","0","0","0","0","0"
"3183","","HS 2007","Harmonized System 2007","Gabon","266'","2019","1","61089900'","  "," -- D'autres mati?res textiles","61'","Articles of apparel and clothing accessories, knitted or crocheted","6108'","Women's or girls' slips, petticoats, briefs, panties, nightdresses, pyjamas, n?glig?s, bathrobes, dr","610899'"," -- Of other textile materials","8","1","R","0","0","","","","0","0","0","0","0","0"
"3184","","HS 2007","Harmonized System 2007","Gabon","266'","2019","1","61091000'","  "," - De coton","61'","Articles of apparel and clothing accessories, knitted or crocheted","6109'","T-shirts, singlets and other vests, knitted or crocheted.","610910'"," - Of cotton","8","1","R","0","0","","","","0","0","0","0","0","0"
"3185","","HS 2007","Harmonized System 2007","Gabon","266'","2019","1","61099000'","  "," - D'autres mati?res textiles","61'","Articles of apparel and clothing accessories, knitted or crocheted","6109'","T-shirts, singlets and other vests, knitted or crocheted.","610990'"," - Of other textile materials","8","1","R","0","0","","","","0","0","0","0","0","0"
"3186","","HS 2007","Harmonized System 2007","Gabon","266'","2019","1","61101100'","  "," -- De laine","61'","Articles of apparel and clothing accessories, knitted or crocheted","6110'","Jerseys, pullovers, cardigans, waistcoats and similar articles, knitted or crocheted.","611011'"," -- Of wool","8","1","R","0","0","","","","0","0","0","0","0","0"
"3187","","HS 2007","Harmonized System 2007","Gabon","266'","2019","1","61101200'","  "," -- De ch?vre de Cachemire","61'","Articles of apparel and clothing accessories, knitted or crocheted","6110'","Jerseys, pullovers, cardigans, waistcoats and similar articles, knitted or crocheted.","611012'"," -- Of Kashmir (cashmere) goats","8","1","R","0","0","","","","0","0","0","0","0","0"
"3188","","HS 2007","Harmonized System 2007","Gabon","266'","2019","1","61101900'","  "," -- Autres","61'","Articles of apparel and clothing accessories, knitted or crocheted","6110'","Jerseys, pullovers, cardigans, waistcoats and similar articles, knitted or crocheted.","611019'"," -- Other","8","1","R","0","0","","","","0","0","0","0","0","0"
"3189","","HS 2007","Harmonized System 2007","Gabon","266'","2019","1","61102000'","  "," - De coton","61'","Articles of apparel and clothing accessories, knitted or crocheted","6110'","Jerseys, pullovers, cardigans, waistcoats and similar articles, knitted or crocheted.","611020'"," - Of cotton","8","1","R","0","0","","","","0","0","0","0","0","0"
"3190","","HS 2007","Harmonized System 2007","Gabon","266'","2019","1","61103000'","  "," - De fibres synth?tiques ou artificielles","61'","Articles of apparel and clothing accessories, knitted or crocheted","6110'","Jerseys, pullovers, cardigans, waistcoats and similar articles, knitted or crocheted.","611030'"," - Of man-made fibres","8","1","R","0","0","","","","0","0","0","0","0","0"
"3191","","HS 2007","Harmonized System 2007","Gabon","266'","2019","1","61109000'","  "," - D?autres mati?res textiles","61'","Articles of apparel and clothing accessories, knitted or crocheted","6110'","Jerseys, pullovers, cardigans, waistcoats and similar articles, knitted or crocheted.","611090'"," - Of other textile materials","8","1","R","0","0","","","","0","0","0","0","0","0"
"3192","","HS 2007","Harmonized System 2007","Gabon","266'","2019","1","61112000'","  "," - De coton","61'","Articles of apparel and clothing accessories, knitted or crocheted","6111'","Babies' garments and clothing accessories, knitted or crocheted.","611120'"," - Of cotton","8","1","R","0","0","","","","0","0","0","0","0","0"
"3193","","HS 2007","Harmonized System 2007","Gabon","266'","2019","1","61113000'","  "," - De fibres synth?tiques","61'","Articles of apparel and clothing accessories, knitted or crocheted","6111'","Babies' garments and clothing accessories, knitted or crocheted.","611130'"," - Of synthetic fibres","8","1","R","0","0","","","","0","0","0","0","0","0"
"3194","","HS 2007","Harmonized System 2007","Gabon","266'","2019","1","61119000'","  "," - D'autres mati?res textiles","61'","Articles of apparel and clothing accessories, knitted or crocheted","6111'","Babies' garments and clothing accessories, knitted or crocheted.","611190'"," - Of other textile materials","8","1","R","0","0","","","","0","0","0","0","0","0"
"3195","","HS 2007","Harmonized System 2007","Gabon","266'","2019","1","61121100'","  "," -- De coton","61'","Articles of apparel and clothing accessories, knitted or crocheted","6112'","Track suits, ski suits and swimwear, knitted or crocheted.","611211'"," -- Of cotton","8","1","R","0","0","","","","0","0","0","0","0","0"
"3196","","HS 2007","Harmonized System 2007","Gabon","266'","2019","1","61121200'","  "," -- De fibres synth?tiques","61'","Articles of apparel and clothing accessories, knitted or crocheted","6112'","Track suits, ski suits and swimwear, knitted or crocheted.","611212'"," -- Of synthetic fibres","8","1","R","0","0","","","","0","0","0","0","0","0"
"3197","","HS 2007","Harmonized System 2007","Gabon","266'","2019","1","61121900'","  "," -- D'autres mati?res textiles","61'","Articles of apparel and clothing accessories, knitted or crocheted","6112'","Track suits, ski suits and swimwear, knitted or crocheted.","611219'"," -- Of other textile materials","8","1","R","0","0","","","","0","0","0","0","0","0"
"3198","","HS 2007","Harmonized System 2007","Gabon","266'","2019","1","61122000'","  "," - Combinaisons et ensembles de ski","61'","Articles of apparel and clothing accessories, knitted or crocheted","6112'","Track suits, ski suits and swimwear, knitted or crocheted.","611220'"," - Ski suits","8","1","R","0","0","","","","0","0","0","0","0","0"
"3199","","HS 2007","Harmonized System 2007","Gabon","266'","2019","1","61123100'","  "," -- De fibres synth?tiques","61'","Articles of apparel and clothing accessories, knitted or crocheted","6112'","Track suits, ski suits and swimwear, knitted or crocheted.","611231'"," -- Of synthetic fibres","8","1","R","0","0","","","","0","0","0","0","0","0"
"3200","","HS 2007","Harmonized System 2007","Gabon","266'","2019","1","61123900'","  "," -- D'autres mati?res textiles","61'","Articles of apparel and clothing accessories, knitted or crocheted","6112'","Track suits, ski suits and swimwear, knitted or crocheted.","611239'"," -- Of other textile materials","8","1","R","0","0","","","","0","0","0","0","0","0"
"3201","","HS 2007","Harmonized System 2007","Gabon","266'","2019","1","61124100'","  "," -- De fibres synth?tiques","61'","Articles of apparel and clothing accessories, knitted or crocheted","6112'","Track suits, ski suits and swimwear, knitted or crocheted.","611241'"," -- Of synthetic fibres","8","1","R","0","0","","","","0","0","0","0","0","0"
"3202","","HS 2007","Harmonized System 2007","Gabon","266'","2019","1","61124900'","  "," -- D'autres mati?res textiles","61'","Articles of apparel and clothing accessories, knitted or crocheted","6112'","Track suits, ski suits and swimwear, knitted or crocheted.","611249'"," -- Of other textile materials","8","1","R","0","0","","","","0","0","0","0","0","0"
"3203","","HS 2007","Harmonized System 2007","Gabon","266'","2019","1","61130000'","  "," V?tements confectionn?s en ?toffes de bonneterie des n?s?59.03, 59.06 ou 59.07.","61'","Articles of apparel and clothing accessories, knitted or crocheted","6113'","Garments, made up of knitted or crocheted fabrics of heading 59.03, 59.06 or 59.07.","611300'"," Garments, made up of knitted or crocheted fabrics of heading 59.03, 59.06 or 59.07.","8","1","R","0","0","","","","0","0","0","0","0","0"
"3204","","HS 2007","Harmonized System 2007","Gabon","266'","2019","1","61142000'","  "," - De coton","61'","Articles of apparel and clothing accessories, knitted or crocheted","6114'","Other garments, knitted or crocheted.","611420'"," - Of cotton","8","1","R","0","0","","","","0","0","0","0","0","0"
"3205","","HS 2007","Harmonized System 2007","Gabon","266'","2019","1","61143000'","  "," - De fibres synth?tiques ou artificielles","61'","Articles of apparel and clothing accessories, knitted or crocheted","6114'","Other garments, knitted or crocheted.","611430'"," - Of man-made fibres","8","1","R","0","0","","","","0","0","0","0","0","0"
"3206","","HS 2007","Harmonized System 2007","Gabon","266'","2019","1","61149000'","  "," - D'autres mati?res textiles","61'","Articles of apparel and clothing accessories, knitted or crocheted","6114'","Other garments, knitted or crocheted.","611490'"," - Of other textile materials","8","1","R","0","0","","","","0","0","0","0","0","0"
"3207","","HS 2007","Harmonized System 2007","Gabon","266'","2019","1","61151000'","  "," -Collants (bas-culottes), bas et mi-bas ? compression d?gressive (les bas ? varices, par exemple)","61'","Articles of apparel and clothing accessories, knitted or crocheted","6115'","Panty hose, tights, stockings, socks and other hosiery, including graduated compression hosiery (for","611510'"," - Graduated compression hosiery (for example, stockings for varicose veins)","8","1","R","0","0","","","","0","0","0","0","0","0"
"3208","","HS 2007","Harmonized System 2007","Gabon","266'","2019","1","61152100'","  "," -- De fibres synth?tiques, titrant en fils simples moins de 67 d?citex","61'","Articles of apparel and clothing accessories, knitted or crocheted","6115'","Panty hose, tights, stockings, socks and other hosiery, including graduated compression hosiery (for","611521'"," -- Of synthetic fibres, measuring per single yarn less than 67 decitex","8","1","R","0","0","","","","0","0","0","0","0","0"
"3209","","HS 2007","Harmonized System 2007","Gabon","266'","2019","1","61152200'","  "," -- De fibres synth?tiques, titrant en fils simples 67?d?citex ou plus","61'","Articles of apparel and clothing accessories, knitted or crocheted","6115'","Panty hose, tights, stockings, socks and other hosiery, including graduated compression hosiery (for","611522'"," -- Of synthetic fibres, measuring per single yarn 67?decitex or more","8","1","R","0","0","","","","0","0","0","0","0","0"
"3210","","HS 2007","Harmonized System 2007","Gabon","266'","2019","1","61152900'","  "," -- D'autres mati?res textiles","61'","Articles of apparel and clothing accessories, knitted or crocheted","6115'","Panty hose, tights, stockings, socks and other hosiery, including graduated compression hosiery (for","611529'"," -- Of other textile materials","8","1","R","0","0","","","","0","0","0","0","0","0"
"3211","","HS 2007","Harmonized System 2007","Gabon","266'","2019","1","61153000'","  "," - Autres bas et mi-bas de femmes titrant en fils simples moins de 67 d?citex","61'","Articles of apparel and clothing accessories, knitted or crocheted","6115'","Panty hose, tights, stockings, socks and other hosiery, including graduated compression hosiery (for","611530'"," - Other women's full-length or knee-length hosiery, measuring per single yarn less than 67 decitex","8","1","R","0","0","","","","0","0","0","0","0","0"
"3212","","HS 2007","Harmonized System 2007","Gabon","266'","2019","1","61159400'","  "," -- De laine ou de poils fins","61'","Articles of apparel and clothing accessories, knitted or crocheted","6115'","Panty hose, tights, stockings, socks and other hosiery, including graduated compression hosiery (for","611594'"," -- Of wool or fine animal hair","8","1","R","0","0","","","","0","0","0","0","0","0"
"3213","","HS 2007","Harmonized System 2007","Gabon","266'","2019","1","61159500'","  "," -- De coton","61'","Articles of apparel and clothing accessories, knitted or crocheted","6115'","Panty hose, tights, stockings, socks and other hosiery, including graduated compression hosiery (for","611595'"," -- Of cotton","8","1","R","0","0","","","","0","0","0","0","0","0"
"3214","","HS 2007","Harmonized System 2007","Gabon","266'","2019","1","61159600'","  "," -- De fibres synth?tiques","61'","Articles of apparel and clothing accessories, knitted or crocheted","6115'","Panty hose, tights, stockings, socks and other hosiery, including graduated compression hosiery (for","611596'"," -- Of synthetic fibres","8","1","R","0","0","","","","0","0","0","0","0","0"
"3215","","HS 2007","Harmonized System 2007","Gabon","266'","2019","1","61159900'","  "," -- D'autres mati?res textiles","61'","Articles of apparel and clothing accessories, knitted or crocheted","6115'","Panty hose, tights, stockings, socks and other hosiery, including graduated compression hosiery (for","611599'"," -- Of other textile materials","8","1","R","0","0","","","","0","0","0","0","0","0"
"3216","","HS 2007","Harmonized System 2007","Gabon","266'","2019","1","61161000'","  "," - Impr?gn?s, enduits ou recouverts de mati?res plastiques ou de caoutchouc","61'","Articles of apparel and clothing accessories, knitted or crocheted","6116'","Gloves, mittens and mitts, knitted or crocheted.","611610'"," - Impregnated, coated or covered with plastics or rubber","8","1","R","0","0","","","","0","0","0","0","0","0"
"3217","","HS 2007","Harmonized System 2007","Gabon","266'","2019","1","61169100'","  "," -- De laine ou de poils fins","61'","Articles of apparel and clothing accessories, knitted or crocheted","6116'","Gloves, mittens and mitts, knitted or crocheted.","611691'"," -- Of wool or fine animal hair","8","1","R","0","0","","","","0","0","0","0","0","0"
"3218","","HS 2007","Harmonized System 2007","Gabon","266'","2019","1","61169200'","  "," -- De coton","61'","Articles of apparel and clothing accessories, knitted or crocheted","6116'","Gloves, mittens and mitts, knitted or crocheted.","611692'"," -- Of cotton","8","1","R","0","0","","","","0","0","0","0","0","0"
"3219","","HS 2007","Harmonized System 2007","Gabon","266'","2019","1","61169300'","  "," -- De fibres synth?tiques","61'","Articles of apparel and clothing accessories, knitted or crocheted","6116'","Gloves, mittens and mitts, knitted or crocheted.","611693'"," -- Of synthetic fibres","8","1","R","0","0","","","","0","0","0","0","0","0"
"3220","","HS 2007","Harmonized System 2007","Gabon","266'","2019","1","61169900'","  "," -- D'autres mati?res textiles","61'","Articles of apparel and clothing accessories, knitted or crocheted","6116'","Gloves, mittens and mitts, knitted or crocheted.","611699'"," -- Of other textile materials","8","1","R","0","0","","","","0","0","0","0","0","0"
"3221","","HS 2007","Harmonized System 2007","Gabon","266'","2019","1","61171000'","  "," - Ch?les, ?charpes, foulards, cache-nez, cache-col, mantilles, voiles, voilettes et articles similaires","61'","Articles of apparel and clothing accessories, knitted or crocheted","6117'","Other made up clothing accessories, knitted or crocheted; knitted or crocheted parts of garments or ","611710'"," - Shawls, scarves, mufflers, mantillas, veils and the like","8","1","R","0","0","","","","0","0","0","0","0","0"
"3222","","HS 2007","Harmonized System 2007","Gabon","266'","2019","1","61178000'","  "," - Autres accessoires","61'","Articles of apparel and clothing accessories, knitted or crocheted","6117'","Other made up clothing accessories, knitted or crocheted; knitted or crocheted parts of garments or ","611780'"," - Other accessories","8","1","R","0","0","","","","0","0","0","0","0","0"
"3223","","HS 2007","Harmonized System 2007","Gabon","266'","2019","1","61179000'","  "," - Parties","61'","Articles of apparel and clothing accessories, knitted or crocheted","6117'","Other made up clothing accessories, knitted or crocheted; knitted or crocheted parts of garments or ","611790'"," - Parts","8","1","R","0","0","","","","0","0","0","0","0","0"
"3224","","HS 2007","Harmonized System 2007","Gabon","266'","2019","1","62011100'","  "," -- De laine ou de poils fins","62'","Articles of apparel and clothing accessories, not knitted or crocheted","6201'","Men's or boys' overcoats, car-coats, capes, cloaks, anoraks (including ski-jackets), wind-cheaters, ","620111'"," -- Of wool or fine animal hair","8","1","R","0","0","","","","0","0","0","0","0","0"
"3225","","HS 2007","Harmonized System 2007","Gabon","266'","2019","1","62011200'","  "," -- De coton","62'","Articles of apparel and clothing accessories, not knitted or crocheted","6201'","Men's or boys' overcoats, car-coats, capes, cloaks, anoraks (including ski-jackets), wind-cheaters, ","620112'"," -- Of cotton","8","1","R","0","0","","","","0","0","0","0","0","0"
"3226","","HS 2007","Harmonized System 2007","Gabon","266'","2019","1","62011300'","  "," -- De fibres synth?tiques ou artificielles","62'","Articles of apparel and clothing accessories, not knitted or crocheted","6201'","Men's or boys' overcoats, car-coats, capes, cloaks, anoraks (including ski-jackets), wind-cheaters, ","620113'"," -- Of man-made fibres","8","1","R","0","0","","","","0","0","0","0","0","0"
"3227","","HS 2007","Harmonized System 2007","Gabon","266'","2019","1","62011900'","  "," -- D'autres mati?res textiles","62'","Articles of apparel and clothing accessories, not knitted or crocheted","6201'","Men's or boys' overcoats, car-coats, capes, cloaks, anoraks (including ski-jackets), wind-cheaters, ","620119'"," -- Of other textile materials","8","1","R","0","0","","","","0","0","0","0","0","0"
"3228","","HS 2007","Harmonized System 2007","Gabon","266'","2019","1","62019100'","  "," -- De laine ou de poils fins","62'","Articles of apparel and clothing accessories, not knitted or crocheted","6201'","Men's or boys' overcoats, car-coats, capes, cloaks, anoraks (including ski-jackets), wind-cheaters, ","620191'"," -- Of wool or fine animal hair","8","1","R","0","0","","","","0","0","0","0","0","0"
"3229","","HS 2007","Harmonized System 2007","Gabon","266'","2019","1","62019200'","  "," -- De coton","62'","Articles of apparel and clothing accessories, not knitted or crocheted","6201'","Men's or boys' overcoats, car-coats, capes, cloaks, anoraks (including ski-jackets), wind-cheaters, ","620192'"," -- Of cotton","8","1","R","0","0","","","","0","0","0","0","0","0"
"3230","","HS 2007","Harmonized System 2007","Gabon","266'","2019","1","62019300'","  "," -- De fibres synth?tiques ou artificielles","62'","Articles of apparel and clothing accessories, not knitted or crocheted","6201'","Men's or boys' overcoats, car-coats, capes, cloaks, anoraks (including ski-jackets), wind-cheaters, ","620193'"," -- Of man-made fibres","8","1","R","0","0","","","","0","0","0","0","0","0"
"3231","","HS 2007","Harmonized System 2007","Gabon","266'","2019","1","62019900'","  "," -- D'autres mati?res textiles","62'","Articles of apparel and clothing accessories, not knitted or crocheted","6201'","Men's or boys' overcoats, car-coats, capes, cloaks, anoraks (including ski-jackets), wind-cheaters, ","620199'"," -- Of other textile materials","8","1","R","0","0","","","","0","0","0","0","0","0"
"3232","","HS 2007","Harmonized System 2007","Gabon","266'","2019","1","62021100'","  "," -- De laine ou de poils fins","62'","Articles of apparel and clothing accessories, not knitted or crocheted","6202'","Women's or girls' overcoats, car-coats, capes, cloaks, anoraks (including ski-jackets), wind-cheater","620211'"," -- Of wool or fine animal hair","8","1","R","0","0","","","","0","0","0","0","0","0"
"3233","","HS 2007","Harmonized System 2007","Gabon","266'","2019","1","62021200'","  "," -- De coton","62'","Articles of apparel and clothing accessories, not knitted or crocheted","6202'","Women's or girls' overcoats, car-coats, capes, cloaks, anoraks (including ski-jackets), wind-cheater","620212'"," -- Of cotton","8","1","R","0","0","","","","0","0","0","0","0","0"
"3234","","HS 2007","Harmonized System 2007","Gabon","266'","2019","1","62021300'","  "," -- De fibres synth?tiques ou artificielles","62'","Articles of apparel and clothing accessories, not knitted or crocheted","6202'","Women's or girls' overcoats, car-coats, capes, cloaks, anoraks (including ski-jackets), wind-cheater","620213'"," -- Of man-made fibres","8","1","R","0","0","","","","0","0","0","0","0","0"
"3235","","HS 2007","Harmonized System 2007","Gabon","266'","2019","1","62021900'","  "," -- D'autres mati?res textiles","62'","Articles of apparel and clothing accessories, not knitted or crocheted","6202'","Women's or girls' overcoats, car-coats, capes, cloaks, anoraks (including ski-jackets), wind-cheater","620219'"," -- Of other textile materials","8","1","R","0","0","","","","0","0","0","0","0","0"
"3236","","HS 2007","Harmonized System 2007","Gabon","266'","2019","1","62029100'","  "," -- De laine ou de poils fins","62'","Articles of apparel and clothing accessories, not knitted or crocheted","6202'","Women's or girls' overcoats, car-coats, capes, cloaks, anoraks (including ski-jackets), wind-cheater","620291'"," -- Of wool or fine animal hair","8","1","R","0","0","","","","0","0","0","0","0","0"
"3237","","HS 2007","Harmonized System 2007","Gabon","266'","2019","1","62029200'","  "," -- De coton","62'","Articles of apparel and clothing accessories, not knitted or crocheted","6202'","Women's or girls' overcoats, car-coats, capes, cloaks, anoraks (including ski-jackets), wind-cheater","620292'"," -- Of cotton","8","1","R","0","0","","","","0","0","0","0","0","0"
"3238","","HS 2007","Harmonized System 2007","Gabon","266'","2019","1","62029300'","  "," -- De fibres synth?tiques ou artificielles","62'","Articles of apparel and clothing accessories, not knitted or crocheted","6202'","Women's or girls' overcoats, car-coats, capes, cloaks, anoraks (including ski-jackets), wind-cheater","620293'"," -- Of man-made fibres","8","1","R","0","0","","","","0","0","0","0","0","0"
"3239","","HS 2007","Harmonized System 2007","Gabon","266'","2019","1","62029900'","  "," -- D'autres mati?res textiles","62'","Articles of apparel and clothing accessories, not knitted or crocheted","6202'","Women's or girls' overcoats, car-coats, capes, cloaks, anoraks (including ski-jackets), wind-cheater","620299'"," -- Of other textile materials","8","1","R","0","0","","","","0","0","0","0","0","0"
"3240","","HS 2007","Harmonized System 2007","Gabon","266'","2019","1","62031100'","  "," -- De laine ou de poils fins","62'","Articles of apparel and clothing accessories, not knitted or crocheted","6203'","Men's or boys' suits, ensembles, jackets, blazers, trousers, bib and brace overalls, breeches and sh","620311'"," -- Of wool or fine animal hair","8","1","R","0","0","","","","0","0","0","0","0","0"
"3241","","HS 2007","Harmonized System 2007","Gabon","266'","2019","1","62031200'","  "," -- De fibres synth?tiques","62'","Articles of apparel and clothing accessories, not knitted or crocheted","6203'","Men's or boys' suits, ensembles, jackets, blazers, trousers, bib and brace overalls, breeches and sh","620312'"," -- Of synthetic fibres","8","1","R","0","0","","","","0","0","0","0","0","0"
"3242","","HS 2007","Harmonized System 2007","Gabon","266'","2019","1","62031900'","  "," -- D'autres mati?res textiles","62'","Articles of apparel and clothing accessories, not knitted or crocheted","6203'","Men's or boys' suits, ensembles, jackets, blazers, trousers, bib and brace overalls, breeches and sh","620319'"," -- Of other textile materials","8","1","R","0","0","","","","0","0","0","0","0","0"
"3243","","HS 2007","Harmonized System 2007","Gabon","266'","2019","1","62032200'","  "," -- De coton","62'","Articles of apparel and clothing accessories, not knitted or crocheted","6203'","Men's or boys' suits, ensembles, jackets, blazers, trousers, bib and brace overalls, breeches and sh","620322'"," -- Of cotton","8","1","R","0","0","","","","0","0","0","0","0","0"
"3244","","HS 2007","Harmonized System 2007","Gabon","266'","2019","1","62032300'","  "," -- De fibres synth?tiques","62'","Articles of apparel and clothing accessories, not knitted or crocheted","6203'","Men's or boys' suits, ensembles, jackets, blazers, trousers, bib and brace overalls, breeches and sh","620323'"," -- Of synthetic fibres","8","1","R","0","0","","","","0","0","0","0","0","0"
"3245","","HS 2007","Harmonized System 2007","Gabon","266'","2019","1","62032900'","  "," -- D'autres mati?res textiles","62'","Articles of apparel and clothing accessories, not knitted or crocheted","6203'","Men's or boys' suits, ensembles, jackets, blazers, trousers, bib and brace overalls, breeches and sh","620329'"," -- Of other textile materials","8","1","R","0","0","","","","0","0","0","0","0","0"
"3246","","HS 2007","Harmonized System 2007","Gabon","266'","2019","1","62033100'","  "," -- De laine ou de poils fins","62'","Articles of apparel and clothing accessories, not knitted or crocheted","6203'","Men's or boys' suits, ensembles, jackets, blazers, trousers, bib and brace overalls, breeches and sh","620331'"," -- Of wool or fine animal hair","8","1","R","0","0","","","","0","0","0","0","0","0"
"3247","","HS 2007","Harmonized System 2007","Gabon","266'","2019","1","62033200'","  "," -- De coton","62'","Articles of apparel and clothing accessories, not knitted or crocheted","6203'","Men's or boys' suits, ensembles, jackets, blazers, trousers, bib and brace overalls, breeches and sh","620332'"," -- Of cotton","8","1","R","0","0","","","","0","0","0","0","0","0"
"3248","","HS 2007","Harmonized System 2007","Gabon","266'","2019","1","62033300'","  "," -- De fibres synth?tiques","62'","Articles of apparel and clothing accessories, not knitted or crocheted","6203'","Men's or boys' suits, ensembles, jackets, blazers, trousers, bib and brace overalls, breeches and sh","620333'"," -- Of synthetic fibres","8","1","R","0","0","","","","0","0","0","0","0","0"
"3249","","HS 2007","Harmonized System 2007","Gabon","266'","2019","1","62033900'","  "," -- D'autres mati?res textiles","62'","Articles of apparel and clothing accessories, not knitted or crocheted","6203'","Men's or boys' suits, ensembles, jackets, blazers, trousers, bib and brace overalls, breeches and sh","620339'"," -- Of other textile materials","8","1","R","0","0","","","","0","0","0","0","0","0"
"3250","","HS 2007","Harmonized System 2007","Gabon","266'","2019","1","62034100'","  "," -- De laine ou de poils fins","62'","Articles of apparel and clothing accessories, not knitted or crocheted","6203'","Men's or boys' suits, ensembles, jackets, blazers, trousers, bib and brace overalls, breeches and sh","620341'"," -- Of wool or fine animal hair","8","1","R","0","0","","","","0","0","0","0","0","0"
"3251","","HS 2007","Harmonized System 2007","Gabon","266'","2019","1","62034200'","  "," -- De coton","62'","Articles of apparel and clothing accessories, not knitted or crocheted","6203'","Men's or boys' suits, ensembles, jackets, blazers, trousers, bib and brace overalls, breeches and sh","620342'"," -- Of cotton","8","1","R","0","0","","","","0","0","0","0","0","0"
"3252","","HS 2007","Harmonized System 2007","Gabon","266'","2019","1","62034300'","  "," -- De fibres synth?tiques","62'","Articles of apparel and clothing accessories, not knitted or crocheted","6203'","Men's or boys' suits, ensembles, jackets, blazers, trousers, bib and brace overalls, breeches and sh","620343'"," -- Of synthetic fibres","8","1","R","0","0","","","","0","0","0","0","0","0"
"3253","","HS 2007","Harmonized System 2007","Gabon","266'","2019","1","62034900'","  "," -- D'autres mati?res textiles","62'","Articles of apparel and clothing accessories, not knitted or crocheted","6203'","Men's or boys' suits, ensembles, jackets, blazers, trousers, bib and brace overalls, breeches and sh","620349'"," -- Of other textile materials","8","1","R","0","0","","","","0","0","0","0","0","0"
"3254","","HS 2007","Harmonized System 2007","Gabon","266'","2019","1","62041100'","  "," -- De laine ou de poils fins","62'","Articles of apparel and clothing accessories, not knitted or crocheted","6204'","Women's or girls' suits, ensembles, jackets, blazers, dresses, skirts, divided skirts, trousers, bib","620411'"," -- Of wool or fine animal hair","8","1","R","0","0","","","","0","0","0","0","0","0"
"3255","","HS 2007","Harmonized System 2007","Gabon","266'","2019","1","62041200'","  "," -- De coton","62'","Articles of apparel and clothing accessories, not knitted or crocheted","6204'","Women's or girls' suits, ensembles, jackets, blazers, dresses, skirts, divided skirts, trousers, bib","620412'"," -- Of cotton","8","1","R","0","0","","","","0","0","0","0","0","0"
"3256","","HS 2007","Harmonized System 2007","Gabon","266'","2019","1","62041300'","  "," -- De fibres synth?tiques","62'","Articles of apparel and clothing accessories, not knitted or crocheted","6204'","Women's or girls' suits, ensembles, jackets, blazers, dresses, skirts, divided skirts, trousers, bib","620413'"," -- Of synthetic fibres","8","1","R","0","0","","","","0","0","0","0","0","0"
"3257","","HS 2007","Harmonized System 2007","Gabon","266'","2019","1","62041900'","  "," -- D'autres mati?res textiles","62'","Articles of apparel and clothing accessories, not knitted or crocheted","6204'","Women's or girls' suits, ensembles, jackets, blazers, dresses, skirts, divided skirts, trousers, bib","620419'"," -- Of other textile materials","8","1","R","0","0","","","","0","0","0","0","0","0"
"3258","","HS 2007","Harmonized System 2007","Gabon","266'","2019","1","62042100'","  "," -- De laine ou de poils fins","62'","Articles of apparel and clothing accessories, not knitted or crocheted","6204'","Women's or girls' suits, ensembles, jackets, blazers, dresses, skirts, divided skirts, trousers, bib","620421'"," -- Of wool or fine animal hair","8","1","R","0","0","","","","0","0","0","0","0","0"
"3259","","HS 2007","Harmonized System 2007","Gabon","266'","2019","1","62042200'","  "," -- De coton","62'","Articles of apparel and clothing accessories, not knitted or crocheted","6204'","Women's or girls' suits, ensembles, jackets, blazers, dresses, skirts, divided skirts, trousers, bib","620422'"," -- Of cotton","8","1","R","0","0","","","","0","0","0","0","0","0"
"3260","","HS 2007","Harmonized System 2007","Gabon","266'","2019","1","62042300'","  "," -- De fibres synth?tiques","62'","Articles of apparel and clothing accessories, not knitted or crocheted","6204'","Women's or girls' suits, ensembles, jackets, blazers, dresses, skirts, divided skirts, trousers, bib","620423'"," -- Of synthetic fibres","8","1","R","0","0","","","","0","0","0","0","0","0"
"3261","","HS 2007","Harmonized System 2007","Gabon","266'","2019","1","62042900'","  "," -- D'autres mati?res textiles","62'","Articles of apparel and clothing accessories, not knitted or crocheted","6204'","Women's or girls' suits, ensembles, jackets, blazers, dresses, skirts, divided skirts, trousers, bib","620429'"," -- Of other textile materials","8","1","R","0","0","","","","0","0","0","0","0","0"
"3262","","HS 2007","Harmonized System 2007","Gabon","266'","2019","1","62043100'","  "," -- De laine ou de poils fins","62'","Articles of apparel and clothing accessories, not knitted or crocheted","6204'","Women's or girls' suits, ensembles, jackets, blazers, dresses, skirts, divided skirts, trousers, bib","620431'"," -- Of wool or fine animal hair","8","1","R","0","0","","","","0","0","0","0","0","0"
"3263","","HS 2007","Harmonized System 2007","Gabon","266'","2019","1","62043200'","  "," -- De coton","62'","Articles of apparel and clothing accessories, not knitted or crocheted","6204'","Women's or girls' suits, ensembles, jackets, blazers, dresses, skirts, divided skirts, trousers, bib","620432'"," -- Of cotton","8","1","R","0","0","","","","0","0","0","0","0","0"
"3264","","HS 2007","Harmonized System 2007","Gabon","266'","2019","1","62043300'","  "," -- De fibres synth?tiques","62'","Articles of apparel and clothing accessories, not knitted or crocheted","6204'","Women's or girls' suits, ensembles, jackets, blazers, dresses, skirts, divided skirts, trousers, bib","620433'"," -- Of synthetic fibres","8","1","R","0","0","","","","0","0","0","0","0","0"
"3265","","HS 2007","Harmonized System 2007","Gabon","266'","2019","1","62043900'","  "," -- D'autres mati?res textiles","62'","Articles of apparel and clothing accessories, not knitted or crocheted","6204'","Women's or girls' suits, ensembles, jackets, blazers, dresses, skirts, divided skirts, trousers, bib","620439'"," -- Of other textile materials","8","1","R","0","0","","","","0","0","0","0","0","0"
"3266","","HS 2007","Harmonized System 2007","Gabon","266'","2019","1","62044100'","  "," -- De laine ou de poils fins","62'","Articles of apparel and clothing accessories, not knitted or crocheted","6204'","Women's or girls' suits, ensembles, jackets, blazers, dresses, skirts, divided skirts, trousers, bib","620441'"," -- Of wool or fine animal hair","8","1","R","0","0","","","","0","0","0","0","0","0"
"3267","","HS 2007","Harmonized System 2007","Gabon","266'","2019","1","62044200'","  "," -- De coton","62'","Articles of apparel and clothing accessories, not knitted or crocheted","6204'","Women's or girls' suits, ensembles, jackets, blazers, dresses, skirts, divided skirts, trousers, bib","620442'"," -- Of cotton","8","1","R","0","0","","","","0","0","0","0","0","0"
"3268","","HS 2007","Harmonized System 2007","Gabon","266'","2019","1","62044300'","  "," -- De fibres synth?tiques","62'","Articles of apparel and clothing accessories, not knitted or crocheted","6204'","Women's or girls' suits, ensembles, jackets, blazers, dresses, skirts, divided skirts, trousers, bib","620443'"," -- Of synthetic fibres","8","1","R","0","0","","","","0","0","0","0","0","0"
"3269","","HS 2007","Harmonized System 2007","Gabon","266'","2019","1","62044400'","  "," -- De fibres artificielles","62'","Articles of apparel and clothing accessories, not knitted or crocheted","6204'","Women's or girls' suits, ensembles, jackets, blazers, dresses, skirts, divided skirts, trousers, bib","620444'"," -- Of artificial fibres","8","1","R","0","0","","","","0","0","0","0","0","0"
"3270","","HS 2007","Harmonized System 2007","Gabon","266'","2019","1","62044900'","  "," -- D'autres mati?res textiles","62'","Articles of apparel and clothing accessories, not knitted or crocheted","6204'","Women's or girls' suits, ensembles, jackets, blazers, dresses, skirts, divided skirts, trousers, bib","620449'"," -- Of other textile materials","8","1","R","0","0","","","","0","0","0","0","0","0"
"3271","","HS 2007","Harmonized System 2007","Gabon","266'","2019","1","62045100'","  "," -- De laine ou de poils fins","62'","Articles of apparel and clothing accessories, not knitted or crocheted","6204'","Women's or girls' suits, ensembles, jackets, blazers, dresses, skirts, divided skirts, trousers, bib","620451'"," -- Of wool or fine animal hair","8","1","R","0","0","","","","0","0","0","0","0","0"
"3272","","HS 2007","Harmonized System 2007","Gabon","266'","2019","1","62045200'","  "," -- De coton","62'","Articles of apparel and clothing accessories, not knitted or crocheted","6204'","Women's or girls' suits, ensembles, jackets, blazers, dresses, skirts, divided skirts, trousers, bib","620452'"," -- Of cotton","8","1","R","0","0","","","","0","0","0","0","0","0"
"3273","","HS 2007","Harmonized System 2007","Gabon","266'","2019","1","62045300'","  "," -- De fibres synth?tiques","62'","Articles of apparel and clothing accessories, not knitted or crocheted","6204'","Women's or girls' suits, ensembles, jackets, blazers, dresses, skirts, divided skirts, trousers, bib","620453'"," -- Of synthetic fibres","8","1","R","0","0","","","","0","0","0","0","0","0"
"3274","","HS 2007","Harmonized System 2007","Gabon","266'","2019","1","62045900'","  "," -- D'autres mati?res textiles","62'","Articles of apparel and clothing accessories, not knitted or crocheted","6204'","Women's or girls' suits, ensembles, jackets, blazers, dresses, skirts, divided skirts, trousers, bib","620459'"," -- Of other textile materials","8","1","R","0","0","","","","0","0","0","0","0","0"
"3275","","HS 2007","Harmonized System 2007","Gabon","266'","2019","1","62046100'","  "," -- De laine ou de poils fins","62'","Articles of apparel and clothing accessories, not knitted or crocheted","6204'","Women's or girls' suits, ensembles, jackets, blazers, dresses, skirts, divided skirts, trousers, bib","620461'"," -- Of wool or fine animal hair","8","1","R","0","0","","","","0","0","0","0","0","0"
"3276","","HS 2007","Harmonized System 2007","Gabon","266'","2019","1","62046200'","  "," -- De coton","62'","Articles of apparel and clothing accessories, not knitted or crocheted","6204'","Women's or girls' suits, ensembles, jackets, blazers, dresses, skirts, divided skirts, trousers, bib","620462'"," -- Of cotton","8","1","R","0","0","","","","0","0","0","0","0","0"
"3277","","HS 2007","Harmonized System 2007","Gabon","266'","2019","1","62046300'","  "," -- De fibres synth?tiques","62'","Articles of apparel and clothing accessories, not knitted or crocheted","6204'","Women's or girls' suits, ensembles, jackets, blazers, dresses, skirts, divided skirts, trousers, bib","620463'"," -- Of synthetic fibres","8","1","R","0","0","","","","0","0","0","0","0","0"
"3278","","HS 2007","Harmonized System 2007","Gabon","266'","2019","1","62046900'","  "," -- D'autres mati?res textiles","62'","Articles of apparel and clothing accessories, not knitted or crocheted","6204'","Women's or girls' suits, ensembles, jackets, blazers, dresses, skirts, divided skirts, trousers, bib","620469'"," -- Of other textile materials","8","1","R","0","0","","","","0","0","0","0","0","0"
"3279","","HS 2007","Harmonized System 2007","Gabon","266'","2019","1","62052000'","  "," - De coton","62'","Articles of apparel and clothing accessories, not knitted or crocheted","6205'","Men's or boys' shirts.","620520'"," - Of cotton","8","1","R","0","0","","","","0","0","0","0","0","0"
"3280","","HS 2007","Harmonized System 2007","Gabon","266'","2019","1","62053000'","  "," - De fibres synth?tiques ou artificielles","62'","Articles of apparel and clothing accessories, not knitted or crocheted","6205'","Men's or boys' shirts.","620530'"," - Of man-made fibres","8","1","R","0","0","","","","0","0","0","0","0","0"
"3281","","HS 2007","Harmonized System 2007","Gabon","266'","2019","1","62059000'","  "," - D'autres mati?res textiles","62'","Articles of apparel and clothing accessories, not knitted or crocheted","6205'","Men's or boys' shirts.","620590'"," - Of other textile materials","8","1","R","0","0","","","","0","0","0","0","0","0"
"3282","","HS 2007","Harmonized System 2007","Gabon","266'","2019","1","62061000'","  "," - De soie ou de d?chets de soie","62'","Articles of apparel and clothing accessories, not knitted or crocheted","6206'","Women's or girls' blouses, shirts and shirt-blouses.","620610'"," - Of silk or silk waste","8","1","R","0","0","","","","0","0","0","0","0","0"
"3283","","HS 2007","Harmonized System 2007","Gabon","266'","2019","1","62062000'","  "," - De laine ou de poils fins","62'","Articles of apparel and clothing accessories, not knitted or crocheted","6206'","Women's or girls' blouses, shirts and shirt-blouses.","620620'"," - Of wool or fine animal hair","8","1","R","0","0","","","","0","0","0","0","0","0"
"3284","","HS 2007","Harmonized System 2007","Gabon","266'","2019","1","62063000'","  "," - De coton","62'","Articles of apparel and clothing accessories, not knitted or crocheted","6206'","Women's or girls' blouses, shirts and shirt-blouses.","620630'"," - Of cotton","8","1","R","0","0","","","","0","0","0","0","0","0"
"3285","","HS 2007","Harmonized System 2007","Gabon","266'","2019","1","62064000'","  "," - De fibres synth?tiques ou artificielles","62'","Articles of apparel and clothing accessories, not knitted or crocheted","6206'","Women's or girls' blouses, shirts and shirt-blouses.","620640'"," - Of man-made fibres","8","1","R","0","0","","","","0","0","0","0","0","0"
"3286","","HS 2007","Harmonized System 2007","Gabon","266'","2019","1","62069000'","  "," - D'autres mati?res textiles","62'","Articles of apparel and clothing accessories, not knitted or crocheted","6206'","Women's or girls' blouses, shirts and shirt-blouses.","620690'"," - Of other textile materials","8","1","R","0","0","","","","0","0","0","0","0","0"
"3287","","HS 2007","Harmonized System 2007","Gabon","266'","2019","1","62071100'","  "," -- De coton","62'","Articles of apparel and clothing accessories, not knitted or crocheted","6207'","Men's or boys' singlets and other vests, underpants, briefs, nightshirts, pyjamas, bathrobes, dressi","620711'"," -- Of cotton","8","1","R","0","0","","","","0","0","0","0","0","0"
"3288","","HS 2007","Harmonized System 2007","Gabon","266'","2019","1","62071900'","  "," -- D'autres mati?res textiles","62'","Articles of apparel and clothing accessories, not knitted or crocheted","6207'","Men's or boys' singlets and other vests, underpants, briefs, nightshirts, pyjamas, bathrobes, dressi","620719'"," -- Of other textile materials","8","1","R","0","0","","","","0","0","0","0","0","0"
"3289","","HS 2007","Harmonized System 2007","Gabon","266'","2019","1","62072100'","  "," -- De coton","62'","Articles of apparel and clothing accessories, not knitted or crocheted","6207'","Men's or boys' singlets and other vests, underpants, briefs, nightshirts, pyjamas, bathrobes, dressi","620721'"," -- Of cotton","8","1","R","0","0","","","","0","0","0","0","0","0"
"3290","","HS 2007","Harmonized System 2007","Gabon","266'","2019","1","62072200'","  "," -- De fibres synth?tiques ou artificielles","62'","Articles of apparel and clothing accessories, not knitted or crocheted","6207'","Men's or boys' singlets and other vests, underpants, briefs, nightshirts, pyjamas, bathrobes, dressi","620722'"," -- Of man-made fibres","8","1","R","0","0","","","","0","0","0","0","0","0"
"3291","","HS 2007","Harmonized System 2007","Gabon","266'","2019","1","62072900'","  "," -- D'autres mati?res textiles","62'","Articles of apparel and clothing accessories, not knitted or crocheted","6207'","Men's or boys' singlets and other vests, underpants, briefs, nightshirts, pyjamas, bathrobes, dressi","620729'"," -- Of other textile materials","8","1","R","0","0","","","","0","0","0","0","0","0"
"3292","","HS 2007","Harmonized System 2007","Gabon","266'","2019","1","62079100'","  "," -- De coton","62'","Articles of apparel and clothing accessories, not knitted or crocheted","6207'","Men's or boys' singlets and other vests, underpants, briefs, nightshirts, pyjamas, bathrobes, dressi","620791'"," -- Of cotton","8","1","R","0","0","","","","0","0","0","0","0","0"
"3293","","HS 2007","Harmonized System 2007","Gabon","266'","2019","1","62079900'","  "," -- D'autres mati?res textiles","62'","Articles of apparel and clothing accessories, not knitted or crocheted","6207'","Men's or boys' singlets and other vests, underpants, briefs, nightshirts, pyjamas, bathrobes, dressi","620799'"," -- Of other textile materials","8","1","R","0","0","","","","0","0","0","0","0","0"
"3294","","HS 2007","Harmonized System 2007","Gabon","266'","2019","1","62081100'","  "," -- De fibres synth?tiques ou artificielles","62'","Articles of apparel and clothing accessories, not knitted or crocheted","6208'","Women's or girls' singlets and other vests, slips, petticoats, briefs, panties, nightdresses, pyjama","620811'"," -- Of man-made fibres","8","1","R","0","0","","","","0","0","0","0","0","0"
"3295","","HS 2007","Harmonized System 2007","Gabon","266'","2019","1","62081900'","  "," -- D'autres mati?res textiles","62'","Articles of apparel and clothing accessories, not knitted or crocheted","6208'","Women's or girls' singlets and other vests, slips, petticoats, briefs, panties, nightdresses, pyjama","620819'"," -- Of other textile materials","8","1","R","0","0","","","","0","0","0","0","0","0"
"3296","","HS 2007","Harmonized System 2007","Gabon","266'","2019","1","62082100'","  "," -- De coton","62'","Articles of apparel and clothing accessories, not knitted or crocheted","6208'","Women's or girls' singlets and other vests, slips, petticoats, briefs, panties, nightdresses, pyjama","620821'"," -- Of cotton","8","1","R","0","0","","","","0","0","0","0","0","0"
"3297","","HS 2007","Harmonized System 2007","Gabon","266'","2019","1","62082200'","  "," -- De fibres synth?tiques ou artificielles","62'","Articles of apparel and clothing accessories, not knitted or crocheted","6208'","Women's or girls' singlets and other vests, slips, petticoats, briefs, panties, nightdresses, pyjama","620822'"," -- Of man-made fibres","8","1","R","0","0","","","","0","0","0","0","0","0"
"3298","","HS 2007","Harmonized System 2007","Gabon","266'","2019","1","62082900'","  "," -- D'autres mati?res textiles","62'","Articles of apparel and clothing accessories, not knitted or crocheted","6208'","Women's or girls' singlets and other vests, slips, petticoats, briefs, panties, nightdresses, pyjama","620829'"," -- Of other textile materials","8","1","R","0","0","","","","0","0","0","0","0","0"
"3299","","HS 2007","Harmonized System 2007","Gabon","266'","2019","1","62089100'","  "," -- De coton","62'","Articles of apparel and clothing accessories, not knitted or crocheted","6208'","Women's or girls' singlets and other vests, slips, petticoats, briefs, panties, nightdresses, pyjama","620891'"," -- Of cotton","8","1","R","0","0","","","","0","0","0","0","0","0"
"3300","","HS 2007","Harmonized System 2007","Gabon","266'","2019","1","62089200'","  "," -- De fibres synth?tiques ou artificielles","62'","Articles of apparel and clothing accessories, not knitted or crocheted","6208'","Women's or girls' singlets and other vests, slips, petticoats, briefs, panties, nightdresses, pyjama","620892'"," -- Of man-made fibres","8","1","R","0","0","","","","0","0","0","0","0","0"
"3301","","HS 2007","Harmonized System 2007","Gabon","266'","2019","1","62089900'","  "," -- D'autres mati?res textiles","62'","Articles of apparel and clothing accessories, not knitted or crocheted","6208'","Women's or girls' singlets and other vests, slips, petticoats, briefs, panties, nightdresses, pyjama","620899'"," -- Of other textile materials","8","1","R","0","0","","","","0","0","0","0","0","0"
"3302","","HS 2007","Harmonized System 2007","Gabon","266'","2019","1","62092000'","  "," - De coton","62'","Articles of apparel and clothing accessories, not knitted or crocheted","6209'","Babies' garments and clothing accessories.","620920'"," - Of cotton","8","1","R","0","0","","","","0","0","0","0","0","0"
"3303","","HS 2007","Harmonized System 2007","Gabon","266'","2019","1","62093000'","  "," - De fibres synth?tiques","62'","Articles of apparel and clothing accessories, not knitted or crocheted","6209'","Babies' garments and clothing accessories.","620930'"," - Of synthetic fibres","8","1","R","0","0","","","","0","0","0","0","0","0"
"3304","","HS 2007","Harmonized System 2007","Gabon","266'","2019","1","62099000'","  "," - D'autres mati?res textiles","62'","Articles of apparel and clothing accessories, not knitted or crocheted","6209'","Babies' garments and clothing accessories.","620990'"," - Of other textile materials","8","1","R","0","0","","","","0","0","0","0","0","0"
"3305","","HS 2007","Harmonized System 2007","Gabon","266'","2019","1","62101000'","  "," - En produits des n?s 56.02 ou 56.03","62'","Articles of apparel and clothing accessories, not knitted or crocheted","6210'","Garments, made up of fabrics of heading 56.02, 56.03, 59.03, 59.06 or 59.07.","621010'"," - Of fabrics of heading 56.02 or 56.03","8","1","R","0","0","","","","0","0","0","0","0","0"
"3306","","HS 2007","Harmonized System 2007","Gabon","266'","2019","1","62102000'","  "," - Autres v?tements, des types vis?s dans les n?s 6201.11 ? 6201.19","62'","Articles of apparel and clothing accessories, not knitted or crocheted","6210'","Garments, made up of fabrics of heading 56.02, 56.03, 59.03, 59.06 or 59.07.","621020'"," - Other garments, of the type described in subheadings 6201.11 to 6201.19","8","1","R","0","0","","","","0","0","0","0","0","0"
"3307","","HS 2007","Harmonized System 2007","Gabon","266'","2019","1","62103000'","  "," - Autres v?tements, des types vis?s dans les n?s 6202.11 ? 6202.19","62'","Articles of apparel and clothing accessories, not knitted or crocheted","6210'","Garments, made up of fabrics of heading 56.02, 56.03, 59.03, 59.06 or 59.07.","621030'"," - Other garments, of the type described in subheadings 6202.11 to 6202.19","8","1","R","0","0","","","","0","0","0","0","0","0"
"3308","","HS 2007","Harmonized System 2007","Gabon","266'","2019","1","62104000'","  "," - Autres v?tements pour hommes ou gar?onnets","62'","Articles of apparel and clothing accessories, not knitted or crocheted","6210'","Garments, made up of fabrics of heading 56.02, 56.03, 59.03, 59.06 or 59.07.","621040'"," - Other men's or boys' garments","8","1","R","0","0","","","","0","0","0","0","0","0"
"3309","","HS 2007","Harmonized System 2007","Gabon","266'","2019","1","62105000'","  "," - Autres v?tements pour femmes ou fillettes","62'","Articles of apparel and clothing accessories, not knitted or crocheted","6210'","Garments, made up of fabrics of heading 56.02, 56.03, 59.03, 59.06 or 59.07.","621050'"," - Other women's or girls' garments","8","1","R","0","0","","","","0","0","0","0","0","0"
"3310","","HS 2007","Harmonized System 2007","Gabon","266'","2019","1","62111100'","  "," -- Pour hommes ou gar?onnets","62'","Articles of apparel and clothing accessories, not knitted or crocheted","6211'","Track suits, ski suits and swimwear; other garments.","621111'"," -- Men's or boys'","8","1","R","0","0","","","","0","0","0","0","0","0"
"3311","","HS 2007","Harmonized System 2007","Gabon","266'","2019","1","62111200'","  "," -- Pour femmes ou fillettes","62'","Articles of apparel and clothing accessories, not knitted or crocheted","6211'","Track suits, ski suits and swimwear; other garments.","621112'"," -- Women's or girls'","8","1","R","0","0","","","","0","0","0","0","0","0"
"3312","","HS 2007","Harmonized System 2007","Gabon","266'","2019","1","62112000'","  "," - Combinaisons et ensembles de ski","62'","Articles of apparel and clothing accessories, not knitted or crocheted","6211'","Track suits, ski suits and swimwear; other garments.","621120'"," - Ski suits","8","1","R","0","0","","","","0","0","0","0","0","0"
"3313","","HS 2007","Harmonized System 2007","Gabon","266'","2019","1","62113200'","  "," -- De coton","62'","Articles of apparel and clothing accessories, not knitted or crocheted","6211'","Track suits, ski suits and swimwear; other garments.","621132'"," -- Of cotton","8","1","R","0","0","","","","0","0","0","0","0","0"
"3314","","HS 2007","Harmonized System 2007","Gabon","266'","2019","1","62113300'","  "," -- De fibres synth?tiques ou artificielles","62'","Articles of apparel and clothing accessories, not knitted or crocheted","6211'","Track suits, ski suits and swimwear; other garments.","621133'"," -- Of man-made fibres","8","1","R","0","0","","","","0","0","0","0","0","0"
"3315","","HS 2007","Harmonized System 2007","Gabon","266'","2019","1","62113900'","  "," -- D'autres mati?res textiles","62'","Articles of apparel and clothing accessories, not knitted or crocheted","6211'","Track suits, ski suits and swimwear; other garments.","621139'"," -- Of other textile materials","8","1","R","0","0","","","","0","0","0","0","0","0"
"3316","","HS 2007","Harmonized System 2007","Gabon","266'","2019","1","62114100'","  "," -- De laine ou de poils fins","62'","Articles of apparel and clothing accessories, not knitted or crocheted","6211'","Track suits, ski suits and swimwear; other garments.","621141'"," -- Of wool or fine animal hair","8","1","R","0","0","","","","0","0","0","0","0","0"
"3317","","HS 2007","Harmonized System 2007","Gabon","266'","2019","1","62114200'","  "," -- De coton","62'","Articles of apparel and clothing accessories, not knitted or crocheted","6211'","Track suits, ski suits and swimwear; other garments.","621142'"," -- Of cotton","8","1","R","0","0","","","","0","0","0","0","0","0"
"3318","","HS 2007","Harmonized System 2007","Gabon","266'","2019","1","62114300'","  "," -- De fibres synth?tiques ou artificielles","62'","Articles of apparel and clothing accessories, not knitted or crocheted","6211'","Track suits, ski suits and swimwear; other garments.","621143'"," -- Of man-made fibres","8","1","R","0","0","","","","0","0","0","0","0","0"
"3319","","HS 2007","Harmonized System 2007","Gabon","266'","2019","1","62114900'","  "," -- D'autres mati?res textiles","62'","Articles of apparel and clothing accessories, not knitted or crocheted","6211'","Track suits, ski suits and swimwear; other garments.","621149'"," -- Of other textile materials","8","1","R","0","0","","","","0","0","0","0","0","0"
"3320","","HS 2007","Harmonized System 2007","Gabon","266'","2019","1","62121000'","  "," - Soutiens-gorge et bustiers","62'","Articles of apparel and clothing accessories, not knitted or crocheted","6212'","Brassi?res, girdles, corsets, braces, suspenders, garters and similar articles and parts thereof, wh","621210'"," - Brassi?res","8","1","R","0","0","","","","0","0","0","0","0","0"
"3321","","HS 2007","Harmonized System 2007","Gabon","266'","2019","1","62122000'","  "," - Gaines et gaines-culottes","62'","Articles of apparel and clothing accessories, not knitted or crocheted","6212'","Brassi?res, girdles, corsets, braces, suspenders, garters and similar articles and parts thereof, wh","621220'"," - Girdles and panty-girdles","8","1","R","0","0","","","","0","0","0","0","0","0"
"3322","","HS 2007","Harmonized System 2007","Gabon","266'","2019","1","62123000'","  "," - Combin?s","62'","Articles of apparel and clothing accessories, not knitted or crocheted","6212'","Brassi?res, girdles, corsets, braces, suspenders, garters and similar articles and parts thereof, wh","621230'"," - Corselettes","8","1","R","0","0","","","","0","0","0","0","0","0"
"3323","","HS 2007","Harmonized System 2007","Gabon","266'","2019","1","62129000'","  "," - Autres","62'","Articles of apparel and clothing accessories, not knitted or crocheted","6212'","Brassi?res, girdles, corsets, braces, suspenders, garters and similar articles and parts thereof, wh","621290'"," - Other","8","1","R","0","0","","","","0","0","0","0","0","0"
"3324","","HS 2007","Harmonized System 2007","Gabon","266'","2019","1","62132000'","  "," - De coton","62'","Articles of apparel and clothing accessories, not knitted or crocheted","6213'","Handkerchiefs.","621320'"," - Of cotton","8","1","R","0","0","","","","0","0","0","0","0","0"
"3325","","HS 2007","Harmonized System 2007","Gabon","266'","2019","1","62139000'","  "," - D'autres mati?res textiles","62'","Articles of apparel and clothing accessories, not knitted or crocheted","6213'","Handkerchiefs.","621390'"," - Of other textile materials","8","1","R","0","0","","","","0","0","0","0","0","0"
"3326","","HS 2007","Harmonized System 2007","Gabon","266'","2019","1","62141000'","  "," - De soie ou de d?chets de soie","62'","Articles of apparel and clothing accessories, not knitted or crocheted","6214'","Shawls, scarves, mufflers, mantillas, veils and the like.","621410'"," - Of silk or silk waste","8","1","R","0","0","","","","0","0","0","0","0","0"
"3327","","HS 2007","Harmonized System 2007","Gabon","266'","2019","1","62142000'","  "," - De laine ou de poils fins","62'","Articles of apparel and clothing accessories, not knitted or crocheted","6214'","Shawls, scarves, mufflers, mantillas, veils and the like.","621420'"," - Of wool or fine animal hair","8","1","R","0","0","","","","0","0","0","0","0","0"
"3328","","HS 2007","Harmonized System 2007","Gabon","266'","2019","1","62143000'","  "," - De fibres synth?tiques","62'","Articles of apparel and clothing accessories, not knitted or crocheted","6214'","Shawls, scarves, mufflers, mantillas, veils and the like.","621430'"," - Of synthetic fibres","8","1","R","0","0","","","","0","0","0","0","0","0"
"3329","","HS 2007","Harmonized System 2007","Gabon","266'","2019","1","62144000'","  "," - De fibres artificielles","62'","Articles of apparel and clothing accessories, not knitted or crocheted","6214'","Shawls, scarves, mufflers, mantillas, veils and the like.","621440'"," - Of artificial fibres","8","1","R","0","0","","","","0","0","0","0","0","0"
"3330","","HS 2007","Harmonized System 2007","Gabon","266'","2019","1","62149000'","  "," - D'autres mati?res textiles","62'","Articles of apparel and clothing accessories, not knitted or crocheted","6214'","Shawls, scarves, mufflers, mantillas, veils and the like.","621490'"," - Of other textile materials","8","1","R","0","0","","","","0","0","0","0","0","0"
"3331","","HS 2007","Harmonized System 2007","Gabon","266'","2019","1","62151000'","  "," - De soie ou de d?chets de soie","62'","Articles of apparel and clothing accessories, not knitted or crocheted","6215'","Ties, bow ties and cravats.","621510'"," - Of silk or silk waste","8","1","R","0","0","","","","0","0","0","0","0","0"
"3332","","HS 2007","Harmonized System 2007","Gabon","266'","2019","1","62152000'","  "," - De fibres synth?tiques ou artificielles","62'","Articles of apparel and clothing accessories, not knitted or crocheted","6215'","Ties, bow ties and cravats.","621520'"," - Of man-made fibres","8","1","R","0","0","","","","0","0","0","0","0","0"
"3333","","HS 2007","Harmonized System 2007","Gabon","266'","2019","1","62159000'","  "," - D'autres mati?res textiles","62'","Articles of apparel and clothing accessories, not knitted or crocheted","6215'","Ties, bow ties and cravats.","621590'"," - Of other textile materials","8","1","R","0","0","","","","0","0","0","0","0","0"
"3334","","HS 2007","Harmonized System 2007","Gabon","266'","2019","1","62160000'","  "," Gants, mitaines et moufles.","62'","Articles of apparel and clothing accessories, not knitted or crocheted","6216'","Gloves, mittens and mitts.","621600'"," Gloves, mittens and mitts.","8","1","R","0","0","","","","0","0","0","0","0","0"
"3335","","HS 2007","Harmonized System 2007","Gabon","266'","2019","1","62171000'","  "," - Accessoires","62'","Articles of apparel and clothing accessories, not knitted or crocheted","6217'","Other made up clothing accessories; parts of garments or of clothing accessories, other than those o","621710'"," - Accessories","8","1","R","0","0","","","","0","0","0","0","0","0"
"3336","","HS 2007","Harmonized System 2007","Gabon","266'","2019","1","62179000'","  "," - Parties","62'","Articles of apparel and clothing accessories, not knitted or crocheted","6217'","Other made up clothing accessories; parts of garments or of clothing accessories, other than those o","621790'"," - Parts","8","1","R","0","0","","","","0","0","0","0","0","0"
"3337","","HS 2007","Harmonized System 2007","Gabon","266'","2019","1","63011000'","  "," - Couvertures chauffantes ?lectriques","63'","Other made up textile articles; sets; worn clothing and worn textile articles; rags","6301'","Blankets and travelling rugs.","630110'"," - Electric blankets","8","1","R","0","0","","","","0","0","0","0","0","0"
"3338","","HS 2007","Harmonized System 2007","Gabon","266'","2019","1","63012000'","  "," - Couvertures (autres que les couvertures chauffantes ?lectriques) de laine ou de poils fins","63'","Other made up textile articles; sets; worn clothing and worn textile articles; rags","6301'","Blankets and travelling rugs.","630120'"," - Blankets (other than electric blankets) and travelling rugs, of wool or of fine animal hair","8","1","R","0","0","","","","0","0","0","0","0","0"
"3339","","HS 2007","Harmonized System 2007","Gabon","266'","2019","1","63013000'","  "," - Couvertures (autres que les couvertures chauffantes ?lectriques) de coton","63'","Other made up textile articles; sets; worn clothing and worn textile articles; rags","6301'","Blankets and travelling rugs.","630130'"," - Blankets (other than electric blankets) and travelling rugs, of cotton","8","1","R","0","0","","","","0","0","0","0","0","0"
"3340","","HS 2007","Harmonized System 2007","Gabon","266'","2019","1","63014000'","  "," - Couvertures (autres que les couvertures chauffantes ?lectriques) de fibres synth?tiques","63'","Other made up textile articles; sets; worn clothing and worn textile articles; rags","6301'","Blankets and travelling rugs.","630140'"," - Blankets (other than electric blankets) and travelling rugs, of synthetic fibres","8","1","R","0","0","","","","0","0","0","0","0","0"
"3341","","HS 2007","Harmonized System 2007","Gabon","266'","2019","1","63019000'","  "," - Autres couvertures","63'","Other made up textile articles; sets; worn clothing and worn textile articles; rags","6301'","Blankets and travelling rugs.","630190'"," - Other blankets and travelling rugs","8","1","R","0","0","","","","0","0","0","0","0","0"
"3342","","HS 2007","Harmonized System 2007","Gabon","266'","2019","1","63021000'","  "," - Linge de lit en bonneterie","63'","Other made up textile articles; sets; worn clothing and worn textile articles; rags","6302'","Bed linen, table linen, toilet linen and kitchen linen.","630210'"," - Bed linen, knitted or crocheted","8","1","R","0","0","","","","0","0","0","0","0","0"
"3343","","HS 2007","Harmonized System 2007","Gabon","266'","2019","1","63022100'","  "," -- De coton","63'","Other made up textile articles; sets; worn clothing and worn textile articles; rags","6302'","Bed linen, table linen, toilet linen and kitchen linen.","630221'"," -- Of cotton","8","1","R","0","0","","","","0","0","0","0","0","0"
"3344","","HS 2007","Harmonized System 2007","Gabon","266'","2019","1","63022200'","  "," -- De fibres synth?tiques ou artificielles","63'","Other made up textile articles; sets; worn clothing and worn textile articles; rags","6302'","Bed linen, table linen, toilet linen and kitchen linen.","630222'"," -- Of man-made fibres","8","1","R","0","0","","","","0","0","0","0","0","0"
"3345","","HS 2007","Harmonized System 2007","Gabon","266'","2019","1","63022900'","  "," -- D'autres mati?res textiles","63'","Other made up textile articles; sets; worn clothing and worn textile articles; rags","6302'","Bed linen, table linen, toilet linen and kitchen linen.","630229'"," -- Of other textile materials","8","1","R","0","0","","","","0","0","0","0","0","0"
"3346","","HS 2007","Harmonized System 2007","Gabon","266'","2019","1","63023100'","  "," -- De coton","63'","Other made up textile articles; sets; worn clothing and worn textile articles; rags","6302'","Bed linen, table linen, toilet linen and kitchen linen.","630231'"," -- Of cotton","8","1","R","0","0","","","","0","0","0","0","0","0"
"3347","","HS 2007","Harmonized System 2007","Gabon","266'","2019","1","63023200'","  "," -- De fibres synth?tiques ou artificielles","63'","Other made up textile articles; sets; worn clothing and worn textile articles; rags","6302'","Bed linen, table linen, toilet linen and kitchen linen.","630232'"," -- Of man-made fibres","8","1","R","0","0","","","","0","0","0","0","0","0"
"3348","","HS 2007","Harmonized System 2007","Gabon","266'","2019","1","63023900'","  "," -- D'autres mati?res textiles","63'","Other made up textile articles; sets; worn clothing and worn textile articles; rags","6302'","Bed linen, table linen, toilet linen and kitchen linen.","630239'"," -- Of other textile materials","8","1","R","0","0","","","","0","0","0","0","0","0"
"3349","","HS 2007","Harmonized System 2007","Gabon","266'","2019","1","63024000'","  "," - Linge de table en bonneterie","63'","Other made up textile articles; sets; worn clothing and worn textile articles; rags","6302'","Bed linen, table linen, toilet linen and kitchen linen.","630240'"," - Table linen, knitted or crocheted","8","1","R","0","0","","","","0","0","0","0","0","0"
"3350","","HS 2007","Harmonized System 2007","Gabon","266'","2019","1","63025100'","  "," -- De coton","63'","Other made up textile articles; sets; worn clothing and worn textile articles; rags","6302'","Bed linen, table linen, toilet linen and kitchen linen.","630251'"," -- Of cotton","8","1","R","0","0","","","","0","0","0","0","0","0"
"3351","","HS 2007","Harmonized System 2007","Gabon","266'","2019","1","63025300'","  "," -- De fibres synth?tiques ou artificielles","63'","Other made up textile articles; sets; worn clothing and worn textile articles; rags","6302'","Bed linen, table linen, toilet linen and kitchen linen.","630253'"," -- Of man-made fibres","8","1","R","0","0","","","","0","0","0","0","0","0"
"3352","","HS 2007","Harmonized System 2007","Gabon","266'","2019","1","63025900'","  "," -- D'autres mati?res textiles","63'","Other made up textile articles; sets; worn clothing and worn textile articles; rags","6302'","Bed linen, table linen, toilet linen and kitchen linen.","630259'"," -- Of other textile materials","8","1","R","0","0","","","","0","0","0","0","0","0"
"3353","","HS 2007","Harmonized System 2007","Gabon","266'","2019","1","63026000'","  "," - Linge de toilette ou de cuisine, boucl? du genre ?ponge, de coton","63'","Other made up textile articles; sets; worn clothing and worn textile articles; rags","6302'","Bed linen, table linen, toilet linen and kitchen linen.","630260'"," - Toilet linen and kitchen linen, of terry towelling or similar terry fabrics, of cotton","8","1","R","0","0","","","","0","0","0","0","0","0"
"3354","","HS 2007","Harmonized System 2007","Gabon","266'","2019","1","63029100'","  "," -- De coton","63'","Other made up textile articles; sets; worn clothing and worn textile articles; rags","6302'","Bed linen, table linen, toilet linen and kitchen linen.","630291'"," -- Of cotton","8","1","R","0","0","","","","0","0","0","0","0","0"
"3355","","HS 2007","Harmonized System 2007","Gabon","266'","2019","1","63029300'","  "," -- De fibres synth?tiques ou artificielles","63'","Other made up textile articles; sets; worn clothing and worn textile articles; rags","6302'","Bed linen, table linen, toilet linen and kitchen linen.","630293'"," -- Of man-made fibres","8","1","R","0","0","","","","0","0","0","0","0","0"
"3356","","HS 2007","Harmonized System 2007","Gabon","266'","2019","1","63029900'","  "," -- D'autres mati?res textiles","63'","Other made up textile articles; sets; worn clothing and worn textile articles; rags","6302'","Bed linen, table linen, toilet linen and kitchen linen.","630299'"," -- Of other textile materials","8","1","R","0","0","","","","0","0","0","0","0","0"
"3357","","HS 2007","Harmonized System 2007","Gabon","266'","2019","1","63031200'","  "," -- De fibres synth?tiques","63'","Other made up textile articles; sets; worn clothing and worn textile articles; rags","6303'","Curtains (including drapes) and interior blinds; curtain or bed valances.","630312'"," -- Of synthetic fibres","8","1","R","0","0","","","","0","0","0","0","0","0"
"3358","","HS 2007","Harmonized System 2007","Gabon","266'","2019","1","63031900'","  "," -- D'autres mati?res textiles","63'","Other made up textile articles; sets; worn clothing and worn textile articles; rags","6303'","Curtains (including drapes) and interior blinds; curtain or bed valances.","630319'"," -- Of other textile materials","8","1","R","0","0","","","","0","0","0","0","0","0"
"3359","","HS 2007","Harmonized System 2007","Gabon","266'","2019","1","63039100'","  "," -- De coton","63'","Other made up textile articles; sets; worn clothing and worn textile articles; rags","6303'","Curtains (including drapes) and interior blinds; curtain or bed valances.","630391'"," -- Of cotton","8","1","R","0","0","","","","0","0","0","0","0","0"
"3360","","HS 2007","Harmonized System 2007","Gabon","266'","2019","1","63039200'","  "," -- De fibres synth?tiques","63'","Other made up textile articles; sets; worn clothing and worn textile articles; rags","6303'","Curtains (including drapes) and interior blinds; curtain or bed valances.","630392'"," -- Of synthetic fibres","8","1","R","0","0","","","","0","0","0","0","0","0"
"3361","","HS 2007","Harmonized System 2007","Gabon","266'","2019","1","63039900'","  "," -- D'autres mati?res textiles","63'","Other made up textile articles; sets; worn clothing and worn textile articles; rags","6303'","Curtains (including drapes) and interior blinds; curtain or bed valances.","630399'"," -- Of other textile materials","8","1","R","0","0","","","","0","0","0","0","0","0"
"3362","","HS 2007","Harmonized System 2007","Gabon","266'","2019","1","63041100'","  "," -- En bonneterie","63'","Other made up textile articles; sets; worn clothing and worn textile articles; rags","6304'","Other furnishing articles, excluding those of heading?94.04.","630411'"," -- Knitted or crocheted","8","1","R","0","0","","","","0","0","0","0","0","0"
"3363","","HS 2007","Harmonized System 2007","Gabon","266'","2019","1","63041900'","  "," -- Autres","63'","Other made up textile articles; sets; worn clothing and worn textile articles; rags","6304'","Other furnishing articles, excluding those of heading?94.04.","630419'"," -- Other","8","1","R","0","0","","","","0","0","0","0","0","0"
"3364","","HS 2007","Harmonized System 2007","Gabon","266'","2019","1","63049100'","  "," -- En bonneterie","63'","Other made up textile articles; sets; worn clothing and worn textile articles; rags","6304'","Other furnishing articles, excluding those of heading?94.04.","630491'"," -- Knitted or crocheted","8","1","R","0","0","","","","0","0","0","0","0","0"
"3365","","HS 2007","Harmonized System 2007","Gabon","266'","2019","1","63049200'","  "," -- Autres qu'en bonneterie, de coton","63'","Other made up textile articles; sets; worn clothing and worn textile articles; rags","6304'","Other furnishing articles, excluding those of heading?94.04.","630492'"," -- Not knitted or crocheted, of cotton","8","1","R","0","0","","","","0","0","0","0","0","0"
"3366","","HS 2007","Harmonized System 2007","Gabon","266'","2019","1","63049300'","  "," -- Autres qu'en bonneterie, de fibres synth?tiques","63'","Other made up textile articles; sets; worn clothing and worn textile articles; rags","6304'","Other furnishing articles, excluding those of heading?94.04.","630493'"," -- Not knitted or crocheted, of synthetic fibres","8","1","R","0","0","","","","0","0","0","0","0","0"
"3367","","HS 2007","Harmonized System 2007","Gabon","266'","2019","1","63049900'","  "," -- Autres qu'en bonneterie, d'autres mati?res textiles","63'","Other made up textile articles; sets; worn clothing and worn textile articles; rags","6304'","Other furnishing articles, excluding those of heading?94.04.","630499'"," -- Not knitted or crocheted, of other textile materials","8","1","R","0","0","","","","0","0","0","0","0","0"
"3368","","HS 2007","Harmonized System 2007","Gabon","266'","2019","1","63051000'","  "," - De jute ou d'autres fibres textiles lib?riennes du n??53.03","63'","Other made up textile articles; sets; worn clothing and worn textile articles; rags","6305'","Sacks and bags, of a kind used for the packing of goods.","630510'"," - Of jute or of other textile bast fibres of heading?53.03","8","1","R","0","0","","","","0","0","0","0","0","0"
"3369","","HS 2007","Harmonized System 2007","Gabon","266'","2019","1","63052000'","  "," - De coton","63'","Other made up textile articles; sets; worn clothing and worn textile articles; rags","6305'","Sacks and bags, of a kind used for the packing of goods.","630520'"," - Of cotton","8","1","R","0","0","","","","0","0","0","0","0","0"
"3370","","HS 2007","Harmonized System 2007","Gabon","266'","2019","1","63053200'","  "," -- Contenants souples pour mati?res en vrac","63'","Other made up textile articles; sets; worn clothing and worn textile articles; rags","6305'","Sacks and bags, of a kind used for the packing of goods.","630532'"," -- Flexible intermediate bulk containers","8","1","R","0","0","","","","0","0","0","0","0","0"
"3371","","HS 2007","Harmonized System 2007","Gabon","266'","2019","1","63053300'","  "," -- Autres, obtenues ? partir de lames ou formes similaires de poly?thyl?ne ou de polypropyl?ne","63'","Other made up textile articles; sets; worn clothing and worn textile articles; rags","6305'","Sacks and bags, of a kind used for the packing of goods.","630533'"," -- Other, of polyethylene or polypropylene strip or the like","8","1","R","0","0","","","","0","0","0","0","0","0"
"3372","","HS 2007","Harmonized System 2007","Gabon","266'","2019","1","63053900'","  "," -- Autres","63'","Other made up textile articles; sets; worn clothing and worn textile articles; rags","6305'","Sacks and bags, of a kind used for the packing of goods.","630539'"," -- Other","8","1","R","0","0","","","","0","0","0","0","0","0"
"3373","","HS 2007","Harmonized System 2007","Gabon","266'","2019","1","63059000'","  "," - D'autres mati?res textiles","63'","Other made up textile articles; sets; worn clothing and worn textile articles; rags","6305'","Sacks and bags, of a kind used for the packing of goods.","630590'"," - Of other textile materials","8","1","R","0","0","","","","0","0","0","0","0","0"
"3374","","HS 2007","Harmonized System 2007","Gabon","266'","2019","1","63061200'","  "," -- De fibres synth?tiques","63'","Other made up textile articles; sets; worn clothing and worn textile articles; rags","6306'","Tarpaulins, awnings and sunblinds; tents; sails for boats, sailboards or landcraft; camping goods.","630612'"," -- Of synthetic fibres","8","1","R","0","0","","","","0","0","0","0","0","0"
"3375","","HS 2007","Harmonized System 2007","Gabon","266'","2019","1","63061900'","  "," -- D'autres mati?res textiles","63'","Other made up textile articles; sets; worn clothing and worn textile articles; rags","6306'","Tarpaulins, awnings and sunblinds; tents; sails for boats, sailboards or landcraft; camping goods.","630619'"," -- Of other textile materials","8","1","R","0","0","","","","0","0","0","0","0","0"
"3376","","HS 2007","Harmonized System 2007","Gabon","266'","2019","1","63062200'","  "," -- De fibres synth?tiques","63'","Other made up textile articles; sets; worn clothing and worn textile articles; rags","6306'","Tarpaulins, awnings and sunblinds; tents; sails for boats, sailboards or landcraft; camping goods.","630622'"," -- Of synthetic fibres","8","1","R","0","0","","","","0","0","0","0","0","0"
"3377","","HS 2007","Harmonized System 2007","Gabon","266'","2019","1","63062900'","  "," -- D'autres mati?res textiles","63'","Other made up textile articles; sets; worn clothing and worn textile articles; rags","6306'","Tarpaulins, awnings and sunblinds; tents; sails for boats, sailboards or landcraft; camping goods.","630629'"," -- Of other textile materials","8","1","R","0","0","","","","0","0","0","0","0","0"
"3378","","HS 2007","Harmonized System 2007","Gabon","266'","2019","1","63063000'","  "," - Voiles","63'","Other made up textile articles; sets; worn clothing and worn textile articles; rags","6306'","Tarpaulins, awnings and sunblinds; tents; sails for boats, sailboards or landcraft; camping goods.","630630'"," - Sails","8","1","R","0","0","","","","0","0","0","0","0","0"
"3379","","HS 2007","Harmonized System 2007","Gabon","266'","2019","1","63064000'","  "," - Matelas pneumatiques","63'","Other made up textile articles; sets; worn clothing and worn textile articles; rags","6306'","Tarpaulins, awnings and sunblinds; tents; sails for boats, sailboards or landcraft; camping goods.","630640'"," - Pneumatic mattresses","8","1","R","0","0","","","","0","0","0","0","0","0"
"3380","","HS 2007","Harmonized System 2007","Gabon","266'","2019","1","63069100'","  "," -- De coton","63'","Other made up textile articles; sets; worn clothing and worn textile articles; rags","6306'","Tarpaulins, awnings and sunblinds; tents; sails for boats, sailboards or landcraft; camping goods.","630691'"," -- Of cotton","8","1","R","0","0","","","","0","0","0","0","0","0"
"3381","","HS 2007","Harmonized System 2007","Gabon","266'","2019","1","63069900'","  "," -- D'autres mati?res textiles","63'","Other made up textile articles; sets; worn clothing and worn textile articles; rags","6306'","Tarpaulins, awnings and sunblinds; tents; sails for boats, sailboards or landcraft; camping goods.","630699'"," -- Of other textile materials","8","1","R","0","0","","","","0","0","0","0","0","0"
"3382","","HS 2007","Harmonized System 2007","Gabon","266'","2019","1","63071000'","  "," - Serpilli?res ou wassingues, lavettes, chamoisettes et articles d'entretien similaires","63'","Other made up textile articles; sets; worn clothing and worn textile articles; rags","6307'","Other made up articles, including dress patterns.","630710'"," - Floor-cloths, dish-cloths, dusters and similar cleaning cloths","8","1","R","0","0","","","","0","0","0","0","0","0"
"3383","","HS 2007","Harmonized System 2007","Gabon","266'","2019","1","63072000'","  "," - Ceintures et gilets de sauvetage","63'","Other made up textile articles; sets; worn clothing and worn textile articles; rags","6307'","Other made up articles, including dress patterns.","630720'"," - Life-jackets and life-belts","8","1","R","0","0","","","","0","0","0","0","0","0"
"3384","","HS 2007","Harmonized System 2007","Gabon","266'","2019","1","63079000'","  "," - Autres","63'","Other made up textile articles; sets; worn clothing and worn textile articles; rags","6307'","Other made up articles, including dress patterns.","630790'"," - Other","8","1","R","0","0","","","","0","0","0","0","0","0"
"3385","","HS 2007","Harmonized System 2007","Gabon","266'","2019","1","63080000'","  "," Assortiments compos?s de pi?ces de tissus et de fils, m?me avec accessoires, pour la confection de tapis, de tapisseries, de nappes de table ou de serviettes brod?es, ou d'articles textiles similaires, en emballages pour la vente au d?tail.","63'","Other made up textile articles; sets; worn clothing and worn textile articles; rags","6308'","Sets consisting of woven fabric and yarn, whether or not with accessories, for making up into rugs, ","630800'"," Sets consisting of woven fabric and yarn, whether or not with accessories, for making up into rugs, ","8","1","R","0","0","","","","0","0","0","0","0","0"
"3386","","HS 2007","Harmonized System 2007","Gabon","266'","2019","1","63090000'","  "," Articles de friperie.","63'","Other made up textile articles; sets; worn clothing and worn textile articles; rags","6309'","Worn clothing and other worn articles.","630900'"," Worn clothing and other worn articles.","8","1","R","0","0","","","","0","0","0","0","0","0"
"3387","","HS 2007","Harmonized System 2007","Gabon","266'","2019","1","63101000'","  "," - Tri?s","63'","Other made up textile articles; sets; worn clothing and worn textile articles; rags","6310'","Used or new rags, scrap twine, cordage, rope and cables and worn out articles of twine, cordage, rop","631010'"," - Sorted","8","1","R","0","0","","","","0","0","0","0","0","0"
"3388","","HS 2007","Harmonized System 2007","Gabon","266'","2019","1","63109000'","  "," - Autres","63'","Other made up textile articles; sets; worn clothing and worn textile articles; rags","6310'","Used or new rags, scrap twine, cordage, rope and cables and worn out articles of twine, cordage, rop","631090'"," - Other","8","1","R","0","0","","","","0","0","0","0","0","0"
"3389","","HS 2007","Harmonized System 2007","Gabon","266'","2019","1","64011000'","  "," - Chaussures comportant, ? l'avant, une coquille de protection en m?tal","64'","Footwear, gaiters and the like; parts of such articles","6401'","Waterproof footwear with outer soles and uppers of rubber or of plastics, the uppers of which are ne","640110'"," - Footwear incorporating a protective metal toe-cap","8","1","R","0","0","","","","0","0","0","0","0","0"
"3390","","HS 2007","Harmonized System 2007","Gabon","266'","2019","1","64019200'","  "," -- Couvrant la cheville mais ne couvrant pas le genou","64'","Footwear, gaiters and the like; parts of such articles","6401'","Waterproof footwear with outer soles and uppers of rubber or of plastics, the uppers of which are ne","640192'"," -- Covering the ankle but not covering the knee","8","1","R","0","0","","","","0","0","0","0","0","0"
"3391","","HS 2007","Harmonized System 2007","Gabon","266'","2019","1","64019900'","  "," -- Autres","64'","Footwear, gaiters and the like; parts of such articles","6401'","Waterproof footwear with outer soles and uppers of rubber or of plastics, the uppers of which are ne","640199'"," -- Other","8","1","R","0","0","","","","0","0","0","0","0","0"
"3392","","HS 2007","Harmonized System 2007","Gabon","266'","2019","1","64021200'","  "," -- Chaussures de ski et chaussures pour le surf des neiges","64'","Footwear, gaiters and the like; parts of such articles","6402'","Other footwear with outer soles and uppers of rubber or plastics.","640212'"," -- Ski-boots, cross-country ski footwear and snowboard boots","8","1","R","0","0","","","","0","0","0","0","0","0"
"3393","","HS 2007","Harmonized System 2007","Gabon","266'","2019","1","64021900'","  "," -- Autres","64'","Footwear, gaiters and the like; parts of such articles","6402'","Other footwear with outer soles and uppers of rubber or plastics.","640219'"," -- Other","8","1","R","0","0","","","","0","0","0","0","0","0"
"3394","","HS 2007","Harmonized System 2007","Gabon","266'","2019","1","64022000'","  "," - Chaussures avec dessus en lani?res ou brides fix?es ? la semelle par des t?tons","64'","Footwear, gaiters and the like; parts of such articles","6402'","Other footwear with outer soles and uppers of rubber or plastics.","640220'"," - Footwear with upper straps or thongs assembled to the sole by means of plugs","8","1","R","0","0","","","","0","0","0","0","0","0"
"3395","","HS 2007","Harmonized System 2007","Gabon","266'","2019","1","64029100'","  "," -- Couvrant la cheville","64'","Footwear, gaiters and the like; parts of such articles","6402'","Other footwear with outer soles and uppers of rubber or plastics.","640291'"," -- Covering the ankle","8","1","R","0","0","","","","0","0","0","0","0","0"
"3396","","HS 2007","Harmonized System 2007","Gabon","266'","2019","1","64029900'","  "," -- Autres","64'","Footwear, gaiters and the like; parts of such articles","6402'","Other footwear with outer soles and uppers of rubber or plastics.","640299'"," -- Other","8","1","R","0","0","","","","0","0","0","0","0","0"
"3397","","HS 2007","Harmonized System 2007","Gabon","266'","2019","1","64031200'","  "," -- Chaussures de ski et chaussures pour le surf des neiges","64'","Footwear, gaiters and the like; parts of such articles","6403'","Footwear with outer soles of rubber, plastics, leather or composition leather and uppers of leather.","640312'"," -- Ski-boots, cross-country ski footwear and snowboard boots","8","1","R","0","0","","","","0","0","0","0","0","0"
"3398","","HS 2007","Harmonized System 2007","Gabon","266'","2019","1","64031900'","  "," -- Autres","64'","Footwear, gaiters and the like; parts of such articles","6403'","Footwear with outer soles of rubber, plastics, leather or composition leather and uppers of leather.","640319'"," -- Other","8","1","R","0","0","","","","0","0","0","0","0","0"
"3399","","HS 2007","Harmonized System 2007","Gabon","266'","2019","1","64032000'","  "," - Chaussures ? semelles ext?rieures en cuir naturel et dessus constitu?s par des lani?res en cuir naturel passant sur le cou-de-pied et entourant le gros orteil","64'","Footwear, gaiters and the like; parts of such articles","6403'","Footwear with outer soles of rubber, plastics, leather or composition leather and uppers of leather.","640320'"," - Footwear with outer soles of leather, and uppers which consist of leather straps across the instep","8","1","R","0","0","","","","0","0","0","0","0","0"
"3400","","HS 2007","Harmonized System 2007","Gabon","266'","2019","1","64034000'","  "," - Autres chaussures, comportant, ? l'avant, une coquille de protection en m?tal","64'","Footwear, gaiters and the like; parts of such articles","6403'","Footwear with outer soles of rubber, plastics, leather or composition leather and uppers of leather.","640340'"," - Other footwear, incorporating a protective metal toe-cap","8","1","R","0","0","","","","0","0","0","0","0","0"
"3401","","HS 2007","Harmonized System 2007","Gabon","266'","2019","1","64035100'","  "," -- Couvrant la cheville","64'","Footwear, gaiters and the like; parts of such articles","6403'","Footwear with outer soles of rubber, plastics, leather or composition leather and uppers of leather.","640351'"," -- Covering the ankle","8","1","R","0","0","","","","0","0","0","0","0","0"
"3402","","HS 2007","Harmonized System 2007","Gabon","266'","2019","1","64035900'","  "," -- Autres","64'","Footwear, gaiters and the like; parts of such articles","6403'","Footwear with outer soles of rubber, plastics, leather or composition leather and uppers of leather.","640359'"," -- Other","8","1","R","0","0","","","","0","0","0","0","0","0"
"3403","","HS 2007","Harmonized System 2007","Gabon","266'","2019","1","64039100'","  "," -- Couvrant la cheville","64'","Footwear, gaiters and the like; parts of such articles","6403'","Footwear with outer soles of rubber, plastics, leather or composition leather and uppers of leather.","640391'"," -- Covering the ankle","8","1","R","0","0","","","","0","0","0","0","0","0"
"3404","","HS 2007","Harmonized System 2007","Gabon","266'","2019","1","64039900'","  "," -- Autres","64'","Footwear, gaiters and the like; parts of such articles","6403'","Footwear with outer soles of rubber, plastics, leather or composition leather and uppers of leather.","640399'"," -- Other","8","1","R","0","0","","","","0","0","0","0","0","0"
"3405","","HS 2007","Harmonized System 2007","Gabon","266'","2019","1","64041100'","  "," -- Chaussures de sport; chaussures dites de tennis, de basket-ball, de gymnastique, d'entra?nement et chaussures similaires","64'","Footwear, gaiters and the like; parts of such articles","6404'","Footwear with outer soles of rubber, plastics, leather or composition leather and uppers of textile ","640411'"," -- Sports footwear; tennis shoes, basketball shoes, gym shoes, training shoes and the like","8","1","R","0","0","","","","0","0","0","0","0","0"
"3406","","HS 2007","Harmonized System 2007","Gabon","266'","2019","1","64041900'","  "," -- Autres","64'","Footwear, gaiters and the like; parts of such articles","6404'","Footwear with outer soles of rubber, plastics, leather or composition leather and uppers of textile ","640419'"," -- Other","8","1","R","0","0","","","","0","0","0","0","0","0"
"3407","","HS 2007","Harmonized System 2007","Gabon","266'","2019","1","64042000'","  "," - Chaussures ? semelles ext?rieures en cuir naturel ou reconstitu?","64'","Footwear, gaiters and the like; parts of such articles","6404'","Footwear with outer soles of rubber, plastics, leather or composition leather and uppers of textile ","640420'"," - Footwear with outer soles of leather or composition leather","8","1","R","0","0","","","","0","0","0","0","0","0"
"3408","","HS 2007","Harmonized System 2007","Gabon","266'","2019","1","64051000'","  "," - A dessus en cuir naturel ou reconstitu?","64'","Footwear, gaiters and the like; parts of such articles","6405'","Other footwear.","640510'"," - With uppers of leather or composition leather","8","1","R","0","0","","","","0","0","0","0","0","0"
"3409","","HS 2007","Harmonized System 2007","Gabon","266'","2019","1","64052000'","  "," - A dessus en mati?res textiles","64'","Footwear, gaiters and the like; parts of such articles","6405'","Other footwear.","640520'"," - With uppers of textile materials","8","1","R","0","0","","","","0","0","0","0","0","0"
"3410","","HS 2007","Harmonized System 2007","Gabon","266'","2019","1","64059000'","  "," - Autres","64'","Footwear, gaiters and the like; parts of such articles","6405'","Other footwear.","640590'"," - Other","8","1","R","0","0","","","","0","0","0","0","0","0"
"3411","","HS 2007","Harmonized System 2007","Gabon","266'","2019","1","64061000'","  "," - Dessus de chaussures et leurs parties, ? l'exclusion des contreforts et bouts durs","64'","Footwear, gaiters and the like; parts of such articles","6406'","Parts of footwear (including uppers whether or not attached to soles other than outer soles); remova","640610'"," - Uppers and parts thereof, other than stiffeners","8","1","R","0","0","","","","0","0","0","0","0","0"
"3412","","HS 2007","Harmonized System 2007","Gabon","266'","2019","1","64062000'","  "," - Semelles ext?rieures et talons, en caoutchouc ou en mati?re plastique","64'","Footwear, gaiters and the like; parts of such articles","6406'","Parts of footwear (including uppers whether or not attached to soles other than outer soles); remova","640620'"," - Outer soles and heels, of rubber or plastics","8","1","R","0","0","","","","0","0","0","0","0","0"
"3413","","HS 2007","Harmonized System 2007","Gabon","266'","2019","1","64069100'","  "," -- En bois","64'","Footwear, gaiters and the like; parts of such articles","6406'","Parts of footwear (including uppers whether or not attached to soles other than outer soles); remova","640691'"," -- Of wood","8","1","R","0","0","","","","0","0","0","0","0","0"
"3414","","HS 2007","Harmonized System 2007","Gabon","266'","2019","1","64069900'","  "," -- En autres mati?res","64'","Footwear, gaiters and the like; parts of such articles","6406'","Parts of footwear (including uppers whether or not attached to soles other than outer soles); remova","640699'"," -- Of other materials","8","1","R","0","0","","","","0","0","0","0","0","0"
"3415","","HS 2007","Harmonized System 2007","Gabon","266'","2019","1","65010000'","  "," Cloches non dress?es (mises en forme) ni tournur?es (mises en tournure), plateaux (disques), manchons (cylindres) m?me fendus dans le sens de la hauteur, en feutre, pour chapeaux.","65'","Headgear and parts thereof","6501'","Hat-forms, hat bodies and hoods of felt, neither blocked to shape nor with made brims; plateaux and ","650100'"," Hat-forms, hat bodies and hoods of felt, neither blocked to shape nor with made brims; plateaux and ","8","1","R","0","0","","","","0","0","0","0","0","0"
"3416","","HS 2007","Harmonized System 2007","Gabon","266'","2019","1","65020000'","  "," Cloches ou formes pour chapeaux, tress?es ou fabriqu?es par l'assemblage de bandes en toutes mati?res, non dress?es (mises en forme) ni tournur?es (mises en tournure) ni garnies.","65'","Headgear and parts thereof","6502'","Hat-shapes, plaited or made by assembling strips of any material, neither blocked to shape, nor with","650200'"," Hat-shapes, plaited or made by assembling strips of any material, neither blocked to shape, nor with","8","1","R","0","0","","","","0","0","0","0","0","0"
"3417","","HS 2007","Harmonized System 2007","Gabon","266'","2019","1","65040000'","  "," Chapeaux et autres coiffures, tress?s ou fabriqu?s par l'assemblage de bandes en toutes mati?res, m?me garnis.","65'","Headgear and parts thereof","6504'","Hats and other headgear, plaited or made by assembling strips of any material, whether or not lined ","650400'"," Hats and other headgear, plaited or made by assembling strips of any material, whether or not lined ","8","1","R","0","0","","","","0","0","0","0","0","0"
"3418","","HS 2007","Harmonized System 2007","Gabon","266'","2019","1","65051000'","  "," - R?silles et filets ? cheveux","65'","Headgear and parts thereof","6505'","Hats and other headgear, knitted or crocheted, or made up from lace, felt or other textile fabric, i","650510'"," - Hair-nets","8","1","R","0","0","","","","0","0","0","0","0","0"
"3419","","HS 2007","Harmonized System 2007","Gabon","266'","2019","1","65059000'","  "," - Autres","65'","Headgear and parts thereof","6505'","Hats and other headgear, knitted or crocheted, or made up from lace, felt or other textile fabric, i","650590'"," - Other","8","1","R","0","0","","","","0","0","0","0","0","0"
"3420","","HS 2007","Harmonized System 2007","Gabon","266'","2019","1","65061000'","  "," - Coiffures de s?curit?","65'","Headgear and parts thereof","6506'","Other headgear, whether or not lined or trimmed.","650610'"," - Safety headgear","8","1","R","0","0","","","","0","0","0","0","0","0"
"3421","","HS 2007","Harmonized System 2007","Gabon","266'","2019","1","65069100'","  "," -- En caoutchouc ou en mati?re plastique","65'","Headgear and parts thereof","6506'","Other headgear, whether or not lined or trimmed.","650691'"," -- Of rubber or of plastics","8","1","R","0","0","","","","0","0","0","0","0","0"
"3422","","HS 2007","Harmonized System 2007","Gabon","266'","2019","1","65069900'","  "," -- En autres mati?res","65'","Headgear and parts thereof","6506'","Other headgear, whether or not lined or trimmed.","650699'"," -- Of other materials","8","1","R","0","0","","","","0","0","0","0","0","0"
"3423","","HS 2007","Harmonized System 2007","Gabon","266'","2019","1","65070000'","  "," Bandes pour garniture int?rieure, coiffes, couvre-coiffures, carcasses, visi?res et jugulaires pour la chapellerie.","65'","Headgear and parts thereof","6507'","Head-bands, linings, covers, hat foundations, hat frames, peaks and chinstraps, for headgear.","650700'"," Head-bands, linings, covers, hat foundations, hat frames, peaks and chinstraps, for headgear.","8","1","R","0","0","","","","0","0","0","0","0","0"
"3424","","HS 2007","Harmonized System 2007","Gabon","266'","2019","1","66011000'","  "," - Parasols de jardin et articles similaires","66'","Umbrellas, sun umbrellas, walking- sticks, seat- sticks, whips, riding- crops and parts thereof","6601'","Umbrellas and sun umbrellas (including walking-stick umbrellas, garden umbrellas and similar umbrell","660110'"," - Garden or similar umbrellas","8","1","R","0","0","","","","0","0","0","0","0","0"
"3425","","HS 2007","Harmonized System 2007","Gabon","266'","2019","1","66019100'","  "," -- A m?t ou manche t?lescopique","66'","Umbrellas, sun umbrellas, walking- sticks, seat- sticks, whips, riding- crops and parts thereof","6601'","Umbrellas and sun umbrellas (including walking-stick umbrellas, garden umbrellas and similar umbrell","660191'"," -- Having a telescopic shaft","8","1","R","0","0","","","","0","0","0","0","0","0"
"3426","","HS 2007","Harmonized System 2007","Gabon","266'","2019","1","66019900'","  "," -- Autres","66'","Umbrellas, sun umbrellas, walking- sticks, seat- sticks, whips, riding- crops and parts thereof","6601'","Umbrellas and sun umbrellas (including walking-stick umbrellas, garden umbrellas and similar umbrell","660199'"," -- Other","8","1","R","0","0","","","","0","0","0","0","0","0"
"3427","","HS 2007","Harmonized System 2007","Gabon","266'","2019","1","66020000'","  "," Cannes, cannes-si?ges, fouets, cravaches et articles similaires.","66'","Umbrellas, sun umbrellas, walking- sticks, seat- sticks, whips, riding- crops and parts thereof","6602'","Walking-sticks, seat-sticks, whips, riding-crops and the like.","660200'"," Walking-sticks, seat-sticks, whips, riding-crops and the like.","8","1","R","0","0","","","","0","0","0","0","0","0"
"3428","","HS 2007","Harmonized System 2007","Gabon","266'","2019","1","66032000'","  "," - Montures assembl?es, m?me avec m?ts ou manches, pour parapluies, ombrelles ou parasols","66'","Umbrellas, sun umbrellas, walking- sticks, seat- sticks, whips, riding- crops and parts thereof","6603'","Parts, trimmings and accessories of articles of heading 66.01 or 66.02.","660320'"," - Umbrella frames, including frames mounted on shafts (sticks)","8","1","R","0","0","","","","0","0","0","0","0","0"
"3429","","HS 2007","Harmonized System 2007","Gabon","266'","2019","1","66039000'","  "," - Autres","66'","Umbrellas, sun umbrellas, walking- sticks, seat- sticks, whips, riding- crops and parts thereof","6603'","Parts, trimmings and accessories of articles of heading 66.01 or 66.02.","660390'"," - Other","8","1","R","0","0","","","","0","0","0","0","0","0"
"3430","","HS 2007","Harmonized System 2007","Gabon","266'","2019","1","67010000'","  "," Peaux et autres parties d'oiseaux rev?tues de leurs plumes ou de leur duvet, plumes, parties de plumes, duvet et articles en ces mati?res, autres que les produits du n? 05.05 et les tuyaux et tiges de plumes, travaill?s.","67'","Prepared feathers and down and articles made of feathers or of down; artificial flowers; articles of","6701'","Skins and other parts of birds with their feathers or down, feathers, parts of feathers, down and ar","670100'"," Skins and other parts of birds with their feathers or down, feathers, parts of feathers, down and ar","8","1","R","0","0","","","","0","0","0","0","0","0"
"3431","","HS 2007","Harmonized System 2007","Gabon","266'","2019","1","67021000'","  "," - En mati?res plastiques","67'","Prepared feathers and down and articles made of feathers or of down; artificial flowers; articles of","6702'","Artificial flowers, foliage and fruit and parts thereof; articles made of artificial flowers, foliag","670210'"," - Of plastics","8","1","R","0","0","","","","0","0","0","0","0","0"
"3432","","HS 2007","Harmonized System 2007","Gabon","266'","2019","1","67029000'","  "," - En autres mati?res","67'","Prepared feathers and down and articles made of feathers or of down; artificial flowers; articles of","6702'","Artificial flowers, foliage and fruit and parts thereof; articles made of artificial flowers, foliag","670290'"," - Of other materials","8","1","R","0","0","","","","0","0","0","0","0","0"
"3433","","HS 2007","Harmonized System 2007","Gabon","266'","2019","1","67030000'","  "," Cheveux remis, amincis, blanchis ou autrement pr?par?s; laine, poils et autres mati?res textiles, pr?par?s pour la fabrication de perruques ou d'articles similaires.","67'","Prepared feathers and down and articles made of feathers or of down; artificial flowers; articles of","6703'","Human hair, dressed, thinned, bleached or otherwise worked; wool or other animal hair or other texti","670300'"," Human hair, dressed, thinned, bleached or otherwise worked; wool or other animal hair or other texti","8","1","R","0","0","","","","0","0","0","0","0","0"
"3434","","HS 2007","Harmonized System 2007","Gabon","266'","2019","1","67041100'","  "," -- Perruques compl?tes","67'","Prepared feathers and down and articles made of feathers or of down; artificial flowers; articles of","6704'","Wigs, false beards, eyebrows and eyelashes, switches and the like, of human or animal hair or of tex","670411'"," -- Complete wigs","8","1","R","0","0","","","","0","0","0","0","0","0"
"3435","","HS 2007","Harmonized System 2007","Gabon","266'","2019","1","67041900'","  "," -- Autres","67'","Prepared feathers and down and articles made of feathers or of down; artificial flowers; articles of","6704'","Wigs, false beards, eyebrows and eyelashes, switches and the like, of human or animal hair or of tex","670419'"," -- Other","8","1","R","0","0","","","","0","0","0","0","0","0"
"3436","","HS 2007","Harmonized System 2007","Gabon","266'","2019","1","67042000'","  "," - En cheveux","67'","Prepared feathers and down and articles made of feathers or of down; artificial flowers; articles of","6704'","Wigs, false beards, eyebrows and eyelashes, switches and the like, of human or animal hair or of tex","670420'"," - Of human hair","8","1","R","0","0","","","","0","0","0","0","0","0"
"3437","","HS 2007","Harmonized System 2007","Gabon","266'","2019","1","67049000'","  "," - En autres mati?res","67'","Prepared feathers and down and articles made of feathers or of down; artificial flowers; articles of","6704'","Wigs, false beards, eyebrows and eyelashes, switches and the like, of human or animal hair or of tex","670490'"," - Of other materials","8","1","R","0","0","","","","0","0","0","0","0","0"
"3438","","HS 2007","Harmonized System 2007","Gabon","266'","2019","1","68010000'","  "," Pav?s, bordures de trottoirs et dalles de pavage, en pierres naturelles (autres que l'ardoise).","68'","Articles of stone, plaster, cement, asbestos, mica or similar materials","6801'","Setts, curbstones and flagstones, of natural stone (except slate).","680100'"," Setts, curbstones and flagstones, of natural stone (except slate).","8","1","R","0","0","","","","0","0","0","0","0","0"
"3439","","HS 2007","Harmonized System 2007","Gabon","266'","2019","1","68021000'","  "," - Carreaux, cubes, d?s et articles similaires, m?me de forme autre que carr?e ou rectangulaire, dont la plus grande surface peut ?tre inscrite dans un carr? dont le c?t? est inf?rieur ? 7 cm; granul?s, ?clats et poudres, color?s artificiellement","68'","Articles of stone, plaster, cement, asbestos, mica or similar materials","6802'","Worked monumental or building stone (except slate) and articles thereof, other than goods of heading","680210'"," - Tiles, cubes and similar articles, whether or not rectangular (including square), the largest surf","8","1","R","0","0","","","","0","0","0","0","0","0"
"3440","","HS 2007","Harmonized System 2007","Gabon","266'","2019","1","68022100'","  "," -- Marbre, travertin et alb?tre","68'","Articles of stone, plaster, cement, asbestos, mica or similar materials","6802'","Worked monumental or building stone (except slate) and articles thereof, other than goods of heading","680221'"," -- Marble, travertine and alabaster","8","1","R","0","0","","","","0","0","0","0","0","0"
"3441","","HS 2007","Harmonized System 2007","Gabon","266'","2019","1","68022300'","  "," -- Granit","68'","Articles of stone, plaster, cement, asbestos, mica or similar materials","6802'","Worked monumental or building stone (except slate) and articles thereof, other than goods of heading","680223'"," -- Granite","8","1","R","0","0","","","","0","0","0","0","0","0"
"3442","","HS 2007","Harmonized System 2007","Gabon","266'","2019","1","68022900'","  "," -- Autres pierres","68'","Articles of stone, plaster, cement, asbestos, mica or similar materials","6802'","Worked monumental or building stone (except slate) and articles thereof, other than goods of heading","680229'"," -- Other stone","8","1","R","0","0","","","","0","0","0","0","0","0"
"3443","","HS 2007","Harmonized System 2007","Gabon","266'","2019","1","68029100'","  "," -- Marbre, travertin et alb?tre","68'","Articles of stone, plaster, cement, asbestos, mica or similar materials","6802'","Worked monumental or building stone (except slate) and articles thereof, other than goods of heading","680291'"," -- Marble, travertine and alabaster","8","1","R","0","0","","","","0","0","0","0","0","0"
"3444","","HS 2007","Harmonized System 2007","Gabon","266'","2019","1","68029200'","  "," -- Autres pierres calcaires","68'","Articles of stone, plaster, cement, asbestos, mica or similar materials","6802'","Worked monumental or building stone (except slate) and articles thereof, other than goods of heading","680292'"," -- Other calcareous stone","8","1","R","0","0","","","","0","0","0","0","0","0"
"3445","","HS 2007","Harmonized System 2007","Gabon","266'","2019","1","68029300'","  "," -- Granit","68'","Articles of stone, plaster, cement, asbestos, mica or similar materials","6802'","Worked monumental or building stone (except slate) and articles thereof, other than goods of heading","680293'"," -- Granite","8","1","R","0","0","","","","0","0","0","0","0","0"
"3446","","HS 2007","Harmonized System 2007","Gabon","266'","2019","1","68029900'","  "," -- Autres pierres","68'","Articles of stone, plaster, cement, asbestos, mica or similar materials","6802'","Worked monumental or building stone (except slate) and articles thereof, other than goods of heading","680299'"," -- Other stone","8","1","R","0","0","","","","0","0","0","0","0","0"
"3447","","HS 2007","Harmonized System 2007","Gabon","266'","2019","1","68030000'","  "," Ardoise naturelle travaill?e et ouvrages en ardoise naturelle ou agglom?r?e (ardoisine).","68'","Articles of stone, plaster, cement, asbestos, mica or similar materials","6803'","Worked slate and articles of slate or of agglomerated slate.","680300'"," Worked slate and articles of slate or of agglomerated slate.","8","1","R","0","0","","","","0","0","0","0","0","0"
"3448","","HS 2007","Harmonized System 2007","Gabon","266'","2019","1","68041000'","  "," - Meules ? moudre ou ? d?fibrer","68'","Articles of stone, plaster, cement, asbestos, mica or similar materials","6804'","Millstones, grindstones, grinding wheels and the like, without frameworks, for grinding, sharpening,","680410'"," - Millstones and grindstones for milling, grinding or pulping","8","1","R","0","0","","","","0","0","0","0","0","0"
"3449","","HS 2007","Harmonized System 2007","Gabon","266'","2019","1","68042100'","  "," -- En diamant naturel ou synth?tique, agglom?r?","68'","Articles of stone, plaster, cement, asbestos, mica or similar materials","6804'","Millstones, grindstones, grinding wheels and the like, without frameworks, for grinding, sharpening,","680421'"," -- Of agglomerated synthetic or natural diamond","8","1","R","0","0","","","","0","0","0","0","0","0"
"3450","","HS 2007","Harmonized System 2007","Gabon","266'","2019","1","68042200'","  "," -- En autres abrasifs agglom?r?s ou en c?ramique","68'","Articles of stone, plaster, cement, asbestos, mica or similar materials","6804'","Millstones, grindstones, grinding wheels and the like, without frameworks, for grinding, sharpening,","680422'"," -- Of other agglomerated abrasives or of ceramics","8","1","R","0","0","","","","0","0","0","0","0","0"
"3451","","HS 2007","Harmonized System 2007","Gabon","266'","2019","1","68042300'","  "," -- En pierres naturelles","68'","Articles of stone, plaster, cement, asbestos, mica or similar materials","6804'","Millstones, grindstones, grinding wheels and the like, without frameworks, for grinding, sharpening,","680423'"," -- Of natural stone","8","1","R","0","0","","","","0","0","0","0","0","0"
"3452","","HS 2007","Harmonized System 2007","Gabon","266'","2019","1","68043000'","  "," - Pierres ? aiguiser ou ? polir ? la main","68'","Articles of stone, plaster, cement, asbestos, mica or similar materials","6804'","Millstones, grindstones, grinding wheels and the like, without frameworks, for grinding, sharpening,","680430'"," - Hand sharpening or polishing stones","8","1","R","0","0","","","","0","0","0","0","0","0"
"3453","","HS 2007","Harmonized System 2007","Gabon","266'","2019","1","68051000'","  "," - Appliqu?s sur tissus en mati?res textiles seulement","68'","Articles of stone, plaster, cement, asbestos, mica or similar materials","6805'","Natural or artificial abrasive powder or grain, on a base of textile material, of paper, of paperboa","680510'"," - On a base of woven textile fabric only","8","1","R","0","0","","","","0","0","0","0","0","0"
"3454","","HS 2007","Harmonized System 2007","Gabon","266'","2019","1","68052000'","  "," - Appliqu?s sur papier ou carton seulement","68'","Articles of stone, plaster, cement, asbestos, mica or similar materials","6805'","Natural or artificial abrasive powder or grain, on a base of textile material, of paper, of paperboa","680520'"," - On a base of paper or paperboard only","8","1","R","0","0","","","","0","0","0","0","0","0"
"3455","","HS 2007","Harmonized System 2007","Gabon","266'","2019","1","68053000'","  "," - Appliqu?s sur d'autres mati?res","68'","Articles of stone, plaster, cement, asbestos, mica or similar materials","6805'","Natural or artificial abrasive powder or grain, on a base of textile material, of paper, of paperboa","680530'"," - On a base of other materials","8","1","R","0","0","","","","0","0","0","0","0","0"
"3456","","HS 2007","Harmonized System 2007","Gabon","266'","2019","1","68061000'","  "," - Laines de laitier, de scories, de roche et laines min?rales similaires, m?me m?lang?es entre elles, en masses, feuilles ou rouleaux","68'","Articles of stone, plaster, cement, asbestos, mica or similar materials","6806'","Slag wool, rock wool and similar mineral wools; exfoliated vermiculite, expanded clays, foamed slag ","680610'"," - Slag wool, rock wool and similar mineral wools (including intermixtures thereof), in bulk, sheets ","8","1","R","0","0","","","","0","0","0","0","0","0"
"3457","","HS 2007","Harmonized System 2007","Gabon","266'","2019","1","68062000'","  "," - Vermiculite expans?e, argiles expans?es, mousse de scories et produits min?raux similaires expans?s, m?me m?lang?s entre eux","68'","Articles of stone, plaster, cement, asbestos, mica or similar materials","6806'","Slag wool, rock wool and similar mineral wools; exfoliated vermiculite, expanded clays, foamed slag ","680620'"," - Exfoliated vermiculite, expanded clays, foamed slag and similar expanded mineral materials (includ","8","1","R","0","0","","","","0","0","0","0","0","0"
"3458","","HS 2007","Harmonized System 2007","Gabon","266'","2019","1","68069000'","  "," - Autres","68'","Articles of stone, plaster, cement, asbestos, mica or similar materials","6806'","Slag wool, rock wool and similar mineral wools; exfoliated vermiculite, expanded clays, foamed slag ","680690'"," - Other","8","1","R","0","0","","","","0","0","0","0","0","0"
"3459","","HS 2007","Harmonized System 2007","Gabon","266'","2019","1","68071000'","  "," - En rouleaux","68'","Articles of stone, plaster, cement, asbestos, mica or similar materials","6807'","Articles of asphalt or of similar material (for example, petroleum bitumen or coal tar pitch).","680710'"," - In rolls","8","1","R","0","0","","","","0","0","0","0","0","0"
"3460","","HS 2007","Harmonized System 2007","Gabon","266'","2019","1","68079010'","  "," Materiaux de couverture (carreaux,feuilles,plaques, m?me ondul?s)","68'","Articles of stone, plaster, cement, asbestos, mica or similar materials","6807'","Articles of asphalt or of similar material (for example, petroleum bitumen or coal tar pitch).","680790'"," - Other","8","1","R","0","0","","","","0","0","0","0","0","0"
"3461","","HS 2007","Harmonized System 2007","Gabon","266'","2019","1","68079090'","  "," Ouvrages en asphalte ou en produits simil. autres que ceux du 680710 & 68079010","68'","Articles of stone, plaster, cement, asbestos, mica or similar materials","6807'","Articles of asphalt or of similar material (for example, petroleum bitumen or coal tar pitch).","680790'"," - Other","8","1","R","0","0","","","","0","0","0","0","0","0"
"3462","","HS 2007","Harmonized System 2007","Gabon","266'","2019","1","68080000'","  "," Panneaux, planches, carreaux, blocs et articles similaires, en fibres v?g?tales, en paille ou en copeaux, plaquettes, particules, sciures ou autres d?chets de bois, agglom?r?s avec du ciment, du pl?tre ou d'autres liants min?raux.","68'","Articles of stone, plaster, cement, asbestos, mica or similar materials","6808'","Panels, boards, tiles, blocks and similar articles of vegetable fibre, of straw or of shavings, chip","680800'"," Panels, boards, tiles, blocks and similar articles of vegetable fibre, of straw or of shavings, chip","8","1","R","0","0","","","","0","0","0","0","0","0"
"3463","","HS 2007","Harmonized System 2007","Gabon","266'","2019","1","68091100'","  "," -- Rev?tus ou renforc?s de papier ou de carton uniquement","68'","Articles of stone, plaster, cement, asbestos, mica or similar materials","6809'","Articles of plaster or of compositions based on plaster.","680911'"," -- Faced or reinforced with paper or paperboard only","8","1","R","0","0","","","","0","0","0","0","0","0"
"3464","","HS 2007","Harmonized System 2007","Gabon","266'","2019","1","68091900'","  "," -- Autres","68'","Articles of stone, plaster, cement, asbestos, mica or similar materials","6809'","Articles of plaster or of compositions based on plaster.","680919'"," -- Other","8","1","R","0","0","","","","0","0","0","0","0","0"
"3465","","HS 2007","Harmonized System 2007","Gabon","266'","2019","1","68099000'","  "," - Autres ouvrages","68'","Articles of stone, plaster, cement, asbestos, mica or similar materials","6809'","Articles of plaster or of compositions based on plaster.","680990'"," - Other articles","8","1","R","0","0","","","","0","0","0","0","0","0"
"3466","","HS 2007","Harmonized System 2007","Gabon","266'","2019","1","68101100'","  "," -- Blocs et briques pour la construction","68'","Articles of stone, plaster, cement, asbestos, mica or similar materials","6810'","Articles of cement, of concrete or of artificial stone, whether or not reinforced.","681011'"," -- Building blocks and bricks","8","1","R","0","0","","","","0","0","0","0","0","0"
"3467","","HS 2007","Harmonized System 2007","Gabon","266'","2019","1","68101900'","  "," -- Autres","68'","Articles of stone, plaster, cement, asbestos, mica or similar materials","6810'","Articles of cement, of concrete or of artificial stone, whether or not reinforced.","681019'"," -- Other","8","1","R","0","0","","","","0","0","0","0","0","0"
"3468","","HS 2007","Harmonized System 2007","Gabon","266'","2019","1","68109100'","  "," -- El?ments pr?fabriqu?s pour le b?timent ou le g?nie civil","68'","Articles of stone, plaster, cement, asbestos, mica or similar materials","6810'","Articles of cement, of concrete or of artificial stone, whether or not reinforced.","681091'"," -- Prefabricated structural components for building or civil engineering","8","1","R","0","0","","","","0","0","0","0","0","0"
"3469","","HS 2007","Harmonized System 2007","Gabon","266'","2019","1","68109900'","  "," -- Autres","68'","Articles of stone, plaster, cement, asbestos, mica or similar materials","6810'","Articles of cement, of concrete or of artificial stone, whether or not reinforced.","681099'"," -- Other","8","1","R","0","0","","","","0","0","0","0","0","0"
"3470","","HS 2007","Harmonized System 2007","Gabon","266'","2019","1","68114000'","  "," - Contenant de l'amiante","68'","Articles of stone, plaster, cement, asbestos, mica or similar materials","6811'","Articles of asbestos-cement, of cellulose fibre-cement or the like.","681140'"," - Containing asbestos","8","1","R","0","0","","","","0","0","0","0","0","0"
"3471","","HS 2007","Harmonized System 2007","Gabon","266'","2019","1","68118100'","  "," -- Plaques ondul?es","68'","Articles of stone, plaster, cement, asbestos, mica or similar materials","6811'","Articles of asbestos-cement, of cellulose fibre-cement or the like.","681181'"," -- Corrugated sheets","8","1","R","0","0","","","","0","0","0","0","0","0"
"3472","","HS 2007","Harmonized System 2007","Gabon","266'","2019","1","68118200'","  "," -- Autres plaques, panneaux, carreaux, tuiles et articles similaires","68'","Articles of stone, plaster, cement, asbestos, mica or similar materials","6811'","Articles of asbestos-cement, of cellulose fibre-cement or the like.","681182'"," -- Other sheets, panels, tiles and similar articles","8","1","R","0","0","","","","0","0","0","0","0","0"
"3473","","HS 2007","Harmonized System 2007","Gabon","266'","2019","1","68118300'","  "," -- Tuyaux, gaines et accessoires de tuyauterie","68'","Articles of stone, plaster, cement, asbestos, mica or similar materials","6811'","Articles of asbestos-cement, of cellulose fibre-cement or the like.","681183'"," -- Tubes, pipes and tube or pipe fittings","8","1","R","0","0","","","","0","0","0","0","0","0"
"3474","","HS 2007","Harmonized System 2007","Gabon","266'","2019","1","68118900'","  "," -- Autres ouvrages","68'","Articles of stone, plaster, cement, asbestos, mica or similar materials","6811'","Articles of asbestos-cement, of cellulose fibre-cement or the like.","681189'"," -- Other articles","8","1","R","0","0","","","","0","0","0","0","0","0"
"3475","","HS 2007","Harmonized System 2007","Gabon","266'","2019","1","68128000'","  "," - En crocidolite","68'","Articles of stone, plaster, cement, asbestos, mica or similar materials","6812'","Fabricated asbestos fibres; mixtures with a basis of asbestos or with a basis of asbestos and magnes","681280'"," - Of crocidolite","8","1","R","0","0","","","","0","0","0","0","0","0"
"3476","","HS 2007","Harmonized System 2007","Gabon","266'","2019","1","68129100'","  "," -- V?tements, accessoires du v?tement, chaussures et coiffures","68'","Articles of stone, plaster, cement, asbestos, mica or similar materials","6812'","Fabricated asbestos fibres; mixtures with a basis of asbestos or with a basis of asbestos and magnes","681291'"," -- Clothing, clothing accessories, footwear and headgear","8","1","R","0","0","","","","0","0","0","0","0","0"
"3477","","HS 2007","Harmonized System 2007","Gabon","266'","2019","1","68129200'","  "," -- Papiers, cartons et feutres","68'","Articles of stone, plaster, cement, asbestos, mica or similar materials","6812'","Fabricated asbestos fibres; mixtures with a basis of asbestos or with a basis of asbestos and magnes","681292'"," -- Paper, millboard and felt","8","1","R","0","0","","","","0","0","0","0","0","0"
"3478","","HS 2007","Harmonized System 2007","Gabon","266'","2019","1","68129300'","  "," -- Feuilles en amiante et ?lastom?res comprim?s, pour joints, m?me pr?sent?s en rouleaux","68'","Articles of stone, plaster, cement, asbestos, mica or similar materials","6812'","Fabricated asbestos fibres; mixtures with a basis of asbestos or with a basis of asbestos and magnes","681293'"," -- Compressed asbestos fibre jointing, in sheets or rolls","8","1","R","0","0","","","","0","0","0","0","0","0"
"3479","","HS 2007","Harmonized System 2007","Gabon","266'","2019","1","68129900'","  "," -- Autres","68'","Articles of stone, plaster, cement, asbestos, mica or similar materials","6812'","Fabricated asbestos fibres; mixtures with a basis of asbestos or with a basis of asbestos and magnes","681299'"," -- Other","8","1","R","0","0","","","","0","0","0","0","0","0"
"3480","","HS 2007","Harmonized System 2007","Gabon","266'","2019","1","68132000'","  "," - Contenant de l'amiante","68'","Articles of stone, plaster, cement, asbestos, mica or similar materials","6813'","Friction material and articles thereof (for example, sheets, rolls, strips, segments, discs, washers","681320'"," - Containing asbestos","8","1","R","0","0","","","","0","0","0","0","0","0"
"3481","","HS 2007","Harmonized System 2007","Gabon","266'","2019","1","68138100'","  "," -- Garnitures de freins","68'","Articles of stone, plaster, cement, asbestos, mica or similar materials","6813'","Friction material and articles thereof (for example, sheets, rolls, strips, segments, discs, washers","681381'"," -- Brake linings and pads","8","1","R","0","0","","","","0","0","0","0","0","0"
"3482","","HS 2007","Harmonized System 2007","Gabon","266'","2019","1","68138900'","  "," -- Autres","68'","Articles of stone, plaster, cement, asbestos, mica or similar materials","6813'","Friction material and articles thereof (for example, sheets, rolls, strips, segments, discs, washers","681389'"," -- Other","8","1","R","0","0","","","","0","0","0","0","0","0"
"3483","","HS 2007","Harmonized System 2007","Gabon","266'","2019","1","68141000'","  "," - Plaques, feuilles et bandes en mica agglom?r? ou reconstitu?, m?me sur support","68'","Articles of stone, plaster, cement, asbestos, mica or similar materials","6814'","Worked mica and articles of mica, including agglomerated or reconstituted mica, whether or not on a ","681410'"," - Plates, sheets and strips of agglomerated or reconstituted mica, whether or not on a support","8","1","R","0","0","","","","0","0","0","0","0","0"
"3484","","HS 2007","Harmonized System 2007","Gabon","266'","2019","1","68149000'","  "," - Autres","68'","Articles of stone, plaster, cement, asbestos, mica or similar materials","6814'","Worked mica and articles of mica, including agglomerated or reconstituted mica, whether or not on a ","681490'"," - Other","8","1","R","0","0","","","","0","0","0","0","0","0"
"3485","","HS 2007","Harmonized System 2007","Gabon","266'","2019","1","68151000'","  "," - Ouvrages en graphite ou en autre carbone, pour usages autres qu'?lectriques","68'","Articles of stone, plaster, cement, asbestos, mica or similar materials","6815'","Articles of stone or of other mineral substances (including carbon fibres, articles of carbon fibres","681510'"," - Non-electrical articles of graphite or other carbon","8","1","R","0","0","","","","0","0","0","0","0","0"
"3486","","HS 2007","Harmonized System 2007","Gabon","266'","2019","1","68152000'","  "," - Ouvrages en tourbe","68'","Articles of stone, plaster, cement, asbestos, mica or similar materials","6815'","Articles of stone or of other mineral substances (including carbon fibres, articles of carbon fibres","681520'"," - Articles of peat","8","1","R","0","0","","","","0","0","0","0","0","0"
"3487","","HS 2007","Harmonized System 2007","Gabon","266'","2019","1","68159100'","  "," -- Contenant de la magn?site, de la dolomie ou de la chromite","68'","Articles of stone, plaster, cement, asbestos, mica or similar materials","6815'","Articles of stone or of other mineral substances (including carbon fibres, articles of carbon fibres","681591'"," -- Containing magnesite, dolomite or chromite","8","1","R","0","0","","","","0","0","0","0","0","0"
"3488","","HS 2007","Harmonized System 2007","Gabon","266'","2019","1","68159900'","  "," -- Autres","68'","Articles of stone, plaster, cement, asbestos, mica or similar materials","6815'","Articles of stone or of other mineral substances (including carbon fibres, articles of carbon fibres","681599'"," -- Other","8","1","R","0","0","","","","0","0","0","0","0","0"
"3489","","HS 2007","Harmonized System 2007","Gabon","266'","2019","1","69010000'","  "," Briques, dalles, carreaux et autres pi?ces c?ramiques en farines siliceuses fossiles (kieselguhr, tripolite, diatomite, par exemple) ou en terres siliceuses analogues.","69'","Ceramic products","6901'","Bricks, blocks, tiles and other ceramic goods of siliceous fossil meals (for example, kieselguhr, tr","690100'"," Bricks, blocks, tiles and other ceramic goods of siliceous fossil meals (for example, kieselguhr, tr","8","1","R","0","0","","","","0","0","0","0","0","0"
"3490","","HS 2007","Harmonized System 2007","Gabon","266'","2019","1","69021000'","  "," - Contenant en poids plus de 50 % des ?l?ments Mg, Ca ou Cr, pris isol?ment ou ensemble, exprim?s en MgO, CaO ou Cr2O3","69'","Ceramic products","6902'","Refractory bricks, blocks, tiles and similar refractory ceramic constructional goods, other than tho","690210'"," - Containing by weight, singly or together, more than 50% of the elements Mg, Ca or Cr, expressed as","8","1","R","0","0","","","","0","0","0","0","0","0"
"3491","","HS 2007","Harmonized System 2007","Gabon","266'","2019","1","69022000'","  "," - Contenant en poids plus de 50 % d'alumine (Al2O3), de silice (SiO2) ou d'un m?lange ou combinaison de ces produits","69'","Ceramic products","6902'","Refractory bricks, blocks, tiles and similar refractory ceramic constructional goods, other than tho","690220'"," - Containing by weight more than 50% of alumina (Al2O3), of silica (SiO2) or of a mixture or compoun","8","1","R","0","0","","","","0","0","0","0","0","0"
"3492","","HS 2007","Harmonized System 2007","Gabon","266'","2019","1","69029000'","  "," - Autres","69'","Ceramic products","6902'","Refractory bricks, blocks, tiles and similar refractory ceramic constructional goods, other than tho","690290'"," - Other","8","1","R","0","0","","","","0","0","0","0","0","0"
"3493","","HS 2007","Harmonized System 2007","Gabon","266'","2019","1","69031000'","  "," - Contenant en poids plus de 50 % de graphite ou d'autre carbone ou d'un m?lange de ces produits","69'","Ceramic products","6903'","Other refractory ceramic goods (for example, retorts, crucibles, muffles, nozzles, plugs, supports, ","690310'"," - Containing by weight more than 50% of graphite or other carbon or of a mixture of these products","8","1","R","0","0","","","","0","0","0","0","0","0"
"3494","","HS 2007","Harmonized System 2007","Gabon","266'","2019","1","69032000'","  "," - Contenant en poids plus de 50 % d'alumine (A12O3) ou d'un m?lange ou combinaison d'alumine et de silice (SiO2)","69'","Ceramic products","6903'","Other refractory ceramic goods (for example, retorts, crucibles, muffles, nozzles, plugs, supports, ","690320'"," - Containing by weight more than 50% of alumina (Al2O3) or of a mixture or compound of alumina and o","8","1","R","0","0","","","","0","0","0","0","0","0"
"3495","","HS 2007","Harmonized System 2007","Gabon","266'","2019","1","69039000'","  "," - Autres","69'","Ceramic products","6903'","Other refractory ceramic goods (for example, retorts, crucibles, muffles, nozzles, plugs, supports, ","690390'"," - Other","8","1","R","0","0","","","","0","0","0","0","0","0"
"3496","","HS 2007","Harmonized System 2007","Gabon","266'","2019","1","69041000'","  "," - Briques de construction","69'","Ceramic products","6904'","Ceramic building bricks, flooring blocks, support or filler tiles and the like.","690410'"," - Building bricks","8","1","R","0","0","","","","0","0","0","0","0","0"
"3497","","HS 2007","Harmonized System 2007","Gabon","266'","2019","1","69049000'","  "," - Autres","69'","Ceramic products","6904'","Ceramic building bricks, flooring blocks, support or filler tiles and the like.","690490'"," - Other","8","1","R","0","0","","","","0","0","0","0","0","0"
"3498","","HS 2007","Harmonized System 2007","Gabon","266'","2019","1","69051000'","  "," - Tuiles","69'","Ceramic products","6905'","Roofing tiles, chimney-pots, cowls, chimney liners, architectural ornaments and other ceramic constr","690510'"," - Roofing tiles","8","1","R","0","0","","","","0","0","0","0","0","0"
"3499","","HS 2007","Harmonized System 2007","Gabon","266'","2019","1","69059000'","  "," - Autres","69'","Ceramic products","6905'","Roofing tiles, chimney-pots, cowls, chimney liners, architectural ornaments and other ceramic constr","690590'"," - Other","8","1","R","0","0","","","","0","0","0","0","0","0"
"3500","","HS 2007","Harmonized System 2007","Gabon","266'","2019","1","69060000'","  "," Tuyaux, goutti?res et accessoires de tuyauterie, en c?ramique.","69'","Ceramic products","6906'","Ceramic pipes, conduits, guttering and pipe fittings.","690600'"," Ceramic pipes, conduits, guttering and pipe fittings.","8","1","R","0","0","","","","0","0","0","0","0","0"
"3501","","HS 2007","Harmonized System 2007","Gabon","266'","2019","1","69071000'","  "," - Carreaux, cubes, d?s et articles similaires, m?me de forme autre que carr?e ou rectangulaire, dont la plus grande surface peut ?tre inscrite dans un carr? dont le c?t? est inf?rieur ? 7 cm","69'","Ceramic products","6907'","Unglazed ceramic flags and paving, hearth or wall tiles; unglazed ceramic mosaic cubes and the like,","690710'"," - Tiles, cubes and similar articles, whether or not rectangular, the largest surface area of which i","8","1","R","0","0","","","","0","0","0","0","0","0"
"3502","","HS 2007","Harmonized System 2007","Gabon","266'","2019","1","69079000'","  "," - Autres","69'","Ceramic products","6907'","Unglazed ceramic flags and paving, hearth or wall tiles; unglazed ceramic mosaic cubes and the like,","690790'"," - Other","8","1","R","0","0","","","","0","0","0","0","0","0"
"3503","","HS 2007","Harmonized System 2007","Gabon","266'","2019","1","69081000'","  "," - Carreaux, cubes, d?s et articles similaires, m?me de forme autre que carr?e ou rectangulaire, dont la plus grande surface peut ?tre inscrite dans un carr? dont le c?t? est inf?rieur ? 7 cm","69'","Ceramic products","6908'","Glazed ceramic flags and paving, hearth or wall tiles; glazed ceramic mosaic cubes and the like, whe","690810'"," - Tiles, cubes and similar articles, whether or not rectangular, the largest surface area of which i","8","1","R","0","0","","","","0","0","0","0","0","0"
"3504","","HS 2007","Harmonized System 2007","Gabon","266'","2019","1","69089000'","  "," - Autres","69'","Ceramic products","6908'","Glazed ceramic flags and paving, hearth or wall tiles; glazed ceramic mosaic cubes and the like, whe","690890'"," - Other","8","1","R","0","0","","","","0","0","0","0","0","0"
"3505","","HS 2007","Harmonized System 2007","Gabon","266'","2019","1","69091100'","  "," -- En porcelaine","69'","Ceramic products","6909'","Ceramic wares for laboratory, chemical or other technical uses; ceramic troughs, tubs and similar re","690911'"," -- Of porcelain or china","8","1","R","0","0","","","","0","0","0","0","0","0"
"3506","","HS 2007","Harmonized System 2007","Gabon","266'","2019","1","69091200'","  "," -- Articles ayant une duret? ?quivalente ? 9 ou davantage sur l'?chelle de Mohs","69'","Ceramic products","6909'","Ceramic wares for laboratory, chemical or other technical uses; ceramic troughs, tubs and similar re","690912'"," -- Articles having a hardness equivalent to 9 or more on the Mohs scale","8","1","R","0","0","","","","0","0","0","0","0","0"
"3507","","HS 2007","Harmonized System 2007","Gabon","266'","2019","1","69091900'","  "," -- Autres","69'","Ceramic products","6909'","Ceramic wares for laboratory, chemical or other technical uses; ceramic troughs, tubs and similar re","690919'"," -- Other","8","1","R","0","0","","","","0","0","0","0","0","0"
"3508","","HS 2007","Harmonized System 2007","Gabon","266'","2019","1","69099000'","  "," - Autres","69'","Ceramic products","6909'","Ceramic wares for laboratory, chemical or other technical uses; ceramic troughs, tubs and similar re","690990'"," - Other","8","1","R","0","0","","","","0","0","0","0","0","0"
"3509","","HS 2007","Harmonized System 2007","Gabon","266'","2019","1","69101000'","  "," - En porcelaine","69'","Ceramic products","6910'","Ceramic sinks, wash basins, wash basin pedestals, baths, bidets, water closet pans, flushing cistern","691010'"," - Of porcelain or china","8","1","R","0","0","","","","0","0","0","0","0","0"
"3510","","HS 2007","Harmonized System 2007","Gabon","266'","2019","1","69109000'","  "," - Autres","69'","Ceramic products","6910'","Ceramic sinks, wash basins, wash basin pedestals, baths, bidets, water closet pans, flushing cistern","691090'"," - Other","8","1","R","0","0","","","","0","0","0","0","0","0"
"3511","","HS 2007","Harmonized System 2007","Gabon","266'","2019","1","69111000'","  "," - Articles pour le service de la table ou de la cuisine","69'","Ceramic products","6911'","Tableware, kitchenware, other household articles and toilet articles, of porcelain or china.","691110'"," - Tableware and kitchenware","8","1","R","0","0","","","","0","0","0","0","0","0"
"3512","","HS 2007","Harmonized System 2007","Gabon","266'","2019","1","69119000'","  "," - Autres","69'","Ceramic products","6911'","Tableware, kitchenware, other household articles and toilet articles, of porcelain or china.","691190'"," - Other","8","1","R","0","0","","","","0","0","0","0","0","0"
"3513","","HS 2007","Harmonized System 2007","Gabon","266'","2019","1","69120010'","  "," Vaisselles et articles de m?nage ou d'?conomie domestique en terre commune","69'","Ceramic products","6912'","Ceramic tableware, kitchenware, other household articles and toilet articles, other than of porcelai","691200'"," Ceramic tableware, kitchenware, other household articles and toilet articles, other than of porcelai","8","1","R","0","0","","","","0","0","0","0","0","0"
"3514","","HS 2007","Harmonized System 2007","Gabon","266'","2019","1","69120020'","  "," Vaisselles,articles de m?nage,d'hygi?ne outoillette en faience ou pot?rie fine","69'","Ceramic products","6912'","Ceramic tableware, kitchenware, other household articles and toilet articles, other than of porcelai","691200'"," Ceramic tableware, kitchenware, other household articles and toilet articles, other than of porcelai","8","1","R","0","0","","","","0","0","0","0","0","0"
"3515","","HS 2007","Harmonized System 2007","Gabon","266'","2019","1","69120090'","  "," Vaisselles ou articles de m?nage,d'?conomie domestique en c?ramique","69'","Ceramic products","6912'","Ceramic tableware, kitchenware, other household articles and toilet articles, other than of porcelai","691200'"," Ceramic tableware, kitchenware, other household articles and toilet articles, other than of porcelai","8","1","R","0","0","","","","0","0","0","0","0","0"
"3516","","HS 2007","Harmonized System 2007","Gabon","266'","2019","1","69131000'","  "," - En porcelaine","69'","Ceramic products","6913'","Statuettes and other ornamental ceramic articles.","691310'"," - Of porcelain or china","8","1","R","0","0","","","","0","0","0","0","0","0"
"3517","","HS 2007","Harmonized System 2007","Gabon","266'","2019","1","69139000'","  "," - Autres","69'","Ceramic products","6913'","Statuettes and other ornamental ceramic articles.","691390'"," - Other","8","1","R","0","0","","","","0","0","0","0","0","0"
"3518","","HS 2007","Harmonized System 2007","Gabon","266'","2019","1","69141000'","  "," - En porcelaine","69'","Ceramic products","6914'","Other ceramic articles.","691410'"," - Of porcelain or china","8","1","R","0","0","","","","0","0","0","0","0","0"
"3519","","HS 2007","Harmonized System 2007","Gabon","266'","2019","1","69149000'","  "," - Autres","69'","Ceramic products","6914'","Other ceramic articles.","691490'"," - Other","8","1","R","0","0","","","","0","0","0","0","0","0"
"3520","","HS 2007","Harmonized System 2007","Gabon","266'","2019","1","70010000'","  "," Calcin et autres d?chets et d?bris de verre; verre en masse.","70'","Glass and glassware","7001'","Cullet and other waste and scrap of glass; glass in the mass.","700100'"," Cullet and other waste and scrap of glass; glass in the mass.","8","1","R","0","0","","","","0","0","0","0","0","0"
"3521","","HS 2007","Harmonized System 2007","Gabon","266'","2019","1","70021000'","  "," - Billes","70'","Glass and glassware","7002'","Glass in balls (other than microspheres of heading?70.18), rods or tubes, unworked.","700210'"," - Balls","8","1","R","0","0","","","","0","0","0","0","0","0"
"3522","","HS 2007","Harmonized System 2007","Gabon","266'","2019","1","70022000'","  "," - Barres ou baguettes","70'","Glass and glassware","7002'","Glass in balls (other than microspheres of heading?70.18), rods or tubes, unworked.","700220'"," - Rods","8","1","R","0","0","","","","0","0","0","0","0","0"
"3523","","HS 2007","Harmonized System 2007","Gabon","266'","2019","1","70023100'","  "," -- En quartz ou en autre silice fondus","70'","Glass and glassware","7002'","Glass in balls (other than microspheres of heading?70.18), rods or tubes, unworked.","700231'"," -- Of fused quartz or other fused silica","8","1","R","0","0","","","","0","0","0","0","0","0"
"3524","","HS 2007","Harmonized System 2007","Gabon","266'","2019","1","70023200'","  "," -- En autre verre d'un coefficient de dilatation lin?aire n'exc?dant pas 5 x 10-6 par Kelvin entre 0 ?C et 300 ?C","70'","Glass and glassware","7002'","Glass in balls (other than microspheres of heading?70.18), rods or tubes, unworked.","700232'"," -- Of other glass having a linear coefficient of expansion not exceeding 5 x 10-6 per Kelvin within ","8","1","R","0","0","","","","0","0","0","0","0","0"
"3525","","HS 2007","Harmonized System 2007","Gabon","266'","2019","1","70023900'","  "," -- Autres","70'","Glass and glassware","7002'","Glass in balls (other than microspheres of heading?70.18), rods or tubes, unworked.","700239'"," -- Other","8","1","R","0","0","","","","0","0","0","0","0","0"
"3526","","HS 2007","Harmonized System 2007","Gabon","266'","2019","1","70031200'","  "," -- Color?es dans la masse, opacifi?es, plaqu?es (doubl?es) ou ? couche absorbante, r?fl?chissante ou non r?fl?chissante","70'","Glass and glassware","7003'","Cast glass and rolled glass, in sheets or profiles, whether or not having an absorbent, reflecting o","700312'"," -- Coloured throughout the mass (body tinted), opacified, flashed or having an absorbent, reflecting","8","1","R","0","0","","","","0","0","0","0","0","0"
"3527","","HS 2007","Harmonized System 2007","Gabon","266'","2019","1","70031900'","  "," -- Autres","70'","Glass and glassware","7003'","Cast glass and rolled glass, in sheets or profiles, whether or not having an absorbent, reflecting o","700319'"," -- Other","8","1","R","0","0","","","","0","0","0","0","0","0"
"3528","","HS 2007","Harmonized System 2007","Gabon","266'","2019","1","70032000'","  "," - Plaques et feuilles, arm?es","70'","Glass and glassware","7003'","Cast glass and rolled glass, in sheets or profiles, whether or not having an absorbent, reflecting o","700320'"," - Wired sheets","8","1","R","0","0","","","","0","0","0","0","0","0"
"3529","","HS 2007","Harmonized System 2007","Gabon","266'","2019","1","70033000'","  "," - Profil?s","70'","Glass and glassware","7003'","Cast glass and rolled glass, in sheets or profiles, whether or not having an absorbent, reflecting o","700330'"," - Profiles","8","1","R","0","0","","","","0","0","0","0","0","0"
"3530","","HS 2007","Harmonized System 2007","Gabon","266'","2019","1","70042000'","  "," - Verre color? dans la masse, opacifi?, plaqu? (doubl?) ou ? couche absorbante, r?fl?chissante ou non r?fl?chissante","70'","Glass and glassware","7004'","Drawn glass and blown glass, in sheets, whether or not having an absorbent, reflecting or non-reflec","700420'"," - Glass, coloured throughout the mass (body tinted), opacified, flashed or having an absorbent, refl","8","1","R","0","0","","","","0","0","0","0","0","0"
"3531","","HS 2007","Harmonized System 2007","Gabon","266'","2019","1","70049000'","  "," - Autre verre","70'","Glass and glassware","7004'","Drawn glass and blown glass, in sheets, whether or not having an absorbent, reflecting or non-reflec","700490'"," - Other glass","8","1","R","0","0","","","","0","0","0","0","0","0"
"3532","","HS 2007","Harmonized System 2007","Gabon","266'","2019","1","70051000'","  "," - Glace non arm?e, ? couche absorbante, r?fl?chissante ou non r?fl?chissante","70'","Glass and glassware","7005'","Float glass and surface ground or polished glass, in sheets, whether or not having an absorbent, ref","700510'"," - Non-wired glass, having an absorbent, reflecting or non-reflecting layer","8","1","R","0","0","","","","0","0","0","0","0","0"
"3533","","HS 2007","Harmonized System 2007","Gabon","266'","2019","1","70052100'","  "," -- Color?e dans la masse, opacifi?e, plaqu?e (doubl?e) ou simplement doucie","70'","Glass and glassware","7005'","Float glass and surface ground or polished glass, in sheets, whether or not having an absorbent, ref","700521'"," -- Coloured throughout the mass (body tinted), opacified, flashed or merely surface ground","8","1","R","0","0","","","","0","0","0","0","0","0"
"3534","","HS 2007","Harmonized System 2007","Gabon","266'","2019","1","70052900'","  "," -- Autre","70'","Glass and glassware","7005'","Float glass and surface ground or polished glass, in sheets, whether or not having an absorbent, ref","700529'"," -- Other","8","1","R","0","0","","","","0","0","0","0","0","0"
"3535","","HS 2007","Harmonized System 2007","Gabon","266'","2019","1","70053000'","  "," - Glace arm?e","70'","Glass and glassware","7005'","Float glass and surface ground or polished glass, in sheets, whether or not having an absorbent, ref","700530'"," - Wired glass","8","1","R","0","0","","","","0","0","0","0","0","0"
"3536","","HS 2007","Harmonized System 2007","Gabon","266'","2019","1","70060000'","  "," Verre des n?s 70.03, 70.04 ou 70.05, courb?, biseaut?, grav?, perc?, ?maill? ou autrement travaill?, mais non encadr? ni associ? ? d'autres mati?res.","70'","Glass and glassware","7006'","Glass of heading 70.03, 70.04 or 70.05, bent, edge-worked, engraved, drilled, enamelled or otherwise","700600'"," Glass of heading 70.03, 70.04 or 70.05, bent, edge-worked, engraved, drilled, enamelled or otherwise","8","1","R","0","0","","","","0","0","0","0","0","0"
"3537","","HS 2007","Harmonized System 2007","Gabon","266'","2019","1","70071100'","  "," -- De dimensions et formats permettant leur emploi dans les automobiles, v?hicules a?riens, bateaux ou autres v?hicules","70'","Glass and glassware","7007'","Safety glass, consisting of toughened (tempered) or laminated glass.","700711'"," -- Of size and shape suitable for incorporation in vehicles, aircraft, spacecraft or vessels","8","1","R","0","0","","","","0","0","0","0","0","0"
"3538","","HS 2007","Harmonized System 2007","Gabon","266'","2019","1","70071900'","  "," -- Autres","70'","Glass and glassware","7007'","Safety glass, consisting of toughened (tempered) or laminated glass.","700719'"," -- Other","8","1","R","0","0","","","","0","0","0","0","0","0"
"3539","","HS 2007","Harmonized System 2007","Gabon","266'","2019","1","70072100'","  "," -- De dimensions et formats permettant leur emploi dans les automobiles, v?hicules a?riens, bateaux ou autres v?hicules","70'","Glass and glassware","7007'","Safety glass, consisting of toughened (tempered) or laminated glass.","700721'"," -- Of size and shape suitable for incorporation in vehicles, aircraft, spacecraft or vessels","8","1","R","0","0","","","","0","0","0","0","0","0"
"3540","","HS 2007","Harmonized System 2007","Gabon","266'","2019","1","70072900'","  "," -- Autres","70'","Glass and glassware","7007'","Safety glass, consisting of toughened (tempered) or laminated glass.","700729'"," -- Other","8","1","R","0","0","","","","0","0","0","0","0","0"
"3541","","HS 2007","Harmonized System 2007","Gabon","266'","2019","1","70080000'","  "," Vitrages isolants ? parois multiples.","70'","Glass and glassware","7008'","Multiple-walled insulating units of glass.","700800'"," Multiple-walled insulating units of glass.","8","1","R","0","0","","","","0","0","0","0","0","0"
"3542","","HS 2007","Harmonized System 2007","Gabon","266'","2019","1","70091000'","  "," - Miroirs r?troviseurs pour v?hicules","70'","Glass and glassware","7009'","Glass mirrors, whether or not framed, including rear-view mirrors.","700910'"," - Rear-view mirrors for vehicles","8","1","R","0","0","","","","0","0","0","0","0","0"
"3543","","HS 2007","Harmonized System 2007","Gabon","266'","2019","1","70099100'","  "," -- Non encadr?s","70'","Glass and glassware","7009'","Glass mirrors, whether or not framed, including rear-view mirrors.","700991'"," -- Unframed","8","1","R","0","0","","","","0","0","0","0","0","0"
"3544","","HS 2007","Harmonized System 2007","Gabon","266'","2019","1","70099200'","  "," -- Encadr?s","70'","Glass and glassware","7009'","Glass mirrors, whether or not framed, including rear-view mirrors.","700992'"," -- Framed","8","1","R","0","0","","","","0","0","0","0","0","0"
"3545","","HS 2007","Harmonized System 2007","Gabon","266'","2019","1","70101000'","  "," - Ampoules","70'","Glass and glassware","7010'","Carboys, bottles, flasks, jars, pots, phials, ampoules and other containers, of glass, of a kind use","701010'"," - Ampoules","8","1","R","0","0","","","","0","0","0","0","0","0"
"3546","","HS 2007","Harmonized System 2007","Gabon","266'","2019","1","70102000'","  "," - Bouchons, couvercles et autres dispositifs de fermeture","70'","Glass and glassware","7010'","Carboys, bottles, flasks, jars, pots, phials, ampoules and other containers, of glass, of a kind use","701020'"," - Stoppers, lids and other closures","8","1","R","0","0","","","","0","0","0","0","0","0"
"3547","","HS 2007","Harmonized System 2007","Gabon","266'","2019","1","70109000'","  "," - Autres","70'","Glass and glassware","7010'","Carboys, bottles, flasks, jars, pots, phials, ampoules and other containers, of glass, of a kind use","701090'"," - Other","8","1","R","0","0","","","","0","0","0","0","0","0"
"3548","","HS 2007","Harmonized System 2007","Gabon","266'","2019","1","70111000'","  "," - Pour l'?clairage ?lectrique","70'","Glass and glassware","7011'","Glass envelopes (including bulbs and tubes), open, and glass parts thereof, without fittings, for el","701110'"," - For electric lighting","8","1","R","0","0","","","","0","0","0","0","0","0"
"3549","","HS 2007","Harmonized System 2007","Gabon","266'","2019","1","70112000'","  "," - Pour tubes cathodiques","70'","Glass and glassware","7011'","Glass envelopes (including bulbs and tubes), open, and glass parts thereof, without fittings, for el","701120'"," - For cathode-ray tubes","8","1","R","0","0","","","","0","0","0","0","0","0"
"3550","","HS 2007","Harmonized System 2007","Gabon","266'","2019","1","70119000'","  "," - Autres","70'","Glass and glassware","7011'","Glass envelopes (including bulbs and tubes), open, and glass parts thereof, without fittings, for el","701190'"," - Other","8","1","R","0","0","","","","0","0","0","0","0","0"
"3551","","HS 2007","Harmonized System 2007","Gabon","266'","2019","1","70131000'","  "," - Objets en vitroc?rame","70'","Glass and glassware","7013'","Glassware of a kind used for table, kitchen, toilet, office, indoor decoration or similar purposes (","701310'"," - Of glass-ceramics","8","1","R","0","0","","","","0","0","0","0","0","0"
"3552","","HS 2007","Harmonized System 2007","Gabon","266'","2019","1","70132200'","  "," -- En cristal au plomb","70'","Glass and glassware","7013'","Glassware of a kind used for table, kitchen, toilet, office, indoor decoration or similar purposes (","701322'"," -- Of lead crystal","8","1","R","0","0","","","","0","0","0","0","0","0"
"3553","","HS 2007","Harmonized System 2007","Gabon","266'","2019","1","70132800'","  "," -- Autres","70'","Glass and glassware","7013'","Glassware of a kind used for table, kitchen, toilet, office, indoor decoration or similar purposes (","701328'"," -- Other","8","1","R","0","0","","","","0","0","0","0","0","0"
"3554","","HS 2007","Harmonized System 2007","Gabon","266'","2019","1","70133300'","  "," -- En cristal au plomb","70'","Glass and glassware","7013'","Glassware of a kind used for table, kitchen, toilet, office, indoor decoration or similar purposes (","701333'"," -- Of lead crystal","8","1","R","0","0","","","","0","0","0","0","0","0"
"3555","","HS 2007","Harmonized System 2007","Gabon","266'","2019","1","70133700'","  "," -- Autres","70'","Glass and glassware","7013'","Glassware of a kind used for table, kitchen, toilet, office, indoor decoration or similar purposes (","701337'"," -- Other","8","1","R","0","0","","","","0","0","0","0","0","0"
"3556","","HS 2007","Harmonized System 2007","Gabon","266'","2019","1","70134100'","  "," -- En cristal au plomb","70'","Glass and glassware","7013'","Glassware of a kind used for table, kitchen, toilet, office, indoor decoration or similar purposes (","701341'"," -- Of lead crystal","8","1","R","0","0","","","","0","0","0","0","0","0"
"3557","","HS 2007","Harmonized System 2007","Gabon","266'","2019","1","70134200'","  "," -- En verre d'un coefficient de dilatation lin?aire n'exc?dant pas 5 x 10-6 par Kelvin entre 0 ?C et 300 ?C","70'","Glass and glassware","7013'","Glassware of a kind used for table, kitchen, toilet, office, indoor decoration or similar purposes (","701342'"," -- Of glass having a linear coefficient of expansion not exceeding 5 x 10-6 per Kelvin within a temp","8","1","R","0","0","","","","0","0","0","0","0","0"
"3558","","HS 2007","Harmonized System 2007","Gabon","266'","2019","1","70134900'","  "," -- Autres","70'","Glass and glassware","7013'","Glassware of a kind used for table, kitchen, toilet, office, indoor decoration or similar purposes (","701349'"," -- Other","8","1","R","0","0","","","","0","0","0","0","0","0"
"3559","","HS 2007","Harmonized System 2007","Gabon","266'","2019","1","70139100'","  "," -- En cristal au plomb","70'","Glass and glassware","7013'","Glassware of a kind used for table, kitchen, toilet, office, indoor decoration or similar purposes (","701391'"," -- Of lead crystal","8","1","R","0","0","","","","0","0","0","0","0","0"
"3560","","HS 2007","Harmonized System 2007","Gabon","266'","2019","1","70139900'","  "," -- Autres","70'","Glass and glassware","7013'","Glassware of a kind used for table, kitchen, toilet, office, indoor decoration or similar purposes (","701399'"," -- Other","8","1","R","0","0","","","","0","0","0","0","0","0"
"3561","","HS 2007","Harmonized System 2007","Gabon","266'","2019","1","70140000'","  "," Verrerie de signalisation et ?l?ments d'optique en verre (autres que ceux du n? 70.15), non travaill?s optiquement.","70'","Glass and glassware","7014'","Signalling glassware and optical elements of glass (other than those of heading 70.15), not opticall","701400'"," Signalling glassware and optical elements of glass (other than those of heading 70.15), not opticall","8","1","R","0","0","","","","0","0","0","0","0","0"
"3562","","HS 2007","Harmonized System 2007","Gabon","266'","2019","1","70151000'","  "," - Verres de lunetterie m?dicale","70'","Glass and glassware","7015'","Clock or watch glasses and similar glasses, glasses for non-corrective or corrective spectacles, cur","701510'"," - Glasses for corrective spectacles","8","1","R","0","0","","","","0","0","0","0","0","0"
"3563","","HS 2007","Harmonized System 2007","Gabon","266'","2019","1","70159000'","  "," - Autres","70'","Glass and glassware","7015'","Clock or watch glasses and similar glasses, glasses for non-corrective or corrective spectacles, cur","701590'"," - Other","8","1","R","0","0","","","","0","0","0","0","0","0"
"3564","","HS 2007","Harmonized System 2007","Gabon","266'","2019","1","70161000'","  "," - Cubes, d?s et autre verrerie, m?me sur support, pour mosa?ques ou d?corations similaires","70'","Glass and glassware","7016'","Paving blocks, slabs, bricks, squares, tiles and other articles of pressed or moulded glass, whether","701610'"," - Glass cubes and other glass smallwares, whether or not on a backing, for mosaics or similar decora","8","1","R","0","0","","","","0","0","0","0","0","0"
"3565","","HS 2007","Harmonized System 2007","Gabon","266'","2019","1","70169000'","  "," - Autres","70'","Glass and glassware","7016'","Paving blocks, slabs, bricks, squares, tiles and other articles of pressed or moulded glass, whether","701690'"," - Other","8","1","R","0","0","","","","0","0","0","0","0","0"
"3566","","HS 2007","Harmonized System 2007","Gabon","266'","2019","1","70171000'","  "," - En quartz ou en autre silice fondus","70'","Glass and glassware","7017'","Laboratory, hygienic or pharmaceutical glassware, whether or not graduated or calibrated.","701710'"," - Of fused quartz or other fused silica","8","1","R","0","0","","","","0","0","0","0","0","0"
"3567","","HS 2007","Harmonized System 2007","Gabon","266'","2019","1","70172000'","  "," - En autre verre d'un coefficient de dilatation lin?aire n'exc?dant pas 5 x 10-6 par Kelvin entre 0 ?C et 300 ?C","70'","Glass and glassware","7017'","Laboratory, hygienic or pharmaceutical glassware, whether or not graduated or calibrated.","701720'"," - Of other glass having a linear coefficient of expansion not exceeding 5 x 10-6 per Kelvin within a","8","1","R","0","0","","","","0","0","0","0","0","0"
"3568","","HS 2007","Harmonized System 2007","Gabon","266'","2019","1","70179000'","  "," - Autre","70'","Glass and glassware","7017'","Laboratory, hygienic or pharmaceutical glassware, whether or not graduated or calibrated.","701790'"," - Other","8","1","R","0","0","","","","0","0","0","0","0","0"
"3569","","HS 2007","Harmonized System 2007","Gabon","266'","2019","1","70181000'","  "," - Perles de verre, imitations de perles fines ou de culture, imitations de pierres gemmes et articles similaires de verroterie","70'","Glass and glassware","7018'","Glass beads, imitation pearls, imitation precious or semi-precious stones and similar glass smallwar","701810'"," - Glass beads, imitation pearls, imitation precious or semi-precious stones and similar glass smallw","8","1","R","0","0","","","","0","0","0","0","0","0"
"3570","","HS 2007","Harmonized System 2007","Gabon","266'","2019","1","70182000'","  "," - Microsph?res de verre d'un diam?tre n'exc?dant pas 1 mm","70'","Glass and glassware","7018'","Glass beads, imitation pearls, imitation precious or semi-precious stones and similar glass smallwar","701820'"," - Glass microspheres not exceeding 1 mm in diameter","8","1","R","0","0","","","","0","0","0","0","0","0"
"3571","","HS 2007","Harmonized System 2007","Gabon","266'","2019","1","70189000'","  "," - Autres","70'","Glass and glassware","7018'","Glass beads, imitation pearls, imitation precious or semi-precious stones and similar glass smallwar","701890'"," - Other","8","1","R","0","0","","","","0","0","0","0","0","0"
"3572","","HS 2007","Harmonized System 2007","Gabon","266'","2019","1","70191100'","  "," -- Fils coup?s (chopped strands), d'une longueur n'exc?dant pas 50 mm","70'","Glass and glassware","7019'","Glass fibres (including glass wool) and articles thereof (for example, yarn, woven fabrics).","701911'"," -- Chopped strands, of a length of not more than 50 mm","8","1","R","0","0","","","","0","0","0","0","0","0"
"3573","","HS 2007","Harmonized System 2007","Gabon","266'","2019","1","70191200'","  "," -- Stratifils (rovings)","70'","Glass and glassware","7019'","Glass fibres (including glass wool) and articles thereof (for example, yarn, woven fabrics).","701912'"," -- Rovings","8","1","R","0","0","","","","0","0","0","0","0","0"
"3574","","HS 2007","Harmonized System 2007","Gabon","266'","2019","1","70191900'","  "," -- Autres","70'","Glass and glassware","7019'","Glass fibres (including glass wool) and articles thereof (for example, yarn, woven fabrics).","701919'"," -- Other","8","1","R","0","0","","","","0","0","0","0","0","0"
"3575","","HS 2007","Harmonized System 2007","Gabon","266'","2019","1","70193100'","  "," -- Mats","70'","Glass and glassware","7019'","Glass fibres (including glass wool) and articles thereof (for example, yarn, woven fabrics).","701931'"," -- Mats","8","1","R","0","0","","","","0","0","0","0","0","0"
"3576","","HS 2007","Harmonized System 2007","Gabon","266'","2019","1","70193200'","  "," -- Voiles","70'","Glass and glassware","7019'","Glass fibres (including glass wool) and articles thereof (for example, yarn, woven fabrics).","701932'"," -- Thin sheets (voiles)","8","1","R","0","0","","","","0","0","0","0","0","0"
"3577","","HS 2007","Harmonized System 2007","Gabon","266'","2019","1","70193900'","  "," -- Autres","70'","Glass and glassware","7019'","Glass fibres (including glass wool) and articles thereof (for example, yarn, woven fabrics).","701939'"," -- Other","8","1","R","0","0","","","","0","0","0","0","0","0"
"3578","","HS 2007","Harmonized System 2007","Gabon","266'","2019","1","70194000'","  "," - Tissus de stratifils (rovings)","70'","Glass and glassware","7019'","Glass fibres (including glass wool) and articles thereof (for example, yarn, woven fabrics).","701940'"," - Woven fabrics of rovings","8","1","R","0","0","","","","0","0","0","0","0","0"
"3579","","HS 2007","Harmonized System 2007","Gabon","266'","2019","1","70195100'","  "," -- D'une largeur n'exc?dant pas 30 cm","70'","Glass and glassware","7019'","Glass fibres (including glass wool) and articles thereof (for example, yarn, woven fabrics).","701951'"," -- Of a width not exceeding 30 cm","8","1","R","0","0","","","","0","0","0","0","0","0"
"3580","","HS 2007","Harmonized System 2007","Gabon","266'","2019","1","70195200'","  "," -- D'une largeur exc?dant 30 cm, ? armure toile, d'un poids inf?rieur ? 250 g/m?, de filaments titrant par fils simples 136 tex ou moins","70'","Glass and glassware","7019'","Glass fibres (including glass wool) and articles thereof (for example, yarn, woven fabrics).","701952'"," -- Of a width exceeding 30 cm, plain weave, weighing less than 250 g/m?, of filaments measuring per ","8","1","R","0","0","","","","0","0","0","0","0","0"
"3581","","HS 2007","Harmonized System 2007","Gabon","266'","2019","1","70195900'","  "," -- Autres","70'","Glass and glassware","7019'","Glass fibres (including glass wool) and articles thereof (for example, yarn, woven fabrics).","701959'"," -- Other","8","1","R","0","0","","","","0","0","0","0","0","0"
"3582","","HS 2007","Harmonized System 2007","Gabon","266'","2019","1","70199000'","  "," - Autres","70'","Glass and glassware","7019'","Glass fibres (including glass wool) and articles thereof (for example, yarn, woven fabrics).","701990'"," - Other","8","1","R","0","0","","","","0","0","0","0","0","0"
"3583","","HS 2007","Harmonized System 2007","Gabon","266'","2019","1","70200000'","  "," Autres ouvrages en verre.","70'","Glass and glassware","7020'","Other articles of glass.","702000'"," Other articles of glass.","8","1","R","0","0","","","","0","0","0","0","0","0"
"3584","","HS 2007","Harmonized System 2007","Gabon","266'","2019","1","71011000'","  "," - Perles fines","71'","Natural or cultured pearls, precious or semi- precious stones, precious metals, metals clad with pre","7101'","Pearls, natural or cultured, whether or not worked or graded but not strung, mounted or set; pearls,","710110'"," - Natural pearls","8","1","R","0","0","","","","0","0","0","0","0","0"
"3585","","HS 2007","Harmonized System 2007","Gabon","266'","2019","1","71012100'","  "," -- Brutes","71'","Natural or cultured pearls, precious or semi- precious stones, precious metals, metals clad with pre","7101'","Pearls, natural or cultured, whether or not worked or graded but not strung, mounted or set; pearls,","710121'"," -- Unworked","8","1","R","0","0","","","","0","0","0","0","0","0"
"3586","","HS 2007","Harmonized System 2007","Gabon","266'","2019","1","71012200'","  "," -- Travaill?es","71'","Natural or cultured pearls, precious or semi- precious stones, precious metals, metals clad with pre","7101'","Pearls, natural or cultured, whether or not worked or graded but not strung, mounted or set; pearls,","710122'"," -- Worked","8","1","R","0","0","","","","0","0","0","0","0","0"
"3587","","HS 2007","Harmonized System 2007","Gabon","266'","2019","1","71021000'","  "," - Non tri?s","71'","Natural or cultured pearls, precious or semi- precious stones, precious metals, metals clad with pre","7102'","Diamonds, whether or not worked, but not mounted or set.","710210'"," - Unsorted","8","1","R","0","0","","","","0","0","0","0","0","0"
"3588","","HS 2007","Harmonized System 2007","Gabon","266'","2019","1","71022100'","  "," -- Bruts ou simplement sci?s, cliv?s ou d?brut?s","71'","Natural or cultured pearls, precious or semi- precious stones, precious metals, metals clad with pre","7102'","Diamonds, whether or not worked, but not mounted or set.","710221'"," -- Unworked or simply sawn, cleaved or bruted","8","1","R","0","0","","","","0","0","0","0","0","0"
"3589","","HS 2007","Harmonized System 2007","Gabon","266'","2019","1","71022900'","  "," -- Autres","71'","Natural or cultured pearls, precious or semi- precious stones, precious metals, metals clad with pre","7102'","Diamonds, whether or not worked, but not mounted or set.","710229'"," -- Other","8","1","R","0","0","","","","0","0","0","0","0","0"
"3590","","HS 2007","Harmonized System 2007","Gabon","266'","2019","1","71023100'","  "," -- Bruts ou simplement sci?s, cliv?s ou d?brut?s","71'","Natural or cultured pearls, precious or semi- precious stones, precious metals, metals clad with pre","7102'","Diamonds, whether or not worked, but not mounted or set.","710231'"," -- Unworked or simply sawn, cleaved or bruted","8","1","R","0","0","","","","0","0","0","0","0","0"
"3591","","HS 2007","Harmonized System 2007","Gabon","266'","2019","1","71023900'","  "," -- Autres","71'","Natural or cultured pearls, precious or semi- precious stones, precious metals, metals clad with pre","7102'","Diamonds, whether or not worked, but not mounted or set.","710239'"," -- Other","8","1","R","0","0","","","","0","0","0","0","0","0"
"3592","","HS 2007","Harmonized System 2007","Gabon","266'","2019","1","71031000'","  "," - Brutes ou simplement sci?es ou d?grossies","71'","Natural or cultured pearls, precious or semi- precious stones, precious metals, metals clad with pre","7103'","Precious stones (other than diamonds) and semi-precious stones, whether or not worked or graded but ","710310'"," - Unworked or simply sawn or roughly shaped","8","1","R","0","0","","","","0","0","0","0","0","0"
"3593","","HS 2007","Harmonized System 2007","Gabon","266'","2019","1","71039100'","  "," -- Rubis, saphirs et ?meraudes","71'","Natural or cultured pearls, precious or semi- precious stones, precious metals, metals clad with pre","7103'","Precious stones (other than diamonds) and semi-precious stones, whether or not worked or graded but ","710391'"," -- Rubies, sapphires and emeralds","8","1","R","0","0","","","","0","0","0","0","0","0"
"3594","","HS 2007","Harmonized System 2007","Gabon","266'","2019","1","71039900'","  "," -- Autres","71'","Natural or cultured pearls, precious or semi- precious stones, precious metals, metals clad with pre","7103'","Precious stones (other than diamonds) and semi-precious stones, whether or not worked or graded but ","710399'"," -- Other","8","1","R","0","0","","","","0","0","0","0","0","0"
"3595","","HS 2007","Harmonized System 2007","Gabon","266'","2019","1","71041000'","  "," - Quartz pi?zo-?lectrique","71'","Natural or cultured pearls, precious or semi- precious stones, precious metals, metals clad with pre","7104'","Synthetic or reconstructed precious or semi-precious stones, whether or not worked or graded but not","710410'"," - Piezo-electric quartz","8","1","R","0","0","","","","0","0","0","0","0","0"
"3596","","HS 2007","Harmonized System 2007","Gabon","266'","2019","1","71042000'","  "," - Autres, brutes ou simplement sci?es ou d?grossies","71'","Natural or cultured pearls, precious or semi- precious stones, precious metals, metals clad with pre","7104'","Synthetic or reconstructed precious or semi-precious stones, whether or not worked or graded but not","710420'"," - Other, unworked or simply sawn or roughly shaped","8","1","R","0","0","","","","0","0","0","0","0","0"
"3597","","HS 2007","Harmonized System 2007","Gabon","266'","2019","1","71049000'","  "," - Autres","71'","Natural or cultured pearls, precious or semi- precious stones, precious metals, metals clad with pre","7104'","Synthetic or reconstructed precious or semi-precious stones, whether or not worked or graded but not","710490'"," - Other","8","1","R","0","0","","","","0","0","0","0","0","0"
"3598","","HS 2007","Harmonized System 2007","Gabon","266'","2019","1","71051000'","  "," - De diamants","71'","Natural or cultured pearls, precious or semi- precious stones, precious metals, metals clad with pre","7105'","Dust and powder of natural or synthetic precious or semi-precious stones.","710510'"," - Of diamonds","8","1","R","0","0","","","","0","0","0","0","0","0"
"3599","","HS 2007","Harmonized System 2007","Gabon","266'","2019","1","71059000'","  "," - Autres","71'","Natural or cultured pearls, precious or semi- precious stones, precious metals, metals clad with pre","7105'","Dust and powder of natural or synthetic precious or semi-precious stones.","710590'"," - Other","8","1","R","0","0","","","","0","0","0","0","0","0"
"3600","","HS 2007","Harmonized System 2007","Gabon","266'","2019","1","71061000'","  "," - Poudres","71'","Natural or cultured pearls, precious or semi- precious stones, precious metals, metals clad with pre","7106'","Silver (including silver plated with gold or platinum), unwrought or in semi-manufactured forms, or ","710610'"," - Powder","8","1","R","0","0","","","","0","0","0","0","0","0"
"3601","","HS 2007","Harmonized System 2007","Gabon","266'","2019","1","71069100'","  "," -- Sous formes brutes","71'","Natural or cultured pearls, precious or semi- precious stones, precious metals, metals clad with pre","7106'","Silver (including silver plated with gold or platinum), unwrought or in semi-manufactured forms, or ","710691'"," -- Unwrought","8","1","R","0","0","","","","0","0","0","0","0","0"
"3602","","HS 2007","Harmonized System 2007","Gabon","266'","2019","1","71069200'","  "," -- Sous formes mi-ouvr?es","71'","Natural or cultured pearls, precious or semi- precious stones, precious metals, metals clad with pre","7106'","Silver (including silver plated with gold or platinum), unwrought or in semi-manufactured forms, or ","710692'"," -- Semi-manufactured","8","1","R","0","0","","","","0","0","0","0","0","0"
"3603","","HS 2007","Harmonized System 2007","Gabon","266'","2019","1","71070000'","  "," Plaqu? ou doubl? d'argent sur m?taux communs, sous formes brutes ou mi-ouvr?es.","71'","Natural or cultured pearls, precious or semi- precious stones, precious metals, metals clad with pre","7107'","Base metals clad with silver, not further worked than semi-manufactured.","710700'"," Base metals clad with silver, not further worked than semi-manufactured.","8","1","R","0","0","","","","0","0","0","0","0","0"
"3604","","HS 2007","Harmonized System 2007","Gabon","266'","2019","1","71081100'","  "," -- Poudres","71'","Natural or cultured pearls, precious or semi- precious stones, precious metals, metals clad with pre","7108'","Gold (including gold plated with platinum) unwrought or in semi-manufactured forms, or in powder for","710811'"," -- Powder","8","1","R","0","0","","","","0","0","0","0","0","0"
"3605","","HS 2007","Harmonized System 2007","Gabon","266'","2019","1","71081200'","  "," -- Sous autres formes brutes","71'","Natural or cultured pearls, precious or semi- precious stones, precious metals, metals clad with pre","7108'","Gold (including gold plated with platinum) unwrought or in semi-manufactured forms, or in powder for","710812'"," -- Other unwrought forms","8","1","R","0","0","","","","0","0","0","0","0","0"
"3606","","HS 2007","Harmonized System 2007","Gabon","266'","2019","1","71081300'","  "," -- Sous autres formes mi-ouvr?es","71'","Natural or cultured pearls, precious or semi- precious stones, precious metals, metals clad with pre","7108'","Gold (including gold plated with platinum) unwrought or in semi-manufactured forms, or in powder for","710813'"," -- Other semi-manufactured forms","8","1","R","0","0","","","","0","0","0","0","0","0"
"3607","","HS 2007","Harmonized System 2007","Gabon","266'","2019","1","71082000'","  "," - A usage mon?taire","71'","Natural or cultured pearls, precious or semi- precious stones, precious metals, metals clad with pre","7108'","Gold (including gold plated with platinum) unwrought or in semi-manufactured forms, or in powder for","710820'"," - Monetary","8","1","R","0","0","","","","0","0","0","0","0","0"
"3608","","HS 2007","Harmonized System 2007","Gabon","266'","2019","1","71090000'","  "," Plaqu? ou doubl? d'or sur m?taux communs ou sur argent, sous formes brutes ou mi-ouvr?es.","71'","Natural or cultured pearls, precious or semi- precious stones, precious metals, metals clad with pre","7109'","Base metals or silver, clad with gold, not further worked than semi-manufactured.","710900'"," Base metals or silver, clad with gold, not further worked than semi-manufactured.","8","1","R","0","0","","","","0","0","0","0","0","0"
"3609","","HS 2007","Harmonized System 2007","Gabon","266'","2019","1","71101100'","  "," -- Sous formes brutes ou en poudre","71'","Natural or cultured pearls, precious or semi- precious stones, precious metals, metals clad with pre","7110'","Platinum, unwrought or in semi-manufactured forms, or in powder form.","711011'"," -- Unwrought or in powder form","8","1","R","0","0","","","","0","0","0","0","0","0"
"3610","","HS 2007","Harmonized System 2007","Gabon","266'","2019","1","71101900'","  "," -- Autres","71'","Natural or cultured pearls, precious or semi- precious stones, precious metals, metals clad with pre","7110'","Platinum, unwrought or in semi-manufactured forms, or in powder form.","711019'"," -- Other","8","1","R","0","0","","","","0","0","0","0","0","0"
"3611","","HS 2007","Harmonized System 2007","Gabon","266'","2019","1","71102100'","  "," -- Sous formes brutes ou en poudre","71'","Natural or cultured pearls, precious or semi- precious stones, precious metals, metals clad with pre","7110'","Platinum, unwrought or in semi-manufactured forms, or in powder form.","711021'"," -- Unwrought or in powder form","8","1","R","0","0","","","","0","0","0","0","0","0"
"3612","","HS 2007","Harmonized System 2007","Gabon","266'","2019","1","71102900'","  "," -- Autres","71'","Natural or cultured pearls, precious or semi- precious stones, precious metals, metals clad with pre","7110'","Platinum, unwrought or in semi-manufactured forms, or in powder form.","711029'"," -- Other","8","1","R","0","0","","","","0","0","0","0","0","0"
"3613","","HS 2007","Harmonized System 2007","Gabon","266'","2019","1","71103100'","  "," -- Sous formes brutes ou en poudre","71'","Natural or cultured pearls, precious or semi- precious stones, precious metals, metals clad with pre","7110'","Platinum, unwrought or in semi-manufactured forms, or in powder form.","711031'"," -- Unwrought or in powder form","8","1","R","0","0","","","","0","0","0","0","0","0"
"3614","","HS 2007","Harmonized System 2007","Gabon","266'","2019","1","71103900'","  "," -- Autres","71'","Natural or cultured pearls, precious or semi- precious stones, precious metals, metals clad with pre","7110'","Platinum, unwrought or in semi-manufactured forms, or in powder form.","711039'"," -- Other","8","1","R","0","0","","","","0","0","0","0","0","0"
"3615","","HS 2007","Harmonized System 2007","Gabon","266'","2019","1","71104100'","  "," -- Sous formes brutes ou en poudre","71'","Natural or cultured pearls, precious or semi- precious stones, precious metals, metals clad with pre","7110'","Platinum, unwrought or in semi-manufactured forms, or in powder form.","711041'"," -- Unwrought or in powder form","8","1","R","0","0","","","","0","0","0","0","0","0"
"3616","","HS 2007","Harmonized System 2007","Gabon","266'","2019","1","71104900'","  "," -- Autres","71'","Natural or cultured pearls, precious or semi- precious stones, precious metals, metals clad with pre","7110'","Platinum, unwrought or in semi-manufactured forms, or in powder form.","711049'"," -- Other","8","1","R","0","0","","","","0","0","0","0","0","0"
"3617","","HS 2007","Harmonized System 2007","Gabon","266'","2019","1","71110000'","  "," Plaqu? ou doubl? de platine sur m?taux communs, sur argent ou sur or, sous formes brutes ou mi-ouvr?es.","71'","Natural or cultured pearls, precious or semi- precious stones, precious metals, metals clad with pre","7111'","Base metals, silver or gold, clad with platinum, not further worked than semi-manufactured.","711100'"," Base metals, silver or gold, clad with platinum, not further worked than semi-manufactured.","8","1","R","0","0","","","","0","0","0","0","0","0"
"3618","","HS 2007","Harmonized System 2007","Gabon","266'","2019","1","71123000'","  "," - Cendres contenant des m?taux pr?cieux ou des compos?s de m?taux pr?cieux, ? l?exclusion des cendres d?orf?vre","71'","Natural or cultured pearls, precious or semi- precious stones, precious metals, metals clad with pre","7112'","Waste and scrap of precious metal or of metal clad with precious metal; other waste and scrap contai","711230'"," - Ash containing precious metal or precious metal compounds","8","1","R","0","0","","","","0","0","0","0","0","0"
"3619","","HS 2007","Harmonized System 2007","Gabon","266'","2019","1","71129100'","  "," -- D'or, m?me de plaqu? ou doubl? d'or, ? l'exclusion des cendres d'orf?vre contenant d'autres m?taux pr?cieux","71'","Natural or cultured pearls, precious or semi- precious stones, precious metals, metals clad with pre","7112'","Waste and scrap of precious metal or of metal clad with precious metal; other waste and scrap contai","711291'"," -- Of gold, including metal clad with gold but excluding sweepings containing other precious metals","8","1","R","0","0","","","","0","0","0","0","0","0"
"3620","","HS 2007","Harmonized System 2007","Gabon","266'","2019","1","71129200'","  "," -- De platine, m?me de plaqu? ou doubl? de platine, ? l'exclusion des cendres d'orf?vre contenant d'autres m?taux pr?cieux","71'","Natural or cultured pearls, precious or semi- precious stones, precious metals, metals clad with pre","7112'","Waste and scrap of precious metal or of metal clad with precious metal; other waste and scrap contai","711292'"," -- Of platinum, including metal clad with platinum but excluding sweepings containing other precious","8","1","R","0","0","","","","0","0","0","0","0","0"
"3621","","HS 2007","Harmonized System 2007","Gabon","266'","2019","1","71129900'","  "," -- Autres","71'","Natural or cultured pearls, precious or semi- precious stones, precious metals, metals clad with pre","7112'","Waste and scrap of precious metal or of metal clad with precious metal; other waste and scrap contai","711299'"," -- Other","8","1","R","0","0","","","","0","0","0","0","0","0"
"3622","","HS 2007","Harmonized System 2007","Gabon","266'","2019","1","71131100'","  "," -- En argent, m?me rev?tu, plaqu? ou doubl? d'autres m?taux pr?cieux","71'","Natural or cultured pearls, precious or semi- precious stones, precious metals, metals clad with pre","7113'","Articles of jewellery and parts thereof, of precious metal or of metal clad with precious metal.","711311'"," -- Of silver, whether or not plated or clad with other precious metal","8","1","R","0","0","","","","0","0","0","0","0","0"
"3623","","HS 2007","Harmonized System 2007","Gabon","266'","2019","1","71131900'","  "," -- En autres m?taux pr?cieux, m?me rev?tus, plaqu?s ou doubl?s de m?taux pr?cieux","71'","Natural or cultured pearls, precious or semi- precious stones, precious metals, metals clad with pre","7113'","Articles of jewellery and parts thereof, of precious metal or of metal clad with precious metal.","711319'"," -- Of other precious metal, whether or not plated or clad with precious metal","8","1","R","0","0","","","","0","0","0","0","0","0"
"3624","","HS 2007","Harmonized System 2007","Gabon","266'","2019","1","71132000'","  "," - En plaqu?s ou doubl?s de m?taux pr?cieux sur m?taux communs","71'","Natural or cultured pearls, precious or semi- precious stones, precious metals, metals clad with pre","7113'","Articles of jewellery and parts thereof, of precious metal or of metal clad with precious metal.","711320'"," - Of base metal clad with precious metal","8","1","R","0","0","","","","0","0","0","0","0","0"
"3625","","HS 2007","Harmonized System 2007","Gabon","266'","2019","1","71141100'","  "," -- En argent, m?me rev?tu, plaqu? ou doubl? d'autres m?taux pr?cieux","71'","Natural or cultured pearls, precious or semi- precious stones, precious metals, metals clad with pre","7114'","Articles of goldsmiths' or silversmiths' wares and parts thereof, of precious metal or of metal clad","711411'"," -- Of silver, whether or not plated or clad with other precious metal","8","1","R","0","0","","","","0","0","0","0","0","0"
"3626","","HS 2007","Harmonized System 2007","Gabon","266'","2019","1","71141900'","  "," -- En autres m?taux pr?cieux, m?me rev?tus, plaqu?s ou doubl?s de m?taux pr?cieux","71'","Natural or cultured pearls, precious or semi- precious stones, precious metals, metals clad with pre","7114'","Articles of goldsmiths' or silversmiths' wares and parts thereof, of precious metal or of metal clad","711419'"," -- Of other precious metal, whether or not plated or clad with precious metal","8","1","R","0","0","","","","0","0","0","0","0","0"
"3627","","HS 2007","Harmonized System 2007","Gabon","266'","2019","1","71142000'","  "," - En plaqu?s ou doubl?s de m?taux pr?cieux sur m?taux communs","71'","Natural or cultured pearls, precious or semi- precious stones, precious metals, metals clad with pre","7114'","Articles of goldsmiths' or silversmiths' wares and parts thereof, of precious metal or of metal clad","711420'"," - Of base metal clad with precious metal","8","1","R","0","0","","","","0","0","0","0","0","0"
"3628","","HS 2007","Harmonized System 2007","Gabon","266'","2019","1","71151000'","  "," - Catalyseurs sous forme de toiles ou de treillis en platine","71'","Natural or cultured pearls, precious or semi- precious stones, precious metals, metals clad with pre","7115'","Other articles of precious metal or of metal clad with precious metal.","711510'"," - Catalysts in the form of wire cloth or grill, of platinum","8","1","R","0","0","","","","0","0","0","0","0","0"
"3629","","HS 2007","Harmonized System 2007","Gabon","266'","2019","1","71159000'","  "," - Autres","71'","Natural or cultured pearls, precious or semi- precious stones, precious metals, metals clad with pre","7115'","Other articles of precious metal or of metal clad with precious metal.","711590'"," - Other","8","1","R","0","0","","","","0","0","0","0","0","0"
"3630","","HS 2007","Harmonized System 2007","Gabon","266'","2019","1","71161000'","  "," - En perles fines ou de culture","71'","Natural or cultured pearls, precious or semi- precious stones, precious metals, metals clad with pre","7116'","Articles of natural or cultured pearls, precious or semi-precious stones (natural, synthetic or reco","711610'"," - Of natural or cultured pearls","8","1","R","0","0","","","","0","0","0","0","0","0"
"3631","","HS 2007","Harmonized System 2007","Gabon","266'","2019","1","71162000'","  "," - En pierres gemmes ou en pierres synth?tiques ou reconstitu?es","71'","Natural or cultured pearls, precious or semi- precious stones, precious metals, metals clad with pre","7116'","Articles of natural or cultured pearls, precious or semi-precious stones (natural, synthetic or reco","711620'"," - Of precious or semi-precious stones (natural, synthetic or reconstructed)","8","1","R","0","0","","","","0","0","0","0","0","0"
"3632","","HS 2007","Harmonized System 2007","Gabon","266'","2019","1","71171100'","  "," -- Boutons de manchettes et boutons similaires","71'","Natural or cultured pearls, precious or semi- precious stones, precious metals, metals clad with pre","7117'","Imitation jewellery.","711711'"," -- Cuff-links and studs","8","1","R","0","0","","","","0","0","0","0","0","0"
"3633","","HS 2007","Harmonized System 2007","Gabon","266'","2019","1","71171900'","  "," -- Autres","71'","Natural or cultured pearls, precious or semi- precious stones, precious metals, metals clad with pre","7117'","Imitation jewellery.","711719'"," -- Other","8","1","R","0","0","","","","0","0","0","0","0","0"
"3634","","HS 2007","Harmonized System 2007","Gabon","266'","2019","1","71179000'","  "," - Autres","71'","Natural or cultured pearls, precious or semi- precious stones, precious metals, metals clad with pre","7117'","Imitation jewellery.","711790'"," - Other","8","1","R","0","0","","","","0","0","0","0","0","0"
"3635","","HS 2007","Harmonized System 2007","Gabon","266'","2019","1","71181010'","  "," Monnaies d'argent n'ayant pas cours l?gal","71'","Natural or cultured pearls, precious or semi- precious stones, precious metals, metals clad with pre","7118'","Coin.","711810'"," - Coin (other than gold coin), not being legal tender","8","1","R","0","0","","","","0","0","0","0","0","0"
"3636","","HS 2007","Harmonized System 2007","Gabon","266'","2019","1","71181090'","  "," Monnaies de m?taux pr?cieux n'ayant pas cours l?gal autres que l'or et l'argent","71'","Natural or cultured pearls, precious or semi- precious stones, precious metals, metals clad with pre","7118'","Coin.","711810'"," - Coin (other than gold coin), not being legal tender","8","1","R","0","0","","","","0","0","0","0","0","0"
"3637","","HS 2007","Harmonized System 2007","Gabon","266'","2019","1","71189010'","  "," Pi?ces d'or autre que l'or mon?taire","71'","Natural or cultured pearls, precious or semi- precious stones, precious metals, metals clad with pre","7118'","Coin.","711890'"," - Other","8","1","R","0","0","","","","0","0","0","0","0","0"
"3638","","HS 2007","Harmonized System 2007","Gabon","266'","2019","1","71189020'","  "," Or mon?taire ayant cours l?gal","71'","Natural or cultured pearls, precious or semi- precious stones, precious metals, metals clad with pre","7118'","Coin.","711890'"," - Other","8","1","R","0","0","","","","0","0","0","0","0","0"
"3639","","HS 2007","Harmonized System 2007","Gabon","266'","2019","1","71189030'","  "," Monnaies d'argent ayant cours l?gal","71'","Natural or cultured pearls, precious or semi- precious stones, precious metals, metals clad with pre","7118'","Coin.","711890'"," - Other","8","1","R","0","0","","","","0","0","0","0","0","0"
"3640","","HS 2007","Harmonized System 2007","Gabon","266'","2019","1","71189090'","  "," Monnaies de m?taux pr?cieux ayant cours l?gal ? l'exclusion de 71189090 ? 71189030","71'","Natural or cultured pearls, precious or semi- precious stones, precious metals, metals clad with pre","7118'","Coin.","711890'"," - Other","8","1","R","0","0","","","","0","0","0","0","0","0"
"3641","","HS 2007","Harmonized System 2007","Gabon","266'","2019","1","72011000'","  "," -? Fontes brutes non alli?es contenant en poids 0,5 % ou moins de phosphore","72'","Iron and steel","7201'","Pig iron and spiegeleisen in pigs, blocks or other primary forms.","720110'"," - Non-alloy pig iron containing by weight 0.5% or less of phosphorus","8","1","R","0","0","","","","0","0","0","0","0","0"
"3642","","HS 2007","Harmonized System 2007","Gabon","266'","2019","1","72012000'","  "," -? Fontes brutes non alli?es contenant en poids plus de 0,5?% de phosphore","72'","Iron and steel","7201'","Pig iron and spiegeleisen in pigs, blocks or other primary forms.","720120'"," - Non-alloy pig iron containing by weight more than 0.5% of phosphorus","8","1","R","0","0","","","","0","0","0","0","0","0"
"3643","","HS 2007","Harmonized System 2007","Gabon","266'","2019","1","72015000'","  "," -? Fontes brutes alli?es; fontes spiegel","72'","Iron and steel","7201'","Pig iron and spiegeleisen in pigs, blocks or other primary forms.","720150'"," - Alloy pig iron; spiegeleisen","8","1","R","0","0","","","","0","0","0","0","0","0"
"3644","","HS 2007","Harmonized System 2007","Gabon","266'","2019","1","72021100'","  "," -- Contenant en poids plus de 2 % de carbone","72'","Iron and steel","7202'","Ferro-alloys.","720211'"," -- Containing by weight more than 2% of carbon","8","1","R","0","0","","","","0","0","0","0","0","0"
"3645","","HS 2007","Harmonized System 2007","Gabon","266'","2019","1","72021900'","  "," -- Autres","72'","Iron and steel","7202'","Ferro-alloys.","720219'"," -- Other","8","1","R","0","0","","","","0","0","0","0","0","0"
"3646","","HS 2007","Harmonized System 2007","Gabon","266'","2019","1","72022100'","  "," -- Contenant en poids plus de 55 % de silicium","72'","Iron and steel","7202'","Ferro-alloys.","720221'"," -- Containing by weight more than 55% of silicon","8","1","R","0","0","","","","0","0","0","0","0","0"
"3647","","HS 2007","Harmonized System 2007","Gabon","266'","2019","1","72022900'","  "," -- Autres","72'","Iron and steel","7202'","Ferro-alloys.","720229'"," -- Other","8","1","R","0","0","","","","0","0","0","0","0","0"
"3648","","HS 2007","Harmonized System 2007","Gabon","266'","2019","1","72023000'","  "," -? Ferro-silico-mangan?se","72'","Iron and steel","7202'","Ferro-alloys.","720230'"," - Ferro-silico-manganese","8","1","R","0","0","","","","0","0","0","0","0","0"
"3649","","HS 2007","Harmonized System 2007","Gabon","266'","2019","1","72024100'","  "," -- Contenant en poids plus de 4 % de carbone","72'","Iron and steel","7202'","Ferro-alloys.","720241'"," -- Containing by weight more than 4% of carbon","8","1","R","0","0","","","","0","0","0","0","0","0"
"3650","","HS 2007","Harmonized System 2007","Gabon","266'","2019","1","72024900'","  "," -- Autres","72'","Iron and steel","7202'","Ferro-alloys.","720249'"," -- Other","8","1","R","0","0","","","","0","0","0","0","0","0"
"3651","","HS 2007","Harmonized System 2007","Gabon","266'","2019","1","72025000'","  "," -? Ferro-silico-chrome","72'","Iron and steel","7202'","Ferro-alloys.","720250'"," - Ferro-silico-chromium","8","1","R","0","0","","","","0","0","0","0","0","0"
"3652","","HS 2007","Harmonized System 2007","Gabon","266'","2019","1","72026000'","  "," -? Ferronickel","72'","Iron and steel","7202'","Ferro-alloys.","720260'"," - Ferro-nickel","8","1","R","0","0","","","","0","0","0","0","0","0"
"3653","","HS 2007","Harmonized System 2007","Gabon","266'","2019","1","72027000'","  "," -? Ferromolybd?ne","72'","Iron and steel","7202'","Ferro-alloys.","720270'"," - Ferro-molybdenum","8","1","R","0","0","","","","0","0","0","0","0","0"
"3654","","HS 2007","Harmonized System 2007","Gabon","266'","2019","1","72028000'","  "," -? Ferrotungst?ne et ferro-silico-tungst?ne","72'","Iron and steel","7202'","Ferro-alloys.","720280'"," - Ferro-tungsten and ferro-silico-tungsten","8","1","R","0","0","","","","0","0","0","0","0","0"
"3655","","HS 2007","Harmonized System 2007","Gabon","266'","2019","1","72029100'","  "," -- Ferrotitane et ferro-silico-titane","72'","Iron and steel","7202'","Ferro-alloys.","720291'"," -- Ferro-titanium and ferro-silico-titanium","8","1","R","0","0","","","","0","0","0","0","0","0"
"3656","","HS 2007","Harmonized System 2007","Gabon","266'","2019","1","72029200'","  "," -- Ferrovanadium","72'","Iron and steel","7202'","Ferro-alloys.","720292'"," -- Ferro-vanadium","8","1","R","0","0","","","","0","0","0","0","0","0"
"3657","","HS 2007","Harmonized System 2007","Gabon","266'","2019","1","72029300'","  "," -- Ferroniobium","72'","Iron and steel","7202'","Ferro-alloys.","720293'"," -- Ferro-niobium","8","1","R","0","0","","","","0","0","0","0","0","0"
"3658","","HS 2007","Harmonized System 2007","Gabon","266'","2019","1","72029900'","  "," -- Autres","72'","Iron and steel","7202'","Ferro-alloys.","720299'"," -- Other","8","1","R","0","0","","","","0","0","0","0","0","0"
"3659","","HS 2007","Harmonized System 2007","Gabon","266'","2019","1","72031000'","  "," -? Produits ferreux obtenus par r?duction directe des minerais de fer","72'","Iron and steel","7203'","Ferrous products obtained by direct reduction of iron ore and other spongy ferrous products, in lump","720310'"," - Ferrous products obtained by direct reduction of iron ore","8","1","R","0","0","","","","0","0","0","0","0","0"
"3660","","HS 2007","Harmonized System 2007","Gabon","266'","2019","1","72039000'","  "," - Autres","72'","Iron and steel","7203'","Ferrous products obtained by direct reduction of iron ore and other spongy ferrous products, in lump","720390'"," - Other","8","1","R","0","0","","","","0","0","0","0","0","0"
"3661","","HS 2007","Harmonized System 2007","Gabon","266'","2019","1","72041000'","  "," - D?chets et d?bris de fonte","72'","Iron and steel","7204'","Ferrous waste and scrap; remelting scrap ingots of iron or steel.","720410'"," - Waste and scrap of cast iron","8","1","R","0","0","","","","0","0","0","0","0","0"
"3662","","HS 2007","Harmonized System 2007","Gabon","266'","2019","1","72042100'","  "," -- D'aciers inoxydables","72'","Iron and steel","7204'","Ferrous waste and scrap; remelting scrap ingots of iron or steel.","720421'"," -- Of stainless steel","8","1","R","0","0","","","","0","0","0","0","0","0"
"3663","","HS 2007","Harmonized System 2007","Gabon","266'","2019","1","72042900'","  "," -- Autres","72'","Iron and steel","7204'","Ferrous waste and scrap; remelting scrap ingots of iron or steel.","720429'"," -- Other","8","1","R","0","0","","","","0","0","0","0","0","0"
"3664","","HS 2007","Harmonized System 2007","Gabon","266'","2019","1","72043000'","  "," - D?chets et d?bris de fer ou d'acier ?tam?s","72'","Iron and steel","7204'","Ferrous waste and scrap; remelting scrap ingots of iron or steel.","720430'"," - Waste and scrap of tinned iron or steel","8","1","R","0","0","","","","0","0","0","0","0","0"
"3665","","HS 2007","Harmonized System 2007","Gabon","266'","2019","1","72044100'","  "," -- Tournures, frisons, copeaux, meulures, sciures, limailles et chutes d'estampage ou de d?coupage, m?me en paquets","72'","Iron and steel","7204'","Ferrous waste and scrap; remelting scrap ingots of iron or steel.","720441'"," -- Turnings, shavings, chips, milling waste, sawdust, filings, trimmings and stampings, whether or n","8","1","R","0","0","","","","0","0","0","0","0","0"
"3666","","HS 2007","Harmonized System 2007","Gabon","266'","2019","1","72044900'","  "," -- Autres","72'","Iron and steel","7204'","Ferrous waste and scrap; remelting scrap ingots of iron or steel.","720449'"," -- Other","8","1","R","0","0","","","","0","0","0","0","0","0"
"3667","","HS 2007","Harmonized System 2007","Gabon","266'","2019","1","72045000'","  "," - D?chets lingot?s","72'","Iron and steel","7204'","Ferrous waste and scrap; remelting scrap ingots of iron or steel.","720450'"," - Remelting scrap ingots","8","1","R","0","0","","","","0","0","0","0","0","0"
"3668","","HS 2007","Harmonized System 2007","Gabon","266'","2019","1","72051000'","  "," - Grenailles","72'","Iron and steel","7205'","Granules and powders, of pig iron, spiegeleisen, iron or steel.","720510'"," - Granules","8","1","R","0","0","","","","0","0","0","0","0","0"
"3669","","HS 2007","Harmonized System 2007","Gabon","266'","2019","1","72052100'","  "," -- D'aciers alli?s","72'","Iron and steel","7205'","Granules and powders, of pig iron, spiegeleisen, iron or steel.","720521'"," -- Of alloy steel","8","1","R","0","0","","","","0","0","0","0","0","0"
"3670","","HS 2007","Harmonized System 2007","Gabon","266'","2019","1","72052900'","  "," -- Autres","72'","Iron and steel","7205'","Granules and powders, of pig iron, spiegeleisen, iron or steel.","720529'"," -- Other","8","1","R","0","0","","","","0","0","0","0","0","0"
"3671","","HS 2007","Harmonized System 2007","Gabon","266'","2019","1","72061000'","  "," - Lingots","72'","Iron and steel","7206'","Iron and non-alloy steel in ingots or other primary forms (excluding iron of heading 72.03).","720610'"," - Ingots","8","1","R","0","0","","","","0","0","0","0","0","0"
"3672","","HS 2007","Harmonized System 2007","Gabon","266'","2019","1","72069000'","  "," - Autres","72'","Iron and steel","7206'","Iron and non-alloy steel in ingots or other primary forms (excluding iron of heading 72.03).","720690'"," - Other","8","1","R","0","0","","","","0","0","0","0","0","0"
"3673","","HS 2007","Harmonized System 2007","Gabon","266'","2019","1","72071100'","  "," -- De section transversale carr?e ou rectangulaire et dont la largeur est inf?rieure ? deux fois l'?paisseur","72'","Iron and steel","7207'","Semi-finished products of iron or non-alloy steel.","720711'"," -- Of rectangular (including square) cross-section, the width measuring less than twice the thicknes","8","1","R","0","0","","","","0","0","0","0","0","0"
"3674","","HS 2007","Harmonized System 2007","Gabon","266'","2019","1","72071200'","  "," -- Autres, de section transversale rectangulaire","72'","Iron and steel","7207'","Semi-finished products of iron or non-alloy steel.","720712'"," -- Other, of rectangular (other than square) cross-section","8","1","R","0","0","","","","0","0","0","0","0","0"
"3675","","HS 2007","Harmonized System 2007","Gabon","266'","2019","1","72071900'","  "," -- Autres","72'","Iron and steel","7207'","Semi-finished products of iron or non-alloy steel.","720719'"," -- Other","8","1","R","0","0","","","","0","0","0","0","0","0"
"3676","","HS 2007","Harmonized System 2007","Gabon","266'","2019","1","72072000'","  "," - Contenant en poids 0,25 % ou plus de carbone","72'","Iron and steel","7207'","Semi-finished products of iron or non-alloy steel.","720720'"," - Containing by weight 0.25% or more of carbon","8","1","R","0","0","","","","0","0","0","0","0","0"
"3677","","HS 2007","Harmonized System 2007","Gabon","266'","2019","1","72081000'","  "," - Enroul?s, simplement lamin?s ? chaud, pr?sentant des motifs en relief","72'","Iron and steel","7208'","Flat-rolled products of iron or non-alloy steel, of a width of 600 mm or more, hot-rolled, not clad,","720810'"," - In coils, not further worked than hot-rolled, with patterns in relief","8","1","R","0","0","","","","0","0","0","0","0","0"
"3678","","HS 2007","Harmonized System 2007","Gabon","266'","2019","1","72082500'","  "," -- D'une ?paisseur de 4,75 mm ou plus","72'","Iron and steel","7208'","Flat-rolled products of iron or non-alloy steel, of a width of 600 mm or more, hot-rolled, not clad,","720825'"," -- Of a thickness of 4.75 mm or more","8","1","R","0","0","","","","0","0","0","0","0","0"
"3679","","HS 2007","Harmonized System 2007","Gabon","266'","2019","1","72082600'","  "," -- D'une ?paisseur de 3 mm ou plus mais inf?rieure ? 4,75?mm","72'","Iron and steel","7208'","Flat-rolled products of iron or non-alloy steel, of a width of 600 mm or more, hot-rolled, not clad,","720826'"," -- Of a thickness of 3 mm or more but less than 4.75 mm","8","1","R","0","0","","","","0","0","0","0","0","0"
"3680","","HS 2007","Harmonized System 2007","Gabon","266'","2019","1","72082700'","  "," -- D'une ?paisseur inf?rieure ? 3 mm","72'","Iron and steel","7208'","Flat-rolled products of iron or non-alloy steel, of a width of 600 mm or more, hot-rolled, not clad,","720827'"," -- Of a thickness of less than 3 mm","8","1","R","0","0","","","","0","0","0","0","0","0"
"3681","","HS 2007","Harmonized System 2007","Gabon","266'","2019","1","72083600'","  "," -- D'une ?paisseur exc?dant 10 mm","72'","Iron and steel","7208'","Flat-rolled products of iron or non-alloy steel, of a width of 600 mm or more, hot-rolled, not clad,","720836'"," -- Of a thickness exceeding 10 mm","8","1","R","0","0","","","","0","0","0","0","0","0"
"3682","","HS 2007","Harmonized System 2007","Gabon","266'","2019","1","72083700'","  "," -- D'une ?paisseur de 4,75 mm ou plus mais n'exc?dant pas 10 mm","72'","Iron and steel","7208'","Flat-rolled products of iron or non-alloy steel, of a width of 600 mm or more, hot-rolled, not clad,","720837'"," -- Of a thickness of 4.75 mm or more but not exceeding 10?mm","8","1","R","0","0","","","","0","0","0","0","0","0"
"3683","","HS 2007","Harmonized System 2007","Gabon","266'","2019","1","72083800'","  "," -- D'une ?paisseur de 3 mm ou plus mais inf?rieure ? 4,75?mm","72'","Iron and steel","7208'","Flat-rolled products of iron or non-alloy steel, of a width of 600 mm or more, hot-rolled, not clad,","720838'"," -- Of a thickness of 3 mm or more but less than 4.75 mm","8","1","R","0","0","","","","0","0","0","0","0","0"
"3684","","HS 2007","Harmonized System 2007","Gabon","266'","2019","1","72083900'","  "," -- D'une ?paisseur inf?rieure ? 3 mm","72'","Iron and steel","7208'","Flat-rolled products of iron or non-alloy steel, of a width of 600 mm or more, hot-rolled, not clad,","720839'"," -- Of a thickness of less than 3 mm","8","1","R","0","0","","","","0","0","0","0","0","0"
"3685","","HS 2007","Harmonized System 2007","Gabon","266'","2019","1","72084000'","  "," - Non enroul?s, simplement lamin?s ? chaud, pr?sentant des motifs en relief","72'","Iron and steel","7208'","Flat-rolled products of iron or non-alloy steel, of a width of 600 mm or more, hot-rolled, not clad,","720840'"," - Not in coils, not further worked than hot-rolled, with patterns in relief","8","1","R","0","0","","","","0","0","0","0","0","0"
"3686","","HS 2007","Harmonized System 2007","Gabon","266'","2019","1","72085100'","  "," -- D'une ?paisseur exc?dant 10 mm","72'","Iron and steel","7208'","Flat-rolled products of iron or non-alloy steel, of a width of 600 mm or more, hot-rolled, not clad,","720851'"," -- Of a thickness exceeding 10 mm","8","1","R","0","0","","","","0","0","0","0","0","0"
"3687","","HS 2007","Harmonized System 2007","Gabon","266'","2019","1","72085200'","  "," -- D'une ?paisseur de 4,75 mm ou plus mais n'exc?dant pas 10 mm","72'","Iron and steel","7208'","Flat-rolled products of iron or non-alloy steel, of a width of 600 mm or more, hot-rolled, not clad,","720852'"," -- Of a thickness of 4.75 mm or more but not exceeding 10?mm","8","1","R","0","0","","","","0","0","0","0","0","0"
"3688","","HS 2007","Harmonized System 2007","Gabon","266'","2019","1","72085300'","  "," -- D'une ?paisseur de 3 mm ou plus mais inf?rieure ? 4,75?mm","72'","Iron and steel","7208'","Flat-rolled products of iron or non-alloy steel, of a width of 600 mm or more, hot-rolled, not clad,","720853'"," -- Of a thickness of 3 mm or more but less than 4.75?mm","8","1","R","0","0","","","","0","0","0","0","0","0"
"3689","","HS 2007","Harmonized System 2007","Gabon","266'","2019","1","72085400'","  "," -- D'une ?paisseur inf?rieure ? 3 mm","72'","Iron and steel","7208'","Flat-rolled products of iron or non-alloy steel, of a width of 600 mm or more, hot-rolled, not clad,","720854'"," -- Of a thickness of less than 3 mm","8","1","R","0","0","","","","0","0","0","0","0","0"
"3690","","HS 2007","Harmonized System 2007","Gabon","266'","2019","1","72089000'","  "," - Autres","72'","Iron and steel","7208'","Flat-rolled products of iron or non-alloy steel, of a width of 600 mm or more, hot-rolled, not clad,","720890'"," - Other","8","1","R","0","0","","","","0","0","0","0","0","0"
"3691","","HS 2007","Harmonized System 2007","Gabon","266'","2019","1","72091500'","  "," -- D'une ?paisseur de 3 mm ou plus","72'","Iron and steel","7209'","Flat-rolled products of iron or non-alloy steel, of a width of 600 mm or more, cold-rolled (cold-red","720915'"," -- Of a thickness of 3 mm or more","8","1","R","0","0","","","","0","0","0","0","0","0"
"3692","","HS 2007","Harmonized System 2007","Gabon","266'","2019","1","72091600'","  "," -- D'une ?paisseur exc?dant 1 mm mais inf?rieure ? 3 mm","72'","Iron and steel","7209'","Flat-rolled products of iron or non-alloy steel, of a width of 600 mm or more, cold-rolled (cold-red","720916'"," -- Of a thickness exceeding 1 mm but less than 3 mm","8","1","R","0","0","","","","0","0","0","0","0","0"
"3693","","HS 2007","Harmonized System 2007","Gabon","266'","2019","1","72091700'","  "," -- D'une ?paisseur de 0,5 mm ou plus mais n'exc?dant pas 1?mm","72'","Iron and steel","7209'","Flat-rolled products of iron or non-alloy steel, of a width of 600 mm or more, cold-rolled (cold-red","720917'"," -- Of a thickness of 0.5 mm or more but not exceeding 1?mm","8","1","R","0","0","","","","0","0","0","0","0","0"
"3694","","HS 2007","Harmonized System 2007","Gabon","266'","2019","1","72091800'","  "," -- D'une ?paisseur inf?rieure ? 0,5 mm","72'","Iron and steel","7209'","Flat-rolled products of iron or non-alloy steel, of a width of 600 mm or more, cold-rolled (cold-red","720918'"," -- Of a thickness of less than 0.5 mm","8","1","R","0","0","","","","0","0","0","0","0","0"
"3695","","HS 2007","Harmonized System 2007","Gabon","266'","2019","1","72092500'","  "," -- D'une ?paisseur de 3 mm ou plus","72'","Iron and steel","7209'","Flat-rolled products of iron or non-alloy steel, of a width of 600 mm or more, cold-rolled (cold-red","720925'"," -- Of a thickness of 3 mm or more","8","1","R","0","0","","","","0","0","0","0","0","0"
"3696","","HS 2007","Harmonized System 2007","Gabon","266'","2019","1","72092600'","  "," -- D'une ?paisseur exc?dant 1 mm mais inf?rieure ? 3?mm","72'","Iron and steel","7209'","Flat-rolled products of iron or non-alloy steel, of a width of 600 mm or more, cold-rolled (cold-red","720926'"," -- Of a thickness exceeding 1 mm but less than 3 mm","8","1","R","0","0","","","","0","0","0","0","0","0"
"3697","","HS 2007","Harmonized System 2007","Gabon","266'","2019","1","72092700'","  "," -- D'une ?paisseur de 0,5 mm ou plus mais n'exc?dant pas 1?mm","72'","Iron and steel","7209'","Flat-rolled products of iron or non-alloy steel, of a width of 600 mm or more, cold-rolled (cold-red","720927'"," -- Of a thickness of 0.5 mm or more but not exceeding 1 mm","8","1","R","0","0","","","","0","0","0","0","0","0"
"3698","","HS 2007","Harmonized System 2007","Gabon","266'","2019","1","72092800'","  "," -- D'une ?paisseur inf?rieure ? 0,5 mm","72'","Iron and steel","7209'","Flat-rolled products of iron or non-alloy steel, of a width of 600 mm or more, cold-rolled (cold-red","720928'"," -- Of a thickness of less than 0.5 mm","8","1","R","0","0","","","","0","0","0","0","0","0"
"3699","","HS 2007","Harmonized System 2007","Gabon","266'","2019","1","72099000'","  "," - Autres","72'","Iron and steel","7209'","Flat-rolled products of iron or non-alloy steel, of a width of 600 mm or more, cold-rolled (cold-red","720990'"," - Other","8","1","R","0","0","","","","0","0","0","0","0","0"
"3700","","HS 2007","Harmonized System 2007","Gabon","266'","2019","1","72101100'","  "," -- D'une ?paisseur de 0,5 mm ou plus","72'","Iron and steel","7210'","Flat-rolled products of iron or non-alloy steel, of a width of 600 mm or more, clad, plated or coate","721011'"," -- Of a thickness of 0.5 mm or more","8","1","R","0","0","","","","0","0","0","0","0","0"
"3701","","HS 2007","Harmonized System 2007","Gabon","266'","2019","1","72101200'","  "," -- D'une ?paisseur inf?rieure ? 0,5 mm","72'","Iron and steel","7210'","Flat-rolled products of iron or non-alloy steel, of a width of 600 mm or more, clad, plated or coate","721012'"," -- Of a thickness of less than 0.5 mm","8","1","R","0","0","","","","0","0","0","0","0","0"
"3702","","HS 2007","Harmonized System 2007","Gabon","266'","2019","1","72102000'","  "," - Plomb?s, y compris le fer terne","72'","Iron and steel","7210'","Flat-rolled products of iron or non-alloy steel, of a width of 600 mm or more, clad, plated or coate","721020'"," - Plated or coated with lead, including terne-plate","8","1","R","0","0","","","","0","0","0","0","0","0"
"3703","","HS 2007","Harmonized System 2007","Gabon","266'","2019","1","72103000'","  "," - Zingu?s ?lectrolytiquement","72'","Iron and steel","7210'","Flat-rolled products of iron or non-alloy steel, of a width of 600 mm or more, clad, plated or coate","721030'"," - Electrolytically plated or coated with zinc","8","1","R","0","0","","","","0","0","0","0","0","0"
"3704","","HS 2007","Harmonized System 2007","Gabon","266'","2019","1","72104110'","  "," Produits lamin?s plats en fer ou en acier, non alli?s","72'","Iron and steel","7210'","Flat-rolled products of iron or non-alloy steel, of a width of 600 mm or more, clad, plated or coate","721041'"," -- Corrugated","8","1","R","0","0","","","","0","0","0","0","0","0"
"3705","","HS 2007","Harmonized System 2007","Gabon","266'","2019","1","72104120'","  "," Produits lamin?s plats en fer ou en acier, non alli?s","72'","Iron and steel","7210'","Flat-rolled products of iron or non-alloy steel, of a width of 600 mm or more, clad, plated or coate","721041'"," -- Corrugated","8","1","R","0","0","","","","0","0","0","0","0","0"
"3706","","HS 2007","Harmonized System 2007","Gabon","266'","2019","1","72104910'","  "," Produits lamin?s plats en fer ou en acier autrement zingu?s.","72'","Iron and steel","7210'","Flat-rolled products of iron or non-alloy steel, of a width of 600 mm or more, clad, plated or coate","721049'"," -- Other","8","1","R","0","0","","","","0","0","0","0","0","0"
"3707","","HS 2007","Harmonized System 2007","Gabon","266'","2019","1","72104920'","  "," Produits lamin?s plats en fer ou en acier autrement","72'","Iron and steel","7210'","Flat-rolled products of iron or non-alloy steel, of a width of 600 mm or more, clad, plated or coate","721049'"," -- Other","8","1","R","0","0","","","","0","0","0","0","0","0"
"3708","","HS 2007","Harmonized System 2007","Gabon","266'","2019","1","72104990'","  "," Produits lamin?s plats en fer ou en acier autres que ceux du 72104910 et 72104920","72'","Iron and steel","7210'","Flat-rolled products of iron or non-alloy steel, of a width of 600 mm or more, clad, plated or coate","721049'"," -- Other","8","1","R","0","0","","","","0","0","0","0","0","0"
"3709","","HS 2007","Harmonized System 2007","Gabon","266'","2019","1","72105010'","  "," Produits lamin?s plats en fer ou en acier non alli?s revetus d'oxydes de chrome.","72'","Iron and steel","7210'","Flat-rolled products of iron or non-alloy steel, of a width of 600 mm or more, clad, plated or coate","721050'"," - Plated or coated with chromium oxides or with chromium and chromium oxides","8","1","R","0","0","","","","0","0","0","0","0","0"
"3710","","HS 2007","Harmonized System 2007","Gabon","266'","2019","1","72105020'","  "," Produits lamin?s plats en fer ou en acier non alli?s revetus de chrome et oxyd. de chrom","72'","Iron and steel","7210'","Flat-rolled products of iron or non-alloy steel, of a width of 600 mm or more, clad, plated or coate","721050'"," - Plated or coated with chromium oxides or with chromium and chromium oxides","8","1","R","0","0","","","","0","0","0","0","0","0"
"3711","","HS 2007","Harmonized System 2007","Gabon","266'","2019","1","72106100'","  "," -- Rev?tus d'alliages d'aluminium et de zinc","72'","Iron and steel","7210'","Flat-rolled products of iron or non-alloy steel, of a width of 600 mm or more, clad, plated or coate","721061'"," -- Plated or coated with aluminium-zinc alloys","8","1","R","0","0","","","","0","0","0","0","0","0"
"3712","","HS 2007","Harmonized System 2007","Gabon","266'","2019","1","72106900'","  "," -- Autres","72'","Iron and steel","7210'","Flat-rolled products of iron or non-alloy steel, of a width of 600 mm or more, clad, plated or coate","721069'"," -- Other","8","1","R","0","0","","","","0","0","0","0","0","0"
"3713","","HS 2007","Harmonized System 2007","Gabon","266'","2019","1","72107010'","  "," Produits lamin?s plats en fer ou en acier peints","72'","Iron and steel","7210'","Flat-rolled products of iron or non-alloy steel, of a width of 600 mm or more, clad, plated or coate","721070'"," - Painted, varnished or coated with plastics","8","1","R","0","0","","","","0","0","0","0","0","0"
"3714","","HS 2007","Harmonized System 2007","Gabon","266'","2019","1","72107090'","  "," Produits lamin?s plats en fer ou en acier vernis ou rev?tus de mati?res plastiques","72'","Iron and steel","7210'","Flat-rolled products of iron or non-alloy steel, of a width of 600 mm or more, clad, plated or coate","721070'"," - Painted, varnished or coated with plastics","8","1","R","0","0","","","","0","0","0","0","0","0"
"3715","","HS 2007","Harmonized System 2007","Gabon","266'","2019","1","72109000'","  "," - Autres","72'","Iron and steel","7210'","Flat-rolled products of iron or non-alloy steel, of a width of 600 mm or more, clad, plated or coate","721090'"," - Other","8","1","R","0","0","","","","0","0","0","0","0","0"
"3716","","HS 2007","Harmonized System 2007","Gabon","266'","2019","1","72111300'","  "," -- Lamin?s sur les quatre faces ou en cannelures ferm?es, d'une largeur exc?dant 150 mm et d'une ?paisseur de 4?mm ou plus, non enroul?s et ne pr?sentant pas de motifs en relief","72'","Iron and steel","7211'","Flat-rolled products of iron or non-alloy steel, of a width of less than 600 mm, not clad, plated or","721113'"," -- Rolled on four faces or in a closed box pass, of a width exceeding 150 mm and a thickness of not ","8","1","R","0","0","","","","0","0","0","0","0","0"
"3717","","HS 2007","Harmonized System 2007","Gabon","266'","2019","1","72111400'","  "," -- Autres, d'une ?paisseur de 4,75 mm ou plus","72'","Iron and steel","7211'","Flat-rolled products of iron or non-alloy steel, of a width of less than 600 mm, not clad, plated or","721114'"," -- Other, of a thickness of 4.75 mm or more","8","1","R","0","0","","","","0","0","0","0","0","0"
"3718","","HS 2007","Harmonized System 2007","Gabon","266'","2019","1","72111900'","  "," -- Autres","72'","Iron and steel","7211'","Flat-rolled products of iron or non-alloy steel, of a width of less than 600 mm, not clad, plated or","721119'"," -- Other","8","1","R","0","0","","","","0","0","0","0","0","0"
"3719","","HS 2007","Harmonized System 2007","Gabon","266'","2019","1","72112300'","  "," -- Contenant en poids moins de 0,25 % de carbone","72'","Iron and steel","7211'","Flat-rolled products of iron or non-alloy steel, of a width of less than 600 mm, not clad, plated or","721123'"," -- Containing by weight less than 0.25% of carbon","8","1","R","0","0","","","","0","0","0","0","0","0"
"3720","","HS 2007","Harmonized System 2007","Gabon","266'","2019","1","72112900'","  "," -- Autres","72'","Iron and steel","7211'","Flat-rolled products of iron or non-alloy steel, of a width of less than 600 mm, not clad, plated or","721129'"," -- Other","8","1","R","0","0","","","","0","0","0","0","0","0"
"3721","","HS 2007","Harmonized System 2007","Gabon","266'","2019","1","72119000'","  "," - Autres","72'","Iron and steel","7211'","Flat-rolled products of iron or non-alloy steel, of a width of less than 600 mm, not clad, plated or","721190'"," - Other","8","1","R","0","0","","","","0","0","0","0","0","0"
"3722","","HS 2007","Harmonized System 2007","Gabon","266'","2019","1","72121000'","  "," - Etam?s","72'","Iron and steel","7212'","Flat-rolled products of iron or non-alloy steel, of a width of less than 600 mm, clad, plated or coa","721210'"," - Plated or coated with tin","8","1","R","0","0","","","","0","0","0","0","0","0"
"3723","","HS 2007","Harmonized System 2007","Gabon","266'","2019","1","72122000'","  "," - Zingu?s ?lectrolytiquement","72'","Iron and steel","7212'","Flat-rolled products of iron or non-alloy steel, of a width of less than 600 mm, clad, plated or coa","721220'"," - Electrolytically plated or coated with zinc","8","1","R","0","0","","","","0","0","0","0","0","0"
"3724","","HS 2007","Harmonized System 2007","Gabon","266'","2019","1","72123000'","  "," - Autrement zingu?s","72'","Iron and steel","7212'","Flat-rolled products of iron or non-alloy steel, of a width of less than 600 mm, clad, plated or coa","721230'"," - Otherwise plated or coated with zinc","8","1","R","0","0","","","","0","0","0","0","0","0"
"3725","","HS 2007","Harmonized System 2007","Gabon","266'","2019","1","72124000'","  "," - Peints, vernis ou rev?tus de mati?res plastiques","72'","Iron and steel","7212'","Flat-rolled products of iron or non-alloy steel, of a width of less than 600 mm, clad, plated or coa","721240'"," - Painted, varnished or coated with plastics","8","1","R","0","0","","","","0","0","0","0","0","0"
"3726","","HS 2007","Harmonized System 2007","Gabon","266'","2019","1","72125000'","  "," - Autrement rev?tus","72'","Iron and steel","7212'","Flat-rolled products of iron or non-alloy steel, of a width of less than 600 mm, clad, plated or coa","721250'"," - Otherwise plated or coated","8","1","R","0","0","","","","0","0","0","0","0","0"
"3727","","HS 2007","Harmonized System 2007","Gabon","266'","2019","1","72126000'","  "," - Plaqu?s","72'","Iron and steel","7212'","Flat-rolled products of iron or non-alloy steel, of a width of less than 600 mm, clad, plated or coa","721260'"," - Clad","8","1","R","0","0","","","","0","0","0","0","0","0"
"3728","","HS 2007","Harmonized System 2007","Gabon","266'","2019","1","72131000'","  "," - Comportant des indentations, bourrelets, creux ou reliefs obtenus au cours du laminage","72'","Iron and steel","7213'","Bars and rods, hot-rolled, in irregularly wound coils, of iron or non-alloy steel.","721310'"," - Containing indentations, ribs, grooves or other deformations produced during the rolling process","8","1","R","0","0","","","","0","0","0","0","0","0"
"3729","","HS 2007","Harmonized System 2007","Gabon","266'","2019","1","72132000'","  "," - Autres, en aciers de d?colletage","72'","Iron and steel","7213'","Bars and rods, hot-rolled, in irregularly wound coils, of iron or non-alloy steel.","721320'"," - Other, of free-cutting steel","8","1","R","0","0","","","","0","0","0","0","0","0"
"3730","","HS 2007","Harmonized System 2007","Gabon","266'","2019","1","72139100'","  "," -- De section circulaire d'un diam?tre inf?rieur ? 14?mm","72'","Iron and steel","7213'","Bars and rods, hot-rolled, in irregularly wound coils, of iron or non-alloy steel.","721391'"," -- Of circular cross-section measuring less than 14 mm in diameter","8","1","R","0","0","","","","0","0","0","0","0","0"
"3731","","HS 2007","Harmonized System 2007","Gabon","266'","2019","1","72139900'","  "," -- Autres","72'","Iron and steel","7213'","Bars and rods, hot-rolled, in irregularly wound coils, of iron or non-alloy steel.","721399'"," -- Other","8","1","R","0","0","","","","0","0","0","0","0","0"
"3732","","HS 2007","Harmonized System 2007","Gabon","266'","2019","1","72141000'","  "," - Forg?es","72'","Iron and steel","7214'","Other bars and rods of iron or non-alloy steel, not further worked than forged, hot-rolled, hot-draw","721410'"," - Forged","8","1","R","0","0","","","","0","0","0","0","0","0"
"3733","","HS 2007","Harmonized System 2007","Gabon","266'","2019","1","72142000'","  "," - Comportant des indentations, bourrelets, creux ou reliefs obtenus au cours du laminage ou ayant subi une torsion apr?s laminage","72'","Iron and steel","7214'","Other bars and rods of iron or non-alloy steel, not further worked than forged, hot-rolled, hot-draw","721420'"," - Containing indentations, ribs, grooves or other deformations produced during the rolling process o","8","1","R","0","0","","","","0","0","0","0","0","0"
"3734","","HS 2007","Harmonized System 2007","Gabon","266'","2019","1","72143000'","  "," - Autres, en aciers de d?colletage","72'","Iron and steel","7214'","Other bars and rods of iron or non-alloy steel, not further worked than forged, hot-rolled, hot-draw","721430'"," - Other, of free-cutting steel","8","1","R","0","0","","","","0","0","0","0","0","0"
"3735","","HS 2007","Harmonized System 2007","Gabon","266'","2019","1","72149100'","  "," -- De section transversale rectangulaire","72'","Iron and steel","7214'","Other bars and rods of iron or non-alloy steel, not further worked than forged, hot-rolled, hot-draw","721491'"," -- Of rectangular (other than square) cross-section","8","1","R","0","0","","","","0","0","0","0","0","0"
"3736","","HS 2007","Harmonized System 2007","Gabon","266'","2019","1","72149900'","  "," -- Autres","72'","Iron and steel","7214'","Other bars and rods of iron or non-alloy steel, not further worked than forged, hot-rolled, hot-draw","721499'"," -- Other","8","1","R","0","0","","","","0","0","0","0","0","0"
"3737","","HS 2007","Harmonized System 2007","Gabon","266'","2019","1","72151000'","  "," - En aciers de d?colletage, simplement obtenues ou parachev?es ? froid","72'","Iron and steel","7215'","Other bars and rods of iron or non-alloy steel.","721510'"," - Of free-cutting steel, not further worked than cold-formed or cold-finished","8","1","R","0","0","","","","0","0","0","0","0","0"
"3738","","HS 2007","Harmonized System 2007","Gabon","266'","2019","1","72155000'","  "," - Autres, simplement obtenues ou parachev?es ? froid","72'","Iron and steel","7215'","Other bars and rods of iron or non-alloy steel.","721550'"," - Other, not further worked than cold-formed or cold-finished","8","1","R","0","0","","","","0","0","0","0","0","0"
"3739","","HS 2007","Harmonized System 2007","Gabon","266'","2019","1","72159000'","  "," - Autres","72'","Iron and steel","7215'","Other bars and rods of iron or non-alloy steel.","721590'"," - Other","8","1","R","0","0","","","","0","0","0","0","0","0"
"3740","","HS 2007","Harmonized System 2007","Gabon","266'","2019","1","72161000'","  "," - Profil?s en U, en I ou en H, simplement lamin?s ou fil?s ? chaud, d'une hauteur de moins de 80 mm","72'","Iron and steel","7216'","Angles, shapes and sections of iron or non-alloy steel.","721610'"," - U, I or H sections, not further worked than hot-rolled, hot-drawn or extruded, of a height of less","8","1","R","0","0","","","","0","0","0","0","0","0"
"3741","","HS 2007","Harmonized System 2007","Gabon","266'","2019","1","72162100'","  "," -- Profil?s en L","72'","Iron and steel","7216'","Angles, shapes and sections of iron or non-alloy steel.","721621'"," -- L sections","8","1","R","0","0","","","","0","0","0","0","0","0"
"3742","","HS 2007","Harmonized System 2007","Gabon","266'","2019","1","72162200'","  "," -- Profil?s en T","72'","Iron and steel","7216'","Angles, shapes and sections of iron or non-alloy steel.","721622'"," -- T sections","8","1","R","0","0","","","","0","0","0","0","0","0"
"3743","","HS 2007","Harmonized System 2007","Gabon","266'","2019","1","72163100'","  "," -- Profil?s en U","72'","Iron and steel","7216'","Angles, shapes and sections of iron or non-alloy steel.","721631'"," -- U sections","8","1","R","0","0","","","","0","0","0","0","0","0"
"3744","","HS 2007","Harmonized System 2007","Gabon","266'","2019","1","72163200'","  "," -- Profil?s en I","72'","Iron and steel","7216'","Angles, shapes and sections of iron or non-alloy steel.","721632'"," -- I sections","8","1","R","0","0","","","","0","0","0","0","0","0"
"3745","","HS 2007","Harmonized System 2007","Gabon","266'","2019","1","72163300'","  "," -- Profil?s en H","72'","Iron and steel","7216'","Angles, shapes and sections of iron or non-alloy steel.","721633'"," -- H sections","8","1","R","0","0","","","","0","0","0","0","0","0"
"3746","","HS 2007","Harmonized System 2007","Gabon","266'","2019","1","72164000'","  "," - Profil?s en L ou en T, simplement lamin?s ou fil?s ? chaud, d'une hauteur de 80 mm ou plus","72'","Iron and steel","7216'","Angles, shapes and sections of iron or non-alloy steel.","721640'"," - L or T sections, not further worked than hot-rolled, hot-drawn or extruded, of a height of 80 mm o","8","1","R","0","0","","","","0","0","0","0","0","0"
"3747","","HS 2007","Harmonized System 2007","Gabon","266'","2019","1","72165000'","  "," - Autres profil?s, simplement lamin?s ou fil?s ? chaud","72'","Iron and steel","7216'","Angles, shapes and sections of iron or non-alloy steel.","721650'"," - Other angles, shapes and sections, not further worked than hot-rolled, hot-drawn or extruded","8","1","R","0","0","","","","0","0","0","0","0","0"
"3748","","HS 2007","Harmonized System 2007","Gabon","266'","2019","1","72166100'","  "," -- Obtenus ? partir de produits lamin?s plats","72'","Iron and steel","7216'","Angles, shapes and sections of iron or non-alloy steel.","721661'"," -- Obtained from flat-rolled products","8","1","R","0","0","","","","0","0","0","0","0","0"
"3749","","HS 2007","Harmonized System 2007","Gabon","266'","2019","1","72166900'","  "," -- Autres","72'","Iron and steel","7216'","Angles, shapes and sections of iron or non-alloy steel.","721669'"," -- Other","8","1","R","0","0","","","","0","0","0","0","0","0"
"3750","","HS 2007","Harmonized System 2007","Gabon","266'","2019","1","72169100'","  "," -- Obtenus ou parachev?s ? froid ? partir de produits lamin?s plats","72'","Iron and steel","7216'","Angles, shapes and sections of iron or non-alloy steel.","721691'"," -- Cold-formed or cold-finished from flat-rolled products","8","1","R","0","0","","","","0","0","0","0","0","0"
"3751","","HS 2007","Harmonized System 2007","Gabon","266'","2019","1","72169900'","  "," -- Autres","72'","Iron and steel","7216'","Angles, shapes and sections of iron or non-alloy steel.","721699'"," -- Other","8","1","R","0","0","","","","0","0","0","0","0","0"
"3752","","HS 2007","Harmonized System 2007","Gabon","266'","2019","1","72171000'","  "," - Non rev?tus, m?me polis","72'","Iron and steel","7217'","Wire of iron or non-alloy steel.","721710'"," - Not plated or coated, whether or not polished","8","1","R","0","0","","","","0","0","0","0","0","0"
"3753","","HS 2007","Harmonized System 2007","Gabon","266'","2019","1","72172000'","  "," - Zingu?s","72'","Iron and steel","7217'","Wire of iron or non-alloy steel.","721720'"," - Plated or coated with zinc","8","1","R","0","0","","","","0","0","0","0","0","0"
"3754","","HS 2007","Harmonized System 2007","Gabon","266'","2019","1","72173000'","  "," - Rev?tus d'autres m?taux communs","72'","Iron and steel","7217'","Wire of iron or non-alloy steel.","721730'"," - Plated or coated with other base metals","8","1","R","0","0","","","","0","0","0","0","0","0"
"3755","","HS 2007","Harmonized System 2007","Gabon","266'","2019","1","72179000'","  "," - Autres","72'","Iron and steel","7217'","Wire of iron or non-alloy steel.","721790'"," - Other","8","1","R","0","0","","","","0","0","0","0","0","0"
"3756","","HS 2007","Harmonized System 2007","Gabon","266'","2019","1","72181000'","  "," - Lingots et autres formes primaires","72'","Iron and steel","7218'","Stainless steel in ingots or other primary forms; semi-finished products of stainless steel.","721810'"," - Ingots and other primary forms","8","1","R","0","0","","","","0","0","0","0","0","0"
"3757","","HS 2007","Harmonized System 2007","Gabon","266'","2019","1","72189100'","  "," -- De section transversale rectangulaire","72'","Iron and steel","7218'","Stainless steel in ingots or other primary forms; semi-finished products of stainless steel.","721891'"," -- Of rectangular (other than square) cross-section","8","1","R","0","0","","","","0","0","0","0","0","0"
"3758","","HS 2007","Harmonized System 2007","Gabon","266'","2019","1","72189900'","  "," -- Autres","72'","Iron and steel","7218'","Stainless steel in ingots or other primary forms; semi-finished products of stainless steel.","721899'"," -- Other","8","1","R","0","0","","","","0","0","0","0","0","0"
"3759","","HS 2007","Harmonized System 2007","Gabon","266'","2019","1","72191100'","  "," -- D'une ?paisseur exc?dant 10 mm","72'","Iron and steel","7219'","Flat-rolled products of stainless steel, of a width of 600?mm or more.","721911'"," -- Of a thickness exceeding 10 mm","8","1","R","0","0","","","","0","0","0","0","0","0"
"3760","","HS 2007","Harmonized System 2007","Gabon","266'","2019","1","72191200'","  "," -- D?une ?paisseur de 4,75 mm ou plus mais n?exc?dant pas 10 mm","72'","Iron and steel","7219'","Flat-rolled products of stainless steel, of a width of 600?mm or more.","721912'"," -- Of a thickness of 4.75 mm or more but not exceeding 10?mm","8","1","R","0","0","","","","0","0","0","0","0","0"
"3761","","HS 2007","Harmonized System 2007","Gabon","266'","2019","1","72191300'","  "," -- D'une ?paisseur de 3 mm ou plus mais inf?rieure ? 4,75?mm","72'","Iron and steel","7219'","Flat-rolled products of stainless steel, of a width of 600?mm or more.","721913'"," -- Of a thickness of 3 mm or more but less than 4.75 mm","8","1","R","0","0","","","","0","0","0","0","0","0"
"3762","","HS 2007","Harmonized System 2007","Gabon","266'","2019","1","72191400'","  "," -- D'une ?paisseur inf?rieure ? 3 mm","72'","Iron and steel","7219'","Flat-rolled products of stainless steel, of a width of 600?mm or more.","721914'"," -- Of a thickness of less than 3 mm","8","1","R","0","0","","","","0","0","0","0","0","0"
"3763","","HS 2007","Harmonized System 2007","Gabon","266'","2019","1","72192100'","  "," -- D'une ?paisseur exc?dant 10 mm","72'","Iron and steel","7219'","Flat-rolled products of stainless steel, of a width of 600?mm or more.","721921'"," -- Of a thickness exceeding 10 mm","8","1","R","0","0","","","","0","0","0","0","0","0"
"3764","","HS 2007","Harmonized System 2007","Gabon","266'","2019","1","72192200'","  "," -- D?une ?paisseur de 4,75 mm ou plus mais n?exc?dant pas 10 mm","72'","Iron and steel","7219'","Flat-rolled products of stainless steel, of a width of 600?mm or more.","721922'"," -- Of a thickness of 4.75 mm or more but not exceeding 10?mm","8","1","R","0","0","","","","0","0","0","0","0","0"
"3765","","HS 2007","Harmonized System 2007","Gabon","266'","2019","1","72192300'","  "," -- D'une ?paisseur de 3 mm ou plus mais inf?rieure ? 4,75?mm","72'","Iron and steel","7219'","Flat-rolled products of stainless steel, of a width of 600?mm or more.","721923'"," -- Of a thickness of 3 mm or more but less than 4.75 mm","8","1","R","0","0","","","","0","0","0","0","0","0"
"3766","","HS 2007","Harmonized System 2007","Gabon","266'","2019","1","72192400'","  "," -- D'une ?paisseur inf?rieure ? 3 mm","72'","Iron and steel","7219'","Flat-rolled products of stainless steel, of a width of 600?mm or more.","721924'"," -- Of a thickness of less than 3 mm","8","1","R","0","0","","","","0","0","0","0","0","0"
"3767","","HS 2007","Harmonized System 2007","Gabon","266'","2019","1","72193100'","  "," -- D'une ?paisseur de 4,75 mm ou plus","72'","Iron and steel","7219'","Flat-rolled products of stainless steel, of a width of 600?mm or more.","721931'"," -- Of a thickness of 4.75 mm or more","8","1","R","0","0","","","","0","0","0","0","0","0"
"3768","","HS 2007","Harmonized System 2007","Gabon","266'","2019","1","72193200'","  "," -- D'une ?paisseur de 3 mm ou plus mais inf?rieure ? 4,75?mm","72'","Iron and steel","7219'","Flat-rolled products of stainless steel, of a width of 600?mm or more.","721932'"," -- Of a thickness of 3 mm or more but less than 4.75 mm","8","1","R","0","0","","","","0","0","0","0","0","0"
"3769","","HS 2007","Harmonized System 2007","Gabon","266'","2019","1","72193300'","  "," -- D'une ?paisseur exc?dant 1 mm mais inf?rieure ? 3 mm","72'","Iron and steel","7219'","Flat-rolled products of stainless steel, of a width of 600?mm or more.","721933'"," -- Of a thickness exceeding 1 mm but less than 3 mm","8","1","R","0","0","","","","0","0","0","0","0","0"
"3770","","HS 2007","Harmonized System 2007","Gabon","266'","2019","1","72193400'","  "," -- D'une ?paisseur de 0,5 mm ou plus mais n'exc?dant pas 1?mm","72'","Iron and steel","7219'","Flat-rolled products of stainless steel, of a width of 600?mm or more.","721934'"," -- Of a thickness of 0.5 mm or more but not exceeding 1 mm","8","1","R","0","0","","","","0","0","0","0","0","0"
"3771","","HS 2007","Harmonized System 2007","Gabon","266'","2019","1","72193500'","  "," -- D'une ?paisseur inf?rieure ? 0,5 mm","72'","Iron and steel","7219'","Flat-rolled products of stainless steel, of a width of 600?mm or more.","721935'"," -- Of a thickness of less than 0.5 mm","8","1","R","0","0","","","","0","0","0","0","0","0"
"3772","","HS 2007","Harmonized System 2007","Gabon","266'","2019","1","72199000'","  "," - Autres","72'","Iron and steel","7219'","Flat-rolled products of stainless steel, of a width of 600?mm or more.","721990'"," - Other","8","1","R","0","0","","","","0","0","0","0","0","0"
"3773","","HS 2007","Harmonized System 2007","Gabon","266'","2019","1","72201100'","  "," -- D'une ?paisseur de 4,75 mm ou plus","72'","Iron and steel","7220'","Flat-rolled products of stainless steel, of a width of less than 600 mm.","722011'"," -- Of a thickness of 4.75 mm or more","8","1","R","0","0","","","","0","0","0","0","0","0"
"3774","","HS 2007","Harmonized System 2007","Gabon","266'","2019","1","72201200'","  "," -- D'une ?paisseur inf?rieure ? 4,75 mm","72'","Iron and steel","7220'","Flat-rolled products of stainless steel, of a width of less than 600 mm.","722012'"," -- Of a thickness of less than 4.75 mm","8","1","R","0","0","","","","0","0","0","0","0","0"
"3775","","HS 2007","Harmonized System 2007","Gabon","266'","2019","1","72202000'","  "," - Simplement lamin?s ? froid","72'","Iron and steel","7220'","Flat-rolled products of stainless steel, of a width of less than 600 mm.","722020'"," - Not further worked than cold-rolled (cold-reduced)","8","1","R","0","0","","","","0","0","0","0","0","0"
"3776","","HS 2007","Harmonized System 2007","Gabon","266'","2019","1","72209000'","  "," - Autres","72'","Iron and steel","7220'","Flat-rolled products of stainless steel, of a width of less than 600 mm.","722090'"," - Other","8","1","R","0","0","","","","0","0","0","0","0","0"
"3777","","HS 2007","Harmonized System 2007","Gabon","266'","2019","1","72210000'","  "," Fil machine en aciers inoxydables.","72'","Iron and steel","7221'","Bars and rods, hot-rolled, in irregularly wound coils, of stainless steel.","722100'"," Bars and rods, hot-rolled, in irregularly wound coils, of stainless steel.","8","1","R","0","0","","","","0","0","0","0","0","0"
"3778","","HS 2007","Harmonized System 2007","Gabon","266'","2019","1","72221100'","  "," -- De section circulaire","72'","Iron and steel","7222'","Other bars and rods of stainless steel; angles, shapes and sections of stainless steel.","722211'"," -- Of circular cross-section","8","1","R","0","0","","","","0","0","0","0","0","0"
"3779","","HS 2007","Harmonized System 2007","Gabon","266'","2019","1","72221900'","  "," -- Autres","72'","Iron and steel","7222'","Other bars and rods of stainless steel; angles, shapes and sections of stainless steel.","722219'"," -- Other","8","1","R","0","0","","","","0","0","0","0","0","0"
"3780","","HS 2007","Harmonized System 2007","Gabon","266'","2019","1","72222000'","  "," - Barres simplement obtenues ou parachev?es ? froid","72'","Iron and steel","7222'","Other bars and rods of stainless steel; angles, shapes and sections of stainless steel.","722220'"," - Bars and rods, not further worked than cold-formed or cold-finished","8","1","R","0","0","","","","0","0","0","0","0","0"
"3781","","HS 2007","Harmonized System 2007","Gabon","266'","2019","1","72223000'","  "," - Autres barres","72'","Iron and steel","7222'","Other bars and rods of stainless steel; angles, shapes and sections of stainless steel.","722230'"," - Other bars and rods","8","1","R","0","0","","","","0","0","0","0","0","0"
"3782","","HS 2007","Harmonized System 2007","Gabon","266'","2019","1","72224000'","  "," - Profil?s","72'","Iron and steel","7222'","Other bars and rods of stainless steel; angles, shapes and sections of stainless steel.","722240'"," - Angles, shapes and sections","8","1","R","0","0","","","","0","0","0","0","0","0"
"3783","","HS 2007","Harmonized System 2007","Gabon","266'","2019","1","72230000'","  "," Fils en aciers inoxydables.","72'","Iron and steel","7223'","Wire of stainless steel.","722300'"," Wire of stainless steel.","8","1","R","0","0","","","","0","0","0","0","0","0"
"3784","","HS 2007","Harmonized System 2007","Gabon","266'","2019","1","72241000'","  "," - Lingots et autres formes primaires","72'","Iron and steel","7224'","Other alloy steel in ingots or other primary forms; semi-finished products of other alloy steel.","722410'"," - Ingots and other primary forms","8","1","R","0","0","","","","0","0","0","0","0","0"
"3785","","HS 2007","Harmonized System 2007","Gabon","266'","2019","1","72249000'","  "," - Autres","72'","Iron and steel","7224'","Other alloy steel in ingots or other primary forms; semi-finished products of other alloy steel.","722490'"," - Other","8","1","R","0","0","","","","0","0","0","0","0","0"
"3786","","HS 2007","Harmonized System 2007","Gabon","266'","2019","1","72251100'","  "," -- A grains orient?s","72'","Iron and steel","7225'","Flat-rolled products of other alloy steel, of a width of 600 mm or more.","722511'"," -- Grain-oriented","8","1","R","0","0","","","","0","0","0","0","0","0"
"3787","","HS 2007","Harmonized System 2007","Gabon","266'","2019","1","72251900'","  "," -- Autres","72'","Iron and steel","7225'","Flat-rolled products of other alloy steel, of a width of 600 mm or more.","722519'"," -- Other","8","1","R","0","0","","","","0","0","0","0","0","0"
"3788","","HS 2007","Harmonized System 2007","Gabon","266'","2019","1","72253010'","  "," Simplement lamins chaud, enrouls","72'","Iron and steel","7225'","Flat-rolled products of other alloy steel, of a width of 600 mm or more.","722530'"," - Other, not further worked than hot-rolled, in coils","8","1","R","0","0","","","","0","0","0","0","0","0"
"3789","","HS 2007","Harmonized System 2007","Gabon","266'","2019","1","72253020'","  "," Produits en acier coupe rapide","72'","Iron and steel","7225'","Flat-rolled products of other alloy steel, of a width of 600 mm or more.","722530'"," - Other, not further worked than hot-rolled, in coils","8","1","R","0","0","","","","0","0","0","0","0","0"
"3790","","HS 2007","Harmonized System 2007","Gabon","266'","2019","1","72254000'","  "," - Autres, simplement lamin?s ? chaud, non enroul?s","72'","Iron and steel","7225'","Flat-rolled products of other alloy steel, of a width of 600 mm or more.","722540'"," - Other, not further worked than hot-rolled, not in coils","8","1","R","0","0","","","","0","0","0","0","0","0"
"3791","","HS 2007","Harmonized System 2007","Gabon","266'","2019","1","72255000'","  "," - Autres, simplement lamin?s ? froid","72'","Iron and steel","7225'","Flat-rolled products of other alloy steel, of a width of 600 mm or more.","722550'"," - Other, not further worked than cold-rolled (cold-reduced)","8","1","R","0","0","","","","0","0","0","0","0","0"
"3792","","HS 2007","Harmonized System 2007","Gabon","266'","2019","1","72259100'","  "," -- Zingu?s ?lectrolytiquement","72'","Iron and steel","7225'","Flat-rolled products of other alloy steel, of a width of 600 mm or more.","722591'"," -- Electrolytically plated or coated with zinc","8","1","R","0","0","","","","0","0","0","0","0","0"
"3793","","HS 2007","Harmonized System 2007","Gabon","266'","2019","1","72259200'","  "," -- Autrement zingu?s","72'","Iron and steel","7225'","Flat-rolled products of other alloy steel, of a width of 600 mm or more.","722592'"," -- Otherwise plated or coated with zinc","8","1","R","0","0","","","","0","0","0","0","0","0"
"3794","","HS 2007","Harmonized System 2007","Gabon","266'","2019","1","72259900'","  "," -- Autres","72'","Iron and steel","7225'","Flat-rolled products of other alloy steel, of a width of 600 mm or more.","722599'"," -- Other","8","1","R","0","0","","","","0","0","0","0","0","0"
"3795","","HS 2007","Harmonized System 2007","Gabon","266'","2019","1","72261100'","  "," -- A grains orient?s","72'","Iron and steel","7226'","Flat-rolled products of other alloy steel, of a width of less than 600 mm.","722611'"," -- Grain-oriented","8","1","R","0","0","","","","0","0","0","0","0","0"
"3796","","HS 2007","Harmonized System 2007","Gabon","266'","2019","1","72261900'","  "," -- Autres","72'","Iron and steel","7226'","Flat-rolled products of other alloy steel, of a width of less than 600 mm.","722619'"," -- Other","8","1","R","0","0","","","","0","0","0","0","0","0"
"3797","","HS 2007","Harmonized System 2007","Gabon","266'","2019","1","72262000'","  "," - En aciers ? coupe rapide","72'","Iron and steel","7226'","Flat-rolled products of other alloy steel, of a width of less than 600 mm.","722620'"," - Of high speed steel","8","1","R","0","0","","","","0","0","0","0","0","0"
"3798","","HS 2007","Harmonized System 2007","Gabon","266'","2019","1","72269100'","  "," -- Simplement lamin?s ? chaud","72'","Iron and steel","7226'","Flat-rolled products of other alloy steel, of a width of less than 600 mm.","722691'"," -- Not further worked than hot-rolled","8","1","R","0","0","","","","0","0","0","0","0","0"
"3799","","HS 2007","Harmonized System 2007","Gabon","266'","2019","1","72269200'","  "," -- Simplement lamin?s ? froid","72'","Iron and steel","7226'","Flat-rolled products of other alloy steel, of a width of less than 600 mm.","722692'"," -- Not further worked than cold-rolled (cold-reduced)","8","1","R","0","0","","","","0","0","0","0","0","0"
"3800","","HS 2007","Harmonized System 2007","Gabon","266'","2019","1","72269900'","  "," -- Autres","72'","Iron and steel","7226'","Flat-rolled products of other alloy steel, of a width of less than 600 mm.","722699'"," -- Other","8","1","R","0","0","","","","0","0","0","0","0","0"
"3801","","HS 2007","Harmonized System 2007","Gabon","266'","2019","1","72271000'","  "," - En aciers ? coupe rapide","72'","Iron and steel","7227'","Bars and rods, hot-rolled, in irregularly wound coils, of other alloy steel.","722710'"," - Of high speed steel","8","1","R","0","0","","","","0","0","0","0","0","0"
"3802","","HS 2007","Harmonized System 2007","Gabon","266'","2019","1","72272000'","  "," - En aciers silico-manganeux","72'","Iron and steel","7227'","Bars and rods, hot-rolled, in irregularly wound coils, of other alloy steel.","722720'"," - Of silico-manganese steel","8","1","R","0","0","","","","0","0","0","0","0","0"
"3803","","HS 2007","Harmonized System 2007","Gabon","266'","2019","1","72279000'","  "," - Autres","72'","Iron and steel","7227'","Bars and rods, hot-rolled, in irregularly wound coils, of other alloy steel.","722790'"," - Other","8","1","R","0","0","","","","0","0","0","0","0","0"
"3804","","HS 2007","Harmonized System 2007","Gabon","266'","2019","1","72281000'","  "," - Barres en aciers ? coupe rapide","72'","Iron and steel","7228'","Other bars and rods of other alloy steel; angles, shapes and sections, of other alloy steel; hollow ","722810'"," - Bars and rods, of high speed steel","8","1","R","0","0","","","","0","0","0","0","0","0"
"3805","","HS 2007","Harmonized System 2007","Gabon","266'","2019","1","72282000'","  "," - Barres en aciers silico-manganeux","72'","Iron and steel","7228'","Other bars and rods of other alloy steel; angles, shapes and sections, of other alloy steel; hollow ","722820'"," - Bars and rods, of silico-manganese steel","8","1","R","0","0","","","","0","0","0","0","0","0"
"3806","","HS 2007","Harmonized System 2007","Gabon","266'","2019","1","72283000'","  "," - Autres barres, simplement lamin?es ou fil?es ? chaud","72'","Iron and steel","7228'","Other bars and rods of other alloy steel; angles, shapes and sections, of other alloy steel; hollow ","722830'"," - Other bars and rods, not further worked than hot-rolled, hot-drawn or extruded","8","1","R","0","0","","","","0","0","0","0","0","0"
"3807","","HS 2007","Harmonized System 2007","Gabon","266'","2019","1","72284000'","  "," - Autres barres, simplement forg?es","72'","Iron and steel","7228'","Other bars and rods of other alloy steel; angles, shapes and sections, of other alloy steel; hollow ","722840'"," - Other bars and rods, not further worked than forged","8","1","R","0","0","","","","0","0","0","0","0","0"
"3808","","HS 2007","Harmonized System 2007","Gabon","266'","2019","1","72285000'","  "," - Autres barres, simplement obtenues ou parachev?es ? froid","72'","Iron and steel","7228'","Other bars and rods of other alloy steel; angles, shapes and sections, of other alloy steel; hollow ","722850'"," - Other bars and rods, not further worked than cold-formed or cold-finished","8","1","R","0","0","","","","0","0","0","0","0","0"
"3809","","HS 2007","Harmonized System 2007","Gabon","266'","2019","1","72286000'","  "," - Autres barres","72'","Iron and steel","7228'","Other bars and rods of other alloy steel; angles, shapes and sections, of other alloy steel; hollow ","722860'"," - Other bars and rods","8","1","R","0","0","","","","0","0","0","0","0","0"
"3810","","HS 2007","Harmonized System 2007","Gabon","266'","2019","1","72287000'","  "," - Profil?s","72'","Iron and steel","7228'","Other bars and rods of other alloy steel; angles, shapes and sections, of other alloy steel; hollow ","722870'"," - Angles, shapes and sections","8","1","R","0","0","","","","0","0","0","0","0","0"
"3811","","HS 2007","Harmonized System 2007","Gabon","266'","2019","1","72288000'","  "," - Barres creuses pour le forage","72'","Iron and steel","7228'","Other bars and rods of other alloy steel; angles, shapes and sections, of other alloy steel; hollow ","722880'"," - Hollow drill bars and rods","8","1","R","0","0","","","","0","0","0","0","0","0"
"3812","","HS 2007","Harmonized System 2007","Gabon","266'","2019","1","72292000'","  "," - En aciers silico-manganeux","72'","Iron and steel","7229'","Wire of other alloy steel.","722920'"," - Of silico-manganese steel","8","1","R","0","0","","","","0","0","0","0","0","0"
"3813","","HS 2007","Harmonized System 2007","Gabon","266'","2019","1","72299010'","  "," Fils en acier coupe rapide","72'","Iron and steel","7229'","Wire of other alloy steel.","722990'"," - Other","8","1","R","0","0","","","","0","0","0","0","0","0"
"3814","","HS 2007","Harmonized System 2007","Gabon","266'","2019","1","72299090'","  "," Autres fils","72'","Iron and steel","7229'","Wire of other alloy steel.","722990'"," - Other","8","1","R","0","0","","","","0","0","0","0","0","0"
"3815","","HS 2007","Harmonized System 2007","Gabon","266'","2019","1","73011000'","  "," - Palplanches","73'","Articles of iron or steel","7301'","Sheet piling of iron or steel, whether or not drilled, punched or made from assembled elements; weld","730110'"," - Sheet piling","8","1","R","0","0","","","","0","0","0","0","0","0"
"3816","","HS 2007","Harmonized System 2007","Gabon","266'","2019","1","73012000'","  "," - Profil?s","73'","Articles of iron or steel","7301'","Sheet piling of iron or steel, whether or not drilled, punched or made from assembled elements; weld","730120'"," - Angles, shapes and sections","8","1","R","0","0","","","","0","0","0","0","0","0"
"3817","","HS 2007","Harmonized System 2007","Gabon","266'","2019","1","73021000'","  "," - Rails","73'","Articles of iron or steel","7302'","Railway or tramway track construction material of iron or steel, the following: rails, check-rails a","730210'"," - Rails","8","1","R","0","0","","","","0","0","0","0","0","0"
"3818","","HS 2007","Harmonized System 2007","Gabon","266'","2019","1","73023000'","  "," - Aiguilles, pointes de coeur, tringles d'aiguillage et autres ?l?ments de croisement ou de changement de voies","73'","Articles of iron or steel","7302'","Railway or tramway track construction material of iron or steel, the following: rails, check-rails a","730230'"," - Switch blades, crossing frogs, point rods and other crossing pieces","8","1","R","0","0","","","","0","0","0","0","0","0"
"3819","","HS 2007","Harmonized System 2007","Gabon","266'","2019","1","73024000'","  "," - Eclisses et selles d'assise","73'","Articles of iron or steel","7302'","Railway or tramway track construction material of iron or steel, the following: rails, check-rails a","730240'"," - Fish-plates and sole plates","8","1","R","0","0","","","","0","0","0","0","0","0"
"3820","","HS 2007","Harmonized System 2007","Gabon","266'","2019","1","73029000'","  "," - Autres","73'","Articles of iron or steel","7302'","Railway or tramway track construction material of iron or steel, the following: rails, check-rails a","730290'"," - Other","8","1","R","0","0","","","","0","0","0","0","0","0"
"3821","","HS 2007","Harmonized System 2007","Gabon","266'","2019","1","73030000'","  "," Tubes, tuyaux et profil?s creux, en fonte.","73'","Articles of iron or steel","7303'","Tubes, pipes and hollow profiles, of cast iron.","730300'"," Tubes, pipes and hollow profiles, of cast iron.","8","1","R","0","0","","","","0","0","0","0","0","0"
"3822","","HS 2007","Harmonized System 2007","Gabon","266'","2019","1","73041100'","  "," -- En aciers inoxydables","73'","Articles of iron or steel","7304'","Tubes, pipes and hollow profiles, seamless, of iron (other than cast iron) or steel.","730411'"," -- Of stainless steel","8","1","R","0","0","","","","0","0","0","0","0","0"
"3823","","HS 2007","Harmonized System 2007","Gabon","266'","2019","1","73041900'","  "," -- Autres","73'","Articles of iron or steel","7304'","Tubes, pipes and hollow profiles, seamless, of iron (other than cast iron) or steel.","730419'"," -- Other","8","1","R","0","0","","","","0","0","0","0","0","0"
"3824","","HS 2007","Harmonized System 2007","Gabon","266'","2019","1","73042200'","  "," -- Tiges de forage en aciers inoxydables","73'","Articles of iron or steel","7304'","Tubes, pipes and hollow profiles, seamless, of iron (other than cast iron) or steel.","730422'"," -- Drill pipe of stainless steel","8","1","R","0","0","","","","0","0","0","0","0","0"
"3825","","HS 2007","Harmonized System 2007","Gabon","266'","2019","1","73042300'","  "," -- Autres tiges de forage","73'","Articles of iron or steel","7304'","Tubes, pipes and hollow profiles, seamless, of iron (other than cast iron) or steel.","730423'"," -- Other drill pipe","8","1","R","0","0","","","","0","0","0","0","0","0"
"3826","","HS 2007","Harmonized System 2007","Gabon","266'","2019","1","73042400'","  "," -- Autres, en aciers inoxydables","73'","Articles of iron or steel","7304'","Tubes, pipes and hollow profiles, seamless, of iron (other than cast iron) or steel.","730424'"," -- Other, of stainless steel","8","1","R","0","0","","","","0","0","0","0","0","0"
"3827","","HS 2007","Harmonized System 2007","Gabon","266'","2019","1","73042900'","  "," -- Autres","73'","Articles of iron or steel","7304'","Tubes, pipes and hollow profiles, seamless, of iron (other than cast iron) or steel.","730429'"," -- Other","8","1","R","0","0","","","","0","0","0","0","0","0"
"3828","","HS 2007","Harmonized System 2007","Gabon","266'","2019","1","73043100'","  "," -- Etir?s ou lamin?s ? froid","73'","Articles of iron or steel","7304'","Tubes, pipes and hollow profiles, seamless, of iron (other than cast iron) or steel.","730431'"," -- Cold-drawn or cold-rolled (cold-reduced)","8","1","R","0","0","","","","0","0","0","0","0","0"
"3829","","HS 2007","Harmonized System 2007","Gabon","266'","2019","1","73043900'","  "," -- Autres","73'","Articles of iron or steel","7304'","Tubes, pipes and hollow profiles, seamless, of iron (other than cast iron) or steel.","730439'"," -- Other","8","1","R","0","0","","","","0","0","0","0","0","0"
"3830","","HS 2007","Harmonized System 2007","Gabon","266'","2019","1","73044100'","  "," -- Etir?s ou lamin?s ? froid","73'","Articles of iron or steel","7304'","Tubes, pipes and hollow profiles, seamless, of iron (other than cast iron) or steel.","730441'"," -- Cold-drawn or cold-rolled (cold-reduced)","8","1","R","0","0","","","","0","0","0","0","0","0"
"3831","","HS 2007","Harmonized System 2007","Gabon","266'","2019","1","73044900'","  "," -- Autres","73'","Articles of iron or steel","7304'","Tubes, pipes and hollow profiles, seamless, of iron (other than cast iron) or steel.","730449'"," -- Other","8","1","R","0","0","","","","0","0","0","0","0","0"
"3832","","HS 2007","Harmonized System 2007","Gabon","266'","2019","1","73045100'","  "," -- Etir?s ou lamin?s ? froid","73'","Articles of iron or steel","7304'","Tubes, pipes and hollow profiles, seamless, of iron (other than cast iron) or steel.","730451'"," -- Cold-drawn or cold-rolled (cold-reduced)","8","1","R","0","0","","","","0","0","0","0","0","0"
"3833","","HS 2007","Harmonized System 2007","Gabon","266'","2019","1","73045900'","  "," -- Autres","73'","Articles of iron or steel","7304'","Tubes, pipes and hollow profiles, seamless, of iron (other than cast iron) or steel.","730459'"," -- Other","8","1","R","0","0","","","","0","0","0","0","0","0"
"3834","","HS 2007","Harmonized System 2007","Gabon","266'","2019","1","73049000'","  "," - Autres","73'","Articles of iron or steel","7304'","Tubes, pipes and hollow profiles, seamless, of iron (other than cast iron) or steel.","730490'"," - Other","8","1","R","0","0","","","","0","0","0","0","0","0"
"3835","","HS 2007","Harmonized System 2007","Gabon","266'","2019","1","73051100'","  "," -- Soud?s longitudinalement ? l'arc immerg?","73'","Articles of iron or steel","7305'","Other tubes and pipes (for example, welded, riveted or similarly closed), having circular cross-sect","730511'"," -- Longitudinally submerged arc welded","8","1","R","0","0","","","","0","0","0","0","0","0"
"3836","","HS 2007","Harmonized System 2007","Gabon","266'","2019","1","73051200'","  "," -- Soud?s longitudinalement, autres","73'","Articles of iron or steel","7305'","Other tubes and pipes (for example, welded, riveted or similarly closed), having circular cross-sect","730512'"," -- Other, longitudinally welded","8","1","R","0","0","","","","0","0","0","0","0","0"
"3837","","HS 2007","Harmonized System 2007","Gabon","266'","2019","1","73051900'","  "," -- Autres","73'","Articles of iron or steel","7305'","Other tubes and pipes (for example, welded, riveted or similarly closed), having circular cross-sect","730519'"," -- Other","8","1","R","0","0","","","","0","0","0","0","0","0"
"3838","","HS 2007","Harmonized System 2007","Gabon","266'","2019","1","73052000'","  "," - Tubes et tuyaux de cuvelage des types utilis?s pour l'extraction du p?trole ou du gaz","73'","Articles of iron or steel","7305'","Other tubes and pipes (for example, welded, riveted or similarly closed), having circular cross-sect","730520'"," - Casing of a kind used in drilling for oil or gas","8","1","R","0","0","","","","0","0","0","0","0","0"
"3839","","HS 2007","Harmonized System 2007","Gabon","266'","2019","1","73053100'","  "," -- Soud?s longitudinalement","73'","Articles of iron or steel","7305'","Other tubes and pipes (for example, welded, riveted or similarly closed), having circular cross-sect","730531'"," -- Longitudinally welded","8","1","R","0","0","","","","0","0","0","0","0","0"
"3840","","HS 2007","Harmonized System 2007","Gabon","266'","2019","1","73053900'","  "," -- Autres","73'","Articles of iron or steel","7305'","Other tubes and pipes (for example, welded, riveted or similarly closed), having circular cross-sect","730539'"," -- Other","8","1","R","0","0","","","","0","0","0","0","0","0"
"3841","","HS 2007","Harmonized System 2007","Gabon","266'","2019","1","73059000'","  "," - Autres","73'","Articles of iron or steel","7305'","Other tubes and pipes (for example, welded, riveted or similarly closed), having circular cross-sect","730590'"," - Other","8","1","R","0","0","","","","0","0","0","0","0","0"
"3842","","HS 2007","Harmonized System 2007","Gabon","266'","2019","1","73061100'","  "," -- Soud?s, en aciers inoxydables","73'","Articles of iron or steel","7306'","Other tubes, pipes and hollow profiles (for example, open seam or welded, riveted or similarly close","730611'"," -- Welded, of stainless steel","8","1","R","0","0","","","","0","0","0","0","0","0"
"3843","","HS 2007","Harmonized System 2007","Gabon","266'","2019","1","73061900'","  "," -- Autres","73'","Articles of iron or steel","7306'","Other tubes, pipes and hollow profiles (for example, open seam or welded, riveted or similarly close","730619'"," -- Other","8","1","R","0","0","","","","0","0","0","0","0","0"
"3844","","HS 2007","Harmonized System 2007","Gabon","266'","2019","1","73062100'","  "," -- Soud?s, en aciers inoxydables","73'","Articles of iron or steel","7306'","Other tubes, pipes and hollow profiles (for example, open seam or welded, riveted or similarly close","730621'"," -- Welded, of stainless steel","8","1","R","0","0","","","","0","0","0","0","0","0"
"3845","","HS 2007","Harmonized System 2007","Gabon","266'","2019","1","73062900'","  "," -- Autres","73'","Articles of iron or steel","7306'","Other tubes, pipes and hollow profiles (for example, open seam or welded, riveted or similarly close","730629'"," -- Other","8","1","R","0","0","","","","0","0","0","0","0","0"
"3846","","HS 2007","Harmonized System 2007","Gabon","266'","2019","1","73063000'","  "," - Autres, soud?s, de section circulaire, en fer ou en aciers non alli?s","73'","Articles of iron or steel","7306'","Other tubes, pipes and hollow profiles (for example, open seam or welded, riveted or similarly close","730630'"," - Other, welded, of circular cross-section, of iron or non-alloy steel","8","1","R","0","0","","","","0","0","0","0","0","0"
"3847","","HS 2007","Harmonized System 2007","Gabon","266'","2019","1","73064000'","  "," - Autres, soud?s, de section circulaire, en aciers inoxydables","73'","Articles of iron or steel","7306'","Other tubes, pipes and hollow profiles (for example, open seam or welded, riveted or similarly close","730640'"," - Other, welded, of circular cross-section, of stainless steel","8","1","R","0","0","","","","0","0","0","0","0","0"
"3848","","HS 2007","Harmonized System 2007","Gabon","266'","2019","1","73065000'","  "," - Autres, soud?s, de section circulaire, en autres aciers alli?s","73'","Articles of iron or steel","7306'","Other tubes, pipes and hollow profiles (for example, open seam or welded, riveted or similarly close","730650'"," - Other, welded, of circular cross-section, of other alloy steel","8","1","R","0","0","","","","0","0","0","0","0","0"
"3849","","HS 2007","Harmonized System 2007","Gabon","266'","2019","1","73066100'","  "," -- De section carr?e ou rectangulaire","73'","Articles of iron or steel","7306'","Other tubes, pipes and hollow profiles (for example, open seam or welded, riveted or similarly close","730661'"," -- Of square or rectangular cross-section","8","1","R","0","0","","","","0","0","0","0","0","0"
"3850","","HS 2007","Harmonized System 2007","Gabon","266'","2019","1","73066900'","  "," -- De section non circulaire, autre que carr?e ou rectangulaire","73'","Articles of iron or steel","7306'","Other tubes, pipes and hollow profiles (for example, open seam or welded, riveted or similarly close","730669'"," -- Of other non-circular cross-section","8","1","R","0","0","","","","0","0","0","0","0","0"
"3851","","HS 2007","Harmonized System 2007","Gabon","266'","2019","1","73069000'","  "," - Autres","73'","Articles of iron or steel","7306'","Other tubes, pipes and hollow profiles (for example, open seam or welded, riveted or similarly close","730690'"," - Other","8","1","R","0","0","","","","0","0","0","0","0","0"
"3852","","HS 2007","Harmonized System 2007","Gabon","266'","2019","1","73071100'","  "," -- En fonte non mall?able","73'","Articles of iron or steel","7307'","Tube or pipe fittings (for example, couplings, elbows, sleeves), of iron or steel.","730711'"," -- Of non-malleable cast iron","8","1","R","0","0","","","","0","0","0","0","0","0"
"3853","","HS 2007","Harmonized System 2007","Gabon","266'","2019","1","73071900'","  "," -- Autres","73'","Articles of iron or steel","7307'","Tube or pipe fittings (for example, couplings, elbows, sleeves), of iron or steel.","730719'"," -- Other","8","1","R","0","0","","","","0","0","0","0","0","0"
"3854","","HS 2007","Harmonized System 2007","Gabon","266'","2019","1","73072100'","  "," -- Brides","73'","Articles of iron or steel","7307'","Tube or pipe fittings (for example, couplings, elbows, sleeves), of iron or steel.","730721'"," -- Flanges","8","1","R","0","0","","","","0","0","0","0","0","0"
"3855","","HS 2007","Harmonized System 2007","Gabon","266'","2019","1","73072200'","  "," -- Coudes, courbes et manchons, filet?s","73'","Articles of iron or steel","7307'","Tube or pipe fittings (for example, couplings, elbows, sleeves), of iron or steel.","730722'"," -- Threaded elbows, bends and sleeves","8","1","R","0","0","","","","0","0","0","0","0","0"
"3856","","HS 2007","Harmonized System 2007","Gabon","266'","2019","1","73072300'","  "," -- Accessoires ? souder bout ? bout","73'","Articles of iron or steel","7307'","Tube or pipe fittings (for example, couplings, elbows, sleeves), of iron or steel.","730723'"," -- Butt welding fittings","8","1","R","0","0","","","","0","0","0","0","0","0"
"3857","","HS 2007","Harmonized System 2007","Gabon","266'","2019","1","73072900'","  "," -- Autres","73'","Articles of iron or steel","7307'","Tube or pipe fittings (for example, couplings, elbows, sleeves), of iron or steel.","730729'"," -- Other","8","1","R","0","0","","","","0","0","0","0","0","0"
"3858","","HS 2007","Harmonized System 2007","Gabon","266'","2019","1","73079100'","  "," -- Brides","73'","Articles of iron or steel","7307'","Tube or pipe fittings (for example, couplings, elbows, sleeves), of iron or steel.","730791'"," -- Flanges","8","1","R","0","0","","","","0","0","0","0","0","0"
"3859","","HS 2007","Harmonized System 2007","Gabon","266'","2019","1","73079200'","  "," -- Coudes, courbes et manchons, filet?s","73'","Articles of iron or steel","7307'","Tube or pipe fittings (for example, couplings, elbows, sleeves), of iron or steel.","730792'"," -- Threaded elbows, bends and sleeves","8","1","R","0","0","","","","0","0","0","0","0","0"
"3860","","HS 2007","Harmonized System 2007","Gabon","266'","2019","1","73079300'","  "," -- Accessoires ? souder bout ? bout","73'","Articles of iron or steel","7307'","Tube or pipe fittings (for example, couplings, elbows, sleeves), of iron or steel.","730793'"," -- Butt welding fittings","8","1","R","0","0","","","","0","0","0","0","0","0"
"3861","","HS 2007","Harmonized System 2007","Gabon","266'","2019","1","73079900'","  "," -- Autres","73'","Articles of iron or steel","7307'","Tube or pipe fittings (for example, couplings, elbows, sleeves), of iron or steel.","730799'"," -- Other","8","1","R","0","0","","","","0","0","0","0","0","0"
"3862","","HS 2007","Harmonized System 2007","Gabon","266'","2019","1","73081000'","  "," - Ponts et ?l?ments de ponts","73'","Articles of iron or steel","7308'","Structures (excluding prefabricated buildings of heading 94.06) and parts of structures (for example","730810'"," - Bridges and bridge-sections","8","1","R","0","0","","","","0","0","0","0","0","0"
"3863","","HS 2007","Harmonized System 2007","Gabon","266'","2019","1","73082000'","  "," - Tours et pyl?nes","73'","Articles of iron or steel","7308'","Structures (excluding prefabricated buildings of heading 94.06) and parts of structures (for example","730820'"," - Towers and lattice masts","8","1","R","0","0","","","","0","0","0","0","0","0"
"3864","","HS 2007","Harmonized System 2007","Gabon","266'","2019","1","73083000'","  "," - Portes, fen?tres et leurs cadres et chambranles et seuils","73'","Articles of iron or steel","7308'","Structures (excluding prefabricated buildings of heading 94.06) and parts of structures (for example","730830'"," - Doors, windows and their frames and thresholds for doors","8","1","R","0","0","","","","0","0","0","0","0","0"
"3865","","HS 2007","Harmonized System 2007","Gabon","266'","2019","1","73084000'","  "," - Mat?riel d'?chafaudage, de coffrage, d'?tan?onnement ou d'?tayage","73'","Articles of iron or steel","7308'","Structures (excluding prefabricated buildings of heading 94.06) and parts of structures (for example","730840'"," - Equipment for scaffolding, shuttering, propping or pitpropping","8","1","R","0","0","","","","0","0","0","0","0","0"
"3866","","HS 2007","Harmonized System 2007","Gabon","266'","2019","1","73089000'","  "," - Autres","73'","Articles of iron or steel","7308'","Structures (excluding prefabricated buildings of heading 94.06) and parts of structures (for example","730890'"," - Other","8","1","R","0","0","","","","0","0","0","0","0","0"
"3867","","HS 2007","Harmonized System 2007","Gabon","266'","2019","1","73090010'","  "," R?servoirs,foudres,cuves et r?cipients similaires en acier inox,contenance ? 300lt","73'","Articles of iron or steel","7309'","Reservoirs, tanks, vats and similar containers for any material (other than compressed or liquefied ","730900'"," Reservoirs, tanks, vats and similar containers for any material (other than compressed or liquefied ","8","1","R","0","0","","","","0","0","0","0","0","0"
"3868","","HS 2007","Harmonized System 2007","Gabon","266'","2019","1","73090090'","  "," Reservoirs,foudres,cuves & r?cipients,cont.>300L,en fonte,fer ou acier,excl.acier inox","73'","Articles of iron or steel","7309'","Reservoirs, tanks, vats and similar containers for any material (other than compressed or liquefied ","730900'"," Reservoirs, tanks, vats and similar containers for any material (other than compressed or liquefied ","8","1","R","0","0","","","","0","0","0","0","0","0"
"3869","","HS 2007","Harmonized System 2007","Gabon","266'","2019","1","73101000'","  "," - D'une contenance de 50 l ou plus","73'","Articles of iron or steel","7310'","Tanks, casks, drums, cans, boxes and similar containers, for any material (other than compressed or ","731010'"," - Of a capacity of 50 l or more","8","1","R","0","0","","","","0","0","0","0","0","0"
"3870","","HS 2007","Harmonized System 2007","Gabon","266'","2019","1","73102100'","  "," -- Bo?tes ? fermer par soudage ou sertissage","73'","Articles of iron or steel","7310'","Tanks, casks, drums, cans, boxes and similar containers, for any material (other than compressed or ","731021'"," -- Cans which are to be closed by soldering or crimping","8","1","R","0","0","","","","0","0","0","0","0","0"
"3871","","HS 2007","Harmonized System 2007","Gabon","266'","2019","1","73102900'","  "," -- Autres","73'","Articles of iron or steel","7310'","Tanks, casks, drums, cans, boxes and similar containers, for any material (other than compressed or ","731029'"," -- Other","8","1","R","0","0","","","","0","0","0","0","0","0"
"3872","","HS 2007","Harmonized System 2007","Gabon","266'","2019","1","73110010'","  "," R?cipients pour gaz comprim? ou liquefi?,enfonte,fer ou acier ? usage industriel","73'","Articles of iron or steel","7311'","Containers for compressed or liquefied gas, of iron or steel.","731100'"," Containers for compressed or liquefied gas, of iron or steel.","8","1","R","0","0","","","","0","0","0","0","0","0"
"3873","","HS 2007","Harmonized System 2007","Gabon","266'","2019","1","73110090'","  "," R?cipients pour gaz comprim? ou liquefi?,en fonte,fer ou acier pour usage aut.qu'indust","73'","Articles of iron or steel","7311'","Containers for compressed or liquefied gas, of iron or steel.","731100'"," Containers for compressed or liquefied gas, of iron or steel.","8","1","R","0","0","","","","0","0","0","0","0","0"
"3874","","HS 2007","Harmonized System 2007","Gabon","266'","2019","1","73121010'","  "," Torons et cables d'une section >=50 mm2","73'","Articles of iron or steel","7312'","Stranded wire, ropes, cables, plaited bands, slings and the like, of iron or steel, not electrically","731210'"," - Stranded wire, ropes and cables","8","1","R","0","0","","","","0","0","0","0","0","0"
"3875","","HS 2007","Harmonized System 2007","Gabon","266'","2019","1","73121090'","  "," Torons et cables d'une section<50mm2","73'","Articles of iron or steel","7312'","Stranded wire, ropes, cables, plaited bands, slings and the like, of iron or steel, not electrically","731210'"," - Stranded wire, ropes and cables","8","1","R","0","0","","","","0","0","0","0","0","0"
"3876","","HS 2007","Harmonized System 2007","Gabon","266'","2019","1","73129010'","  "," Tresses,lingues et articles similaires d'une section >= 30mm2","73'","Articles of iron or steel","7312'","Stranded wire, ropes, cables, plaited bands, slings and the like, of iron or steel, not electrically","731290'"," - Other","8","1","R","0","0","","","","0","0","0","0","0","0"
"3877","","HS 2007","Harmonized System 2007","Gabon","266'","2019","1","73129090'","  "," Tresses, ?lingues et articles similairesd'une section < 30mm2","73'","Articles of iron or steel","7312'","Stranded wire, ropes, cables, plaited bands, slings and the like, of iron or steel, not electrically","731290'"," - Other","8","1","R","0","0","","","","0","0","0","0","0","0"
"3878","","HS 2007","Harmonized System 2007","Gabon","266'","2019","1","73130010'","  "," Ronces artificielles en fer ou en acier pour...","73'","Articles of iron or steel","7313'","Barbed wire of iron or steel; twisted hoop or single flat wire, barbed or not, and loosely twisted d","731300'"," Barbed wire of iron or steel; twisted hoop or single flat wire, barbed or not, and loosely twisted d","8","1","R","0","0","","","","0","0","0","0","0","0"
"3879","","HS 2007","Harmonized System 2007","Gabon","266'","2019","1","73130090'","  "," Ronces artificielles en fer ou en acier autres que celles du 73130010","73'","Articles of iron or steel","7313'","Barbed wire of iron or steel; twisted hoop or single flat wire, barbed or not, and loosely twisted d","731300'"," Barbed wire of iron or steel; twisted hoop or single flat wire, barbed or not, and loosely twisted d","8","1","R","0","0","","","","0","0","0","0","0","0"
"3880","","HS 2007","Harmonized System 2007","Gabon","266'","2019","1","73141200'","  "," -- Toiles m?talliques continues ou sans fin, pour machines, en aciers inoxydables","73'","Articles of iron or steel","7314'","Cloth (including endless bands), grill, netting and fencing, of iron or steel wire; expanded metal o","731412'"," -- Endless bands for machinery, of stainless steel","8","1","R","0","0","","","","0","0","0","0","0","0"
"3881","","HS 2007","Harmonized System 2007","Gabon","266'","2019","1","73141400'","  "," -- Autres toiles m?talliques tiss?es, en aciers inoxydables","73'","Articles of iron or steel","7314'","Cloth (including endless bands), grill, netting and fencing, of iron or steel wire; expanded metal o","731414'"," -- Other woven cloth, of stainless steel","8","1","R","0","0","","","","0","0","0","0","0","0"
"3882","","HS 2007","Harmonized System 2007","Gabon","266'","2019","1","73141900'","  "," -- Autres","73'","Articles of iron or steel","7314'","Cloth (including endless bands), grill, netting and fencing, of iron or steel wire; expanded metal o","731419'"," -- Other","8","1","R","0","0","","","","0","0","0","0","0","0"
"3883","","HS 2007","Harmonized System 2007","Gabon","266'","2019","1","73142000'","  "," - Grillages et treillis, soud?s aux points de rencontre, en fils dont la plus grande dimension de la coupe transversale est ?gale ou sup?rieure ? 3 mm et dont les mailles ont une surface d'au moins 100 cm?","73'","Articles of iron or steel","7314'","Cloth (including endless bands), grill, netting and fencing, of iron or steel wire; expanded metal o","731420'"," - Grill, netting and fencing, welded at the intersection, of wire with a maximum cross-sectional dim","8","1","R","0","0","","","","0","0","0","0","0","0"
"3884","","HS 2007","Harmonized System 2007","Gabon","266'","2019","1","73143100'","  "," -- Zingu?s","73'","Articles of iron or steel","7314'","Cloth (including endless bands), grill, netting and fencing, of iron or steel wire; expanded metal o","731431'"," -- Plated or coated with zinc","8","1","R","0","0","","","","0","0","0","0","0","0"
"3885","","HS 2007","Harmonized System 2007","Gabon","266'","2019","1","73143900'","  "," -- Autres","73'","Articles of iron or steel","7314'","Cloth (including endless bands), grill, netting and fencing, of iron or steel wire; expanded metal o","731439'"," -- Other","8","1","R","0","0","","","","0","0","0","0","0","0"
"3886","","HS 2007","Harmonized System 2007","Gabon","266'","2019","1","73144100'","  "," -- Zingu?s","73'","Articles of iron or steel","7314'","Cloth (including endless bands), grill, netting and fencing, of iron or steel wire; expanded metal o","731441'"," -- Plated or coated with zinc","8","1","R","0","0","","","","0","0","0","0","0","0"
"3887","","HS 2007","Harmonized System 2007","Gabon","266'","2019","1","73144200'","  "," -- Recouverts de mati?res plastiques","73'","Articles of iron or steel","7314'","Cloth (including endless bands), grill, netting and fencing, of iron or steel wire; expanded metal o","731442'"," -- Coated with plastics","8","1","R","0","0","","","","0","0","0","0","0","0"
"3888","","HS 2007","Harmonized System 2007","Gabon","266'","2019","1","73144900'","  "," -- Autres","73'","Articles of iron or steel","7314'","Cloth (including endless bands), grill, netting and fencing, of iron or steel wire; expanded metal o","731449'"," -- Other","8","1","R","0","0","","","","0","0","0","0","0","0"
"3889","","HS 2007","Harmonized System 2007","Gabon","266'","2019","1","73145010'","  "," Bandes d?ploy?es","73'","Articles of iron or steel","7314'","Cloth (including endless bands), grill, netting and fencing, of iron or steel wire; expanded metal o","731450'"," - Expanded metal","8","1","R","0","0","","","","0","0","0","0","0","0"
"3890","","HS 2007","Harmonized System 2007","Gabon","266'","2019","1","73145090'","  "," T?les d?ploy?es","73'","Articles of iron or steel","7314'","Cloth (including endless bands), grill, netting and fencing, of iron or steel wire; expanded metal o","731450'"," - Expanded metal","8","1","R","0","0","","","","0","0","0","0","0","0"
"3891","","HS 2007","Harmonized System 2007","Gabon","266'","2019","1","73151100'","  "," -- Cha?nes ? rouleaux","73'","Articles of iron or steel","7315'","Chain and parts thereof, of iron or steel.","731511'"," -- Roller chain","8","1","R","0","0","","","","0","0","0","0","0","0"
"3892","","HS 2007","Harmonized System 2007","Gabon","266'","2019","1","73151200'","  "," -- Autres cha?nes","73'","Articles of iron or steel","7315'","Chain and parts thereof, of iron or steel.","731512'"," -- Other chain","8","1","R","0","0","","","","0","0","0","0","0","0"
"3893","","HS 2007","Harmonized System 2007","Gabon","266'","2019","1","73151900'","  "," -- Parties","73'","Articles of iron or steel","7315'","Chain and parts thereof, of iron or steel.","731519'"," -- Parts","8","1","R","0","0","","","","0","0","0","0","0","0"
"3894","","HS 2007","Harmonized System 2007","Gabon","266'","2019","1","73152000'","  "," - Cha?nes antid?rapantes","73'","Articles of iron or steel","7315'","Chain and parts thereof, of iron or steel.","731520'"," - Skid chain","8","1","R","0","0","","","","0","0","0","0","0","0"
"3895","","HS 2007","Harmonized System 2007","Gabon","266'","2019","1","73158100'","  "," -- Cha?nes ? maillons ? ?tais","73'","Articles of iron or steel","7315'","Chain and parts thereof, of iron or steel.","731581'"," -- Stud-link","8","1","R","0","0","","","","0","0","0","0","0","0"
"3896","","HS 2007","Harmonized System 2007","Gabon","266'","2019","1","73158200'","  "," -- Autres cha?nes, ? maillons soud?s","73'","Articles of iron or steel","7315'","Chain and parts thereof, of iron or steel.","731582'"," -- Other, welded link","8","1","R","0","0","","","","0","0","0","0","0","0"
"3897","","HS 2007","Harmonized System 2007","Gabon","266'","2019","1","73158900'","  "," -- Autres","73'","Articles of iron or steel","7315'","Chain and parts thereof, of iron or steel.","731589'"," -- Other","8","1","R","0","0","","","","0","0","0","0","0","0"
"3898","","HS 2007","Harmonized System 2007","Gabon","266'","2019","1","73159000'","  "," - Autres parties","73'","Articles of iron or steel","7315'","Chain and parts thereof, of iron or steel.","731590'"," - Other parts","8","1","R","0","0","","","","0","0","0","0","0","0"
"3899","","HS 2007","Harmonized System 2007","Gabon","266'","2019","1","73160000'","  "," Ancres, grappins et leurs parties, en fonte, fer ou acier.","73'","Articles of iron or steel","7316'","Anchors, grapnels and parts thereof, of iron or steel.","731600'"," Anchors, grapnels and parts thereof, of iron or steel.","8","1","R","0","0","","","","0","0","0","0","0","0"
"3900","","HS 2007","Harmonized System 2007","Gabon","266'","2019","1","73170010'","  "," Pointes et clous en fonte fer ou acier","73'","Articles of iron or steel","7317'","Nails, tacks, drawing pins, corrugated nails, staples (other than those of heading 83.05) and simila","731700'"," Nails, tacks, drawing pins, corrugated nails, staples (other than those of heading 83.05) and simila","8","1","R","0","0","","","","0","0","0","0","0","0"
"3901","","HS 2007","Harmonized System 2007","Gabon","266'","2019","1","73170020'","  "," Crampons et articles pour voie ferr?e en fonte,fer ou acier","73'","Articles of iron or steel","7317'","Nails, tacks, drawing pins, corrugated nails, staples (other than those of heading 83.05) and simila","731700'"," Nails, tacks, drawing pins, corrugated nails, staples (other than those of heading 83.05) and simila","8","1","R","0","0","","","","0","0","0","0","0","0"
"3902","","HS 2007","Harmonized System 2007","Gabon","266'","2019","1","73170090'","  "," Punaise,agraffes,articles similaires en fonte,fer ou acier","73'","Articles of iron or steel","7317'","Nails, tacks, drawing pins, corrugated nails, staples (other than those of heading 83.05) and simila","731700'"," Nails, tacks, drawing pins, corrugated nails, staples (other than those of heading 83.05) and simila","8","1","R","0","0","","","","0","0","0","0","0","0"
"3903","","HS 2007","Harmonized System 2007","Gabon","266'","2019","1","73181100'","  "," -- Tire-fond","73'","Articles of iron or steel","7318'","Screws, bolts, nuts, coach screws, screw hooks, rivets, cotters, cotter-pins, washers (including spr","731811'"," -- Coach screws","8","1","R","0","0","","","","0","0","0","0","0","0"
"3904","","HS 2007","Harmonized System 2007","Gabon","266'","2019","1","73181200'","  "," -- Autres vis ? bois","73'","Articles of iron or steel","7318'","Screws, bolts, nuts, coach screws, screw hooks, rivets, cotters, cotter-pins, washers (including spr","731812'"," -- Other wood screws","8","1","R","0","0","","","","0","0","0","0","0","0"
"3905","","HS 2007","Harmonized System 2007","Gabon","266'","2019","1","73181300'","  "," -- Crochets et pitons ? pas de vis","73'","Articles of iron or steel","7318'","Screws, bolts, nuts, coach screws, screw hooks, rivets, cotters, cotter-pins, washers (including spr","731813'"," -- Screw hooks and screw rings","8","1","R","0","0","","","","0","0","0","0","0","0"
"3906","","HS 2007","Harmonized System 2007","Gabon","266'","2019","1","73181400'","  "," -- Vis autotaraudeuses","73'","Articles of iron or steel","7318'","Screws, bolts, nuts, coach screws, screw hooks, rivets, cotters, cotter-pins, washers (including spr","731814'"," -- Self-tapping screws","8","1","R","0","0","","","","0","0","0","0","0","0"
"3907","","HS 2007","Harmonized System 2007","Gabon","266'","2019","1","73181500'","  "," -- Autres vis et boulons, m?me avec leurs ?crous ou rondelles","73'","Articles of iron or steel","7318'","Screws, bolts, nuts, coach screws, screw hooks, rivets, cotters, cotter-pins, washers (including spr","731815'"," -- Other screws and bolts, whether or not with their nuts or washers","8","1","R","0","0","","","","0","0","0","0","0","0"
"3908","","HS 2007","Harmonized System 2007","Gabon","266'","2019","1","73181600'","  "," -- Ecrous","73'","Articles of iron or steel","7318'","Screws, bolts, nuts, coach screws, screw hooks, rivets, cotters, cotter-pins, washers (including spr","731816'"," -- Nuts","8","1","R","0","0","","","","0","0","0","0","0","0"
"3909","","HS 2007","Harmonized System 2007","Gabon","266'","2019","1","73181900'","  "," -- Autres","73'","Articles of iron or steel","7318'","Screws, bolts, nuts, coach screws, screw hooks, rivets, cotters, cotter-pins, washers (including spr","731819'"," -- Other","8","1","R","0","0","","","","0","0","0","0","0","0"
"3910","","HS 2007","Harmonized System 2007","Gabon","266'","2019","1","73182100'","  "," -- Rondelles destin?es ? faire ressort et autres rondelles de blocage","73'","Articles of iron or steel","7318'","Screws, bolts, nuts, coach screws, screw hooks, rivets, cotters, cotter-pins, washers (including spr","731821'"," -- Spring washers and other lock washers","8","1","R","0","0","","","","0","0","0","0","0","0"
"3911","","HS 2007","Harmonized System 2007","Gabon","266'","2019","1","73182200'","  "," -- Autres rondelles","73'","Articles of iron or steel","7318'","Screws, bolts, nuts, coach screws, screw hooks, rivets, cotters, cotter-pins, washers (including spr","731822'"," -- Other washers","8","1","R","0","0","","","","0","0","0","0","0","0"
"3912","","HS 2007","Harmonized System 2007","Gabon","266'","2019","1","73182300'","  "," -- Rivets","73'","Articles of iron or steel","7318'","Screws, bolts, nuts, coach screws, screw hooks, rivets, cotters, cotter-pins, washers (including spr","731823'"," -- Rivets","8","1","R","0","0","","","","0","0","0","0","0","0"
"3913","","HS 2007","Harmonized System 2007","Gabon","266'","2019","1","73182400'","  "," -- Goupilles, chevilles et clavettes","73'","Articles of iron or steel","7318'","Screws, bolts, nuts, coach screws, screw hooks, rivets, cotters, cotter-pins, washers (including spr","731824'"," -- Cotters and cotter-pins","8","1","R","0","0","","","","0","0","0","0","0","0"
"3914","","HS 2007","Harmonized System 2007","Gabon","266'","2019","1","73182900'","  "," -- Autres","73'","Articles of iron or steel","7318'","Screws, bolts, nuts, coach screws, screw hooks, rivets, cotters, cotter-pins, washers (including spr","731829'"," -- Other","8","1","R","0","0","","","","0","0","0","0","0","0"
"3915","","HS 2007","Harmonized System 2007","Gabon","266'","2019","1","73192000'","  "," - Epingles de s?ret?","73'","Articles of iron or steel","7319'","Sewing needles, knitting needles, bodkins, crochet hooks, embroidery stilettos and similar articles,","731920'"," - Safety pins","8","1","R","0","0","","","","0","0","0","0","0","0"
"3916","","HS 2007","Harmonized System 2007","Gabon","266'","2019","1","73193000'","  "," - Autres ?pingles","73'","Articles of iron or steel","7319'","Sewing needles, knitting needles, bodkins, crochet hooks, embroidery stilettos and similar articles,","731930'"," - Other pins","8","1","R","0","0","","","","0","0","0","0","0","0"
"3917","","HS 2007","Harmonized System 2007","Gabon","266'","2019","1","73199000'","  "," - Autres","73'","Articles of iron or steel","7319'","Sewing needles, knitting needles, bodkins, crochet hooks, embroidery stilettos and similar articles,","731990'"," - Other","8","1","R","0","0","","","","0","0","0","0","0","0"
"3918","","HS 2007","Harmonized System 2007","Gabon","266'","2019","1","73201000'","  "," - Ressorts ? lames et leurs lames","73'","Articles of iron or steel","7320'","Springs and leaves for springs, of iron or steel.","732010'"," - Leaf-springs and leaves therefor","8","1","R","0","0","","","","0","0","0","0","0","0"
"3919","","HS 2007","Harmonized System 2007","Gabon","266'","2019","1","73202000'","  "," - Ressorts en h?lice","73'","Articles of iron or steel","7320'","Springs and leaves for springs, of iron or steel.","732020'"," - Helical springs","8","1","R","0","0","","","","0","0","0","0","0","0"
"3920","","HS 2007","Harmonized System 2007","Gabon","266'","2019","1","73209000'","  "," - Autres","73'","Articles of iron or steel","7320'","Springs and leaves for springs, of iron or steel.","732090'"," - Other","8","1","R","0","0","","","","0","0","0","0","0","0"
"3921","","HS 2007","Harmonized System 2007","Gabon","266'","2019","1","73211100'","  "," -- A combustibles gazeux ou ? gaz et autres combustibles","73'","Articles of iron or steel","7321'","Stoves, ranges, grates, cookers (including those with subsidiary boilers for central heating), barbe","732111'"," -- For gas fuel or for both gas and other fuels","8","1","R","0","0","","","","0","0","0","0","0","0"
"3922","","HS 2007","Harmonized System 2007","Gabon","266'","2019","1","73211200'","  "," -- A combustibles liquides","73'","Articles of iron or steel","7321'","Stoves, ranges, grates, cookers (including those with subsidiary boilers for central heating), barbe","732112'"," -- For liquid fuel","8","1","R","0","0","","","","0","0","0","0","0","0"
"3923","","HS 2007","Harmonized System 2007","Gabon","266'","2019","1","73211900'","  "," -- Autres, y compris les appareils ? combustibles solides","73'","Articles of iron or steel","7321'","Stoves, ranges, grates, cookers (including those with subsidiary boilers for central heating), barbe","732119'"," -- Other, including appliances for solid fuel","8","1","R","0","0","","","","0","0","0","0","0","0"
"3924","","HS 2007","Harmonized System 2007","Gabon","266'","2019","1","73218100'","  "," -- A combustibles gazeux ou ? gaz et autres combustibles","73'","Articles of iron or steel","7321'","Stoves, ranges, grates, cookers (including those with subsidiary boilers for central heating), barbe","732181'"," -- For gas fuel or for both gas and other fuels","8","1","R","0","0","","","","0","0","0","0","0","0"
"3925","","HS 2007","Harmonized System 2007","Gabon","266'","2019","1","73218200'","  "," -- A combustibles liquides","73'","Articles of iron or steel","7321'","Stoves, ranges, grates, cookers (including those with subsidiary boilers for central heating), barbe","732182'"," -- For liquid fuel","8","1","R","0","0","","","","0","0","0","0","0","0"
"3926","","HS 2007","Harmonized System 2007","Gabon","266'","2019","1","73218900'","  "," -- Autres, y compris les appareils ? combustibles solides","73'","Articles of iron or steel","7321'","Stoves, ranges, grates, cookers (including those with subsidiary boilers for central heating), barbe","732189'"," -- Other, including appliances for solid fuel","8","1","R","0","0","","","","0","0","0","0","0","0"
"3927","","HS 2007","Harmonized System 2007","Gabon","266'","2019","1","73219000'","  "," - Parties","73'","Articles of iron or steel","7321'","Stoves, ranges, grates, cookers (including those with subsidiary boilers for central heating), barbe","732190'"," - Parts","8","1","R","0","0","","","","0","0","0","0","0","0"
"3928","","HS 2007","Harmonized System 2007","Gabon","266'","2019","1","73221100'","  "," -- En fonte","73'","Articles of iron or steel","7322'","Radiators for central heating, not electrically heated, and parts thereof, of iron or steel; air hea","732211'"," -- Of cast iron","8","1","R","0","0","","","","0","0","0","0","0","0"
"3929","","HS 2007","Harmonized System 2007","Gabon","266'","2019","1","73221900'","  "," -- Autres","73'","Articles of iron or steel","7322'","Radiators for central heating, not electrically heated, and parts thereof, of iron or steel; air hea","732219'"," -- Other","8","1","R","0","0","","","","0","0","0","0","0","0"
"3930","","HS 2007","Harmonized System 2007","Gabon","266'","2019","1","73229000'","  "," - Autres","73'","Articles of iron or steel","7322'","Radiators for central heating, not electrically heated, and parts thereof, of iron or steel; air hea","732290'"," - Other","8","1","R","0","0","","","","0","0","0","0","0","0"
"3931","","HS 2007","Harmonized System 2007","Gabon","266'","2019","1","73231000'","  "," - Paille de fer ou d'acier; ?ponges, torchons, gants et articles similaires pour le r?curage, le polissage ou usages analogues","73'","Articles of iron or steel","7323'","Table, kitchen or other household articles and parts thereof, of iron or steel; iron or steel wool; ","732310'"," - Iron or steel wool; pot scourers and scouring or polishing pads, gloves and the like","8","1","R","0","0","","","","0","0","0","0","0","0"
"3932","","HS 2007","Harmonized System 2007","Gabon","266'","2019","1","73239100'","  "," -- En fonte, non ?maill?s","73'","Articles of iron or steel","7323'","Table, kitchen or other household articles and parts thereof, of iron or steel; iron or steel wool; ","732391'"," -- Of cast iron, not enamelled","8","1","R","0","0","","","","0","0","0","0","0","0"
"3933","","HS 2007","Harmonized System 2007","Gabon","266'","2019","1","73239200'","  "," -- En fonte, ?maill?s","73'","Articles of iron or steel","7323'","Table, kitchen or other household articles and parts thereof, of iron or steel; iron or steel wool; ","732392'"," -- Of cast iron, enamelled","8","1","R","0","0","","","","0","0","0","0","0","0"
"3934","","HS 2007","Harmonized System 2007","Gabon","266'","2019","1","73239300'","  "," -- En aciers inoxydables","73'","Articles of iron or steel","7323'","Table, kitchen or other household articles and parts thereof, of iron or steel; iron or steel wool; ","732393'"," -- Of stainless steel","8","1","R","0","0","","","","0","0","0","0","0","0"
"3935","","HS 2007","Harmonized System 2007","Gabon","266'","2019","1","73239400'","  "," -- En fer ou en acier, ?maill?s","73'","Articles of iron or steel","7323'","Table, kitchen or other household articles and parts thereof, of iron or steel; iron or steel wool; ","732394'"," -- Of iron (other than cast iron) or steel, enamelled","8","1","R","0","0","","","","0","0","0","0","0","0"
"3936","","HS 2007","Harmonized System 2007","Gabon","266'","2019","1","73239900'","  "," -- Autres","73'","Articles of iron or steel","7323'","Table, kitchen or other household articles and parts thereof, of iron or steel; iron or steel wool; ","732399'"," -- Other","8","1","R","0","0","","","","0","0","0","0","0","0"
"3937","","HS 2007","Harmonized System 2007","Gabon","266'","2019","1","73241000'","  "," - Eviers et lavabos en aciers inoxydables","73'","Articles of iron or steel","7324'","Sanitary ware and parts thereof, of iron or steel.","732410'"," - Sinks and wash basins, of stainless steel","8","1","R","0","0","","","","0","0","0","0","0","0"
"3938","","HS 2007","Harmonized System 2007","Gabon","266'","2019","1","73242100'","  "," -- En fonte, m?me ?maill?es","73'","Articles of iron or steel","7324'","Sanitary ware and parts thereof, of iron or steel.","732421'"," -- Of cast iron, whether or not enamelled","8","1","R","0","0","","","","0","0","0","0","0","0"
"3939","","HS 2007","Harmonized System 2007","Gabon","266'","2019","1","73242900'","  "," -- Autres","73'","Articles of iron or steel","7324'","Sanitary ware and parts thereof, of iron or steel.","732429'"," -- Other","8","1","R","0","0","","","","0","0","0","0","0","0"
"3940","","HS 2007","Harmonized System 2007","Gabon","266'","2019","1","73249000'","  "," - Autres, y compris les parties","73'","Articles of iron or steel","7324'","Sanitary ware and parts thereof, of iron or steel.","732490'"," - Other, including parts","8","1","R","0","0","","","","0","0","0","0","0","0"
"3941","","HS 2007","Harmonized System 2007","Gabon","266'","2019","1","73251010'","  "," Ouvrages moul?s en fonte non mal?able pour canalisation","73'","Articles of iron or steel","7325'","Other cast articles of iron or steel.","732510'"," - Of non-malleable cast iron","8","1","R","0","0","","","","0","0","0","0","0","0"
"3942","","HS 2007","Harmonized System 2007","Gabon","266'","2019","1","73251090'","  "," Ouvrages moul?s en fer ou acier pour autre usage que canalisation","73'","Articles of iron or steel","7325'","Other cast articles of iron or steel.","732510'"," - Of non-malleable cast iron","8","1","R","0","0","","","","0","0","0","0","0","0"
"3943","","HS 2007","Harmonized System 2007","Gabon","266'","2019","1","73259100'","  "," -- Boulets et articles similaires pour broyeurs","73'","Articles of iron or steel","7325'","Other cast articles of iron or steel.","732591'"," -- Grinding balls and similar articles for mills","8","1","R","0","0","","","","0","0","0","0","0","0"
"3944","","HS 2007","Harmonized System 2007","Gabon","266'","2019","1","73259910'","  "," Ouvrages moul?s en fonte, fer ou acier pour canalisation autres que ceux du 73251010","73'","Articles of iron or steel","7325'","Other cast articles of iron or steel.","732599'"," -- Other","8","1","R","0","0","","","","0","0","0","0","0","0"
"3945","","HS 2007","Harmonized System 2007","Gabon","266'","2019","1","73259990'","  "," Ouvrages moul?s en fer, fonte ou acier autres que ceux du 73251010 au 73259910","73'","Articles of iron or steel","7325'","Other cast articles of iron or steel.","732599'"," -- Other","8","1","R","0","0","","","","0","0","0","0","0","0"
"3946","","HS 2007","Harmonized System 2007","Gabon","266'","2019","1","73261100'","  "," -- Boulets et articles similaires pour broyeurs","73'","Articles of iron or steel","7326'","Other articles of iron or steel.","732611'"," -- Grinding balls and similar articles for mills","8","1","R","0","0","","","","0","0","0","0","0","0"
"3947","","HS 2007","Harmonized System 2007","Gabon","266'","2019","1","73261910'","  "," Esses ? bois en fer ou acier","73'","Articles of iron or steel","7326'","Other articles of iron or steel.","732619'"," -- Other","8","1","R","0","0","","","","0","0","0","0","0","0"
"3948","","HS 2007","Harmonized System 2007","Gabon","266'","2019","1","73261990'","  "," Ouvrages en fer ou acier autres que 732611et 73261910","73'","Articles of iron or steel","7326'","Other articles of iron or steel.","732619'"," -- Other","8","1","R","0","0","","","","0","0","0","0","0","0"
"3949","","HS 2007","Harmonized System 2007","Gabon","266'","2019","1","73262000'","  "," - Ouvrages en fils de fer ou d'acier","73'","Articles of iron or steel","7326'","Other articles of iron or steel.","732620'"," - Articles of iron or steel wire","8","1","R","0","0","","","","0","0","0","0","0","0"
"3950","","HS 2007","Harmonized System 2007","Gabon","266'","2019","1","73269010'","  "," Mat?riels de drainage en fer ou en acier","73'","Articles of iron or steel","7326'","Other articles of iron or steel.","732690'"," - Other","8","1","R","0","0","","","","0","0","0","0","0","0"
"3951","","HS 2007","Harmonized System 2007","Gabon","266'","2019","1","73269090'","  "," Ouvrages en fer ou acier autres que ceux du732611 ? 73269010","73'","Articles of iron or steel","7326'","Other articles of iron or steel.","732690'"," - Other","8","1","R","0","0","","","","0","0","0","0","0","0"
"3952","","HS 2007","Harmonized System 2007","Gabon","266'","2019","1","74010000'","  "," Mattes de cuivre; cuivre de c?ment (pr?cipit? de cuivre).","74'","Copper and articles thereof","7401'","Copper mattes; cement copper (precipitated copper).","740100'"," Copper mattes; cement copper (precipitated copper).","8","1","R","0","0","","","","0","0","0","0","0","0"
"3953","","HS 2007","Harmonized System 2007","Gabon","266'","2019","1","74020000'","  "," Cuivre non affin?; anodes en cuivre pour affinage ?lectrolytique.","74'","Copper and articles thereof","7402'","Unrefined copper; copper anodes for electrolytic refining.","740200'"," Unrefined copper; copper anodes for electrolytic refining.","8","1","R","0","0","","","","0","0","0","0","0","0"
"3954","","HS 2007","Harmonized System 2007","Gabon","266'","2019","1","74031100'","  "," -- Cathodes et sections de cathodes","74'","Copper and articles thereof","7403'","Refined copper and copper alloys, unwrought.","740311'"," -- Cathodes and sections of cathodes","8","1","R","0","0","","","","0","0","0","0","0","0"
"3955","","HS 2007","Harmonized System 2007","Gabon","266'","2019","1","74031200'","  "," -- Barres ? fil (wire-bars)","74'","Copper and articles thereof","7403'","Refined copper and copper alloys, unwrought.","740312'"," -- Wire-bars","8","1","R","0","0","","","","0","0","0","0","0","0"
"3956","","HS 2007","Harmonized System 2007","Gabon","266'","2019","1","74031300'","  "," -- Billettes","74'","Copper and articles thereof","7403'","Refined copper and copper alloys, unwrought.","740313'"," -- Billets","8","1","R","0","0","","","","0","0","0","0","0","0"
"3957","","HS 2007","Harmonized System 2007","Gabon","266'","2019","1","74031900'","  "," -- Autres","74'","Copper and articles thereof","7403'","Refined copper and copper alloys, unwrought.","740319'"," -- Other","8","1","R","0","0","","","","0","0","0","0","0","0"
"3958","","HS 2007","Harmonized System 2007","Gabon","266'","2019","1","74032100'","  "," -- A base de cuivre-zinc (laiton)","74'","Copper and articles thereof","7403'","Refined copper and copper alloys, unwrought.","740321'"," -- Copper-zinc base alloys (brass)","8","1","R","0","0","","","","0","0","0","0","0","0"
"3959","","HS 2007","Harmonized System 2007","Gabon","266'","2019","1","74032200'","  "," -- A base de cuivre-?tain (bronze)","74'","Copper and articles thereof","7403'","Refined copper and copper alloys, unwrought.","740322'"," -- Copper-tin base alloys (bronze)","8","1","R","0","0","","","","0","0","0","0","0","0"
"3960","","HS 2007","Harmonized System 2007","Gabon","266'","2019","1","74032900'","  "," -- Autres alliages de cuivre (? l'exception des alliages m?res du n??74.05)","74'","Copper and articles thereof","7403'","Refined copper and copper alloys, unwrought.","740329'"," -- Other copper alloys (other than master alloys of heading 74.05)","8","1","R","0","0","","","","0","0","0","0","0","0"
"3961","","HS 2007","Harmonized System 2007","Gabon","266'","2019","1","74040000'","  "," D?chets et d?bris de cuivre.","74'","Copper and articles thereof","7404'","Copper waste and scrap.","740400'"," Copper waste and scrap.","8","1","R","0","0","","","","0","0","0","0","0","0"
"3962","","HS 2007","Harmonized System 2007","Gabon","266'","2019","1","74050000'","  "," Alliages m?res de cuivre.","74'","Copper and articles thereof","7405'","Master alloys of copper.","740500'"," Master alloys of copper.","8","1","R","0","0","","","","0","0","0","0","0","0"
"3963","","HS 2007","Harmonized System 2007","Gabon","266'","2019","1","74061000'","  "," - Poudres ? structure non lamellaire","74'","Copper and articles thereof","7406'","Copper powders and flakes.","740610'"," - Powders of non-lamellar structure","8","1","R","0","0","","","","0","0","0","0","0","0"
"3964","","HS 2007","Harmonized System 2007","Gabon","266'","2019","1","74062000'","  "," - Poudres ? structure lamellaire; paillettes","74'","Copper and articles thereof","7406'","Copper powders and flakes.","740620'"," - Powders of lamellar structure; flakes","8","1","R","0","0","","","","0","0","0","0","0","0"
"3965","","HS 2007","Harmonized System 2007","Gabon","266'","2019","1","74071000'","  "," - En cuivre affin?","74'","Copper and articles thereof","7407'","Copper bars, rods and profiles.","740710'"," - Of refined copper","8","1","R","0","0","","","","0","0","0","0","0","0"
"3966","","HS 2007","Harmonized System 2007","Gabon","266'","2019","1","74072100'","  "," -- A base de cuivre-zinc (laiton)","74'","Copper and articles thereof","7407'","Copper bars, rods and profiles.","740721'"," -- Of copper-zinc base alloys (brass)","8","1","R","0","0","","","","0","0","0","0","0","0"
"3967","","HS 2007","Harmonized System 2007","Gabon","266'","2019","1","74072900'","  "," -- Autres","74'","Copper and articles thereof","7407'","Copper bars, rods and profiles.","740729'"," -- Other","8","1","R","0","0","","","","0","0","0","0","0","0"
"3968","","HS 2007","Harmonized System 2007","Gabon","266'","2019","1","74081100'","  "," -- Dont la plus grande dimension de la section transversale exc?de 6 mm","74'","Copper and articles thereof","7408'","Copper wire.","740811'"," -- Of which the maximum cross-sectional dimension exceeds 6?mm","8","1","R","0","0","","","","0","0","0","0","0","0"
"3969","","HS 2007","Harmonized System 2007","Gabon","266'","2019","1","74081900'","  "," -- Autres","74'","Copper and articles thereof","7408'","Copper wire.","740819'"," -- Other","8","1","R","0","0","","","","0","0","0","0","0","0"
"3970","","HS 2007","Harmonized System 2007","Gabon","266'","2019","1","74082100'","  "," -- A base de cuivre-zinc (laiton)","74'","Copper and articles thereof","7408'","Copper wire.","740821'"," -- Of copper-zinc base alloys (brass)","8","1","R","0","0","","","","0","0","0","0","0","0"
"3971","","HS 2007","Harmonized System 2007","Gabon","266'","2019","1","74082200'","  "," -- A base de cuivre-nickel (cupronickel) ou de cuivre-nickel-zinc (maillechort)","74'","Copper and articles thereof","7408'","Copper wire.","740822'"," -- Of copper-nickel base alloys (cupro-nickel) or copper-nickel-zinc base alloys (nickel silver)","8","1","R","0","0","","","","0","0","0","0","0","0"
"3972","","HS 2007","Harmonized System 2007","Gabon","266'","2019","1","74082900'","  "," -- Autres","74'","Copper and articles thereof","7408'","Copper wire.","740829'"," -- Other","8","1","R","0","0","","","","0","0","0","0","0","0"
"3973","","HS 2007","Harmonized System 2007","Gabon","266'","2019","1","74091100'","  "," -- Enroul?es","74'","Copper and articles thereof","7409'","Copper plates, sheets and strip, of a thickness exceeding 0.15?mm.","740911'"," -- In coils","8","1","R","0","0","","","","0","0","0","0","0","0"
"3974","","HS 2007","Harmonized System 2007","Gabon","266'","2019","1","74091900'","  "," -- Autres","74'","Copper and articles thereof","7409'","Copper plates, sheets and strip, of a thickness exceeding 0.15?mm.","740919'"," -- Other","8","1","R","0","0","","","","0","0","0","0","0","0"
"3975","","HS 2007","Harmonized System 2007","Gabon","266'","2019","1","74092100'","  "," -- Enroul?es","74'","Copper and articles thereof","7409'","Copper plates, sheets and strip, of a thickness exceeding 0.15?mm.","740921'"," -- In coils","8","1","R","0","0","","","","0","0","0","0","0","0"
"3976","","HS 2007","Harmonized System 2007","Gabon","266'","2019","1","74092900'","  "," -- Autres","74'","Copper and articles thereof","7409'","Copper plates, sheets and strip, of a thickness exceeding 0.15?mm.","740929'"," -- Other","8","1","R","0","0","","","","0","0","0","0","0","0"
"3977","","HS 2007","Harmonized System 2007","Gabon","266'","2019","1","74093100'","  "," -- Enroul?es","74'","Copper and articles thereof","7409'","Copper plates, sheets and strip, of a thickness exceeding 0.15?mm.","740931'"," -- In coils","8","1","R","0","0","","","","0","0","0","0","0","0"
"3978","","HS 2007","Harmonized System 2007","Gabon","266'","2019","1","74093900'","  "," -- Autres","74'","Copper and articles thereof","7409'","Copper plates, sheets and strip, of a thickness exceeding 0.15?mm.","740939'"," -- Other","8","1","R","0","0","","","","0","0","0","0","0","0"
"3979","","HS 2007","Harmonized System 2007","Gabon","266'","2019","1","74094000'","  "," - En alliages ? base de cuivre-nickel (cupronickel) ou de cuivre-nickel-zinc (maillechort)","74'","Copper and articles thereof","7409'","Copper plates, sheets and strip, of a thickness exceeding 0.15?mm.","740940'"," - Of copper-nickel base alloys (cupro-nickel) or copper-nickel-zinc base alloys (nickel silver)","8","1","R","0","0","","","","0","0","0","0","0","0"
"3980","","HS 2007","Harmonized System 2007","Gabon","266'","2019","1","74099000'","  "," - En autres alliages de cuivre","74'","Copper and articles thereof","7409'","Copper plates, sheets and strip, of a thickness exceeding 0.15?mm.","740990'"," - Of other copper alloys","8","1","R","0","0","","","","0","0","0","0","0","0"
"3981","","HS 2007","Harmonized System 2007","Gabon","266'","2019","1","74101100'","  "," -- En cuivre affin?","74'","Copper and articles thereof","7410'","Copper foil (whether or not printed or backed with paper, paperboard, plastics or similar backing ma","741011'"," -- Of refined copper","8","1","R","0","0","","","","0","0","0","0","0","0"
"3982","","HS 2007","Harmonized System 2007","Gabon","266'","2019","1","74101200'","  "," -- En alliages de cuivre","74'","Copper and articles thereof","7410'","Copper foil (whether or not printed or backed with paper, paperboard, plastics or similar backing ma","741012'"," -- Of copper alloys","8","1","R","0","0","","","","0","0","0","0","0","0"
"3983","","HS 2007","Harmonized System 2007","Gabon","266'","2019","1","74102100'","  "," -- En cuivre affin?","74'","Copper and articles thereof","7410'","Copper foil (whether or not printed or backed with paper, paperboard, plastics or similar backing ma","741021'"," -- Of refined copper","8","1","R","0","0","","","","0","0","0","0","0","0"
"3984","","HS 2007","Harmonized System 2007","Gabon","266'","2019","1","74102200'","  "," -- En alliages de cuivre","74'","Copper and articles thereof","7410'","Copper foil (whether or not printed or backed with paper, paperboard, plastics or similar backing ma","741022'"," -- Of copper alloys","8","1","R","0","0","","","","0","0","0","0","0","0"
"3985","","HS 2007","Harmonized System 2007","Gabon","266'","2019","1","74111000'","  "," - En cuivre affin?","74'","Copper and articles thereof","7411'","Copper tubes and pipes.","741110'"," - Of refined copper","8","1","R","0","0","","","","0","0","0","0","0","0"
"3986","","HS 2007","Harmonized System 2007","Gabon","266'","2019","1","74112100'","  "," -- A base de cuivre-zinc (laiton)","74'","Copper and articles thereof","7411'","Copper tubes and pipes.","741121'"," -- Of copper-zinc base alloys (brass)","8","1","R","0","0","","","","0","0","0","0","0","0"
"3987","","HS 2007","Harmonized System 2007","Gabon","266'","2019","1","74112200'","  "," -- A base de cuivre-nickel (cupronickel) ou de cuivre-nickel-zinc (maillechort)","74'","Copper and articles thereof","7411'","Copper tubes and pipes.","741122'"," -- Of copper-nickel base alloys (cupro-nickel) or copper-nickel-zinc base alloys (nickel silver)","8","1","R","0","0","","","","0","0","0","0","0","0"
"3988","","HS 2007","Harmonized System 2007","Gabon","266'","2019","1","74112900'","  "," -- Autres","74'","Copper and articles thereof","7411'","Copper tubes and pipes.","741129'"," -- Other","8","1","R","0","0","","","","0","0","0","0","0","0"
"3989","","HS 2007","Harmonized System 2007","Gabon","266'","2019","1","74121000'","  "," - En cuivre affin?","74'","Copper and articles thereof","7412'","Copper tube or pipe fittings (for example, couplings, elbows, sleeves).","741210'"," - Of refined copper","8","1","R","0","0","","","","0","0","0","0","0","0"
"3990","","HS 2007","Harmonized System 2007","Gabon","266'","2019","1","74122000'","  "," - En alliages de cuivre","74'","Copper and articles thereof","7412'","Copper tube or pipe fittings (for example, couplings, elbows, sleeves).","741220'"," - Of copper alloys","8","1","R","0","0","","","","0","0","0","0","0","0"
"3991","","HS 2007","Harmonized System 2007","Gabon","266'","2019","1","74130000'","  "," Torons, c?bles, tresses et articles similaires, en cuivre, non isol?s pour l'?lectricit?.","74'","Copper and articles thereof","7413'","Stranded wire, cables, plaited bands and the like, of copper, not electrically insulated.","741300'"," Stranded wire, cables, plaited bands and the like, of copper, not electrically insulated.","8","1","R","0","0","","","","0","0","0","0","0","0"
"3992","","HS 2007","Harmonized System 2007","Gabon","266'","2019","1","74151000'","  "," - Pointes et clous, punaises, crampons appoint?s et articles similaires","74'","Copper and articles thereof","7415'","Nails, tacks, drawing pins, staples (other than those of heading 83.05) and similar articles, of cop","741510'"," - Nails and tacks, drawing pins, staples and similar articles","8","1","R","0","0","","","","0","0","0","0","0","0"
"3993","","HS 2007","Harmonized System 2007","Gabon","266'","2019","1","74152100'","  "," -- Rondelles (y compris les rondelles destin?es ? faire ressort)","74'","Copper and articles thereof","7415'","Nails, tacks, drawing pins, staples (other than those of heading 83.05) and similar articles, of cop","741521'"," -- Washers (including spring washers)","8","1","R","0","0","","","","0","0","0","0","0","0"
"3994","","HS 2007","Harmonized System 2007","Gabon","266'","2019","1","74152900'","  "," -- Autres","74'","Copper and articles thereof","7415'","Nails, tacks, drawing pins, staples (other than those of heading 83.05) and similar articles, of cop","741529'"," -- Other","8","1","R","0","0","","","","0","0","0","0","0","0"
"3995","","HS 2007","Harmonized System 2007","Gabon","266'","2019","1","74153300'","  "," -- Vis; boulons et ?crous","74'","Copper and articles thereof","7415'","Nails, tacks, drawing pins, staples (other than those of heading 83.05) and similar articles, of cop","741533'"," -- Screws; bolts and nuts","8","1","R","0","0","","","","0","0","0","0","0","0"
"3996","","HS 2007","Harmonized System 2007","Gabon","266'","2019","1","74153900'","  "," -- Autres","74'","Copper and articles thereof","7415'","Nails, tacks, drawing pins, staples (other than those of heading 83.05) and similar articles, of cop","741539'"," -- Other","8","1","R","0","0","","","","0","0","0","0","0","0"
"3997","","HS 2007","Harmonized System 2007","Gabon","266'","2019","1","74181100'","  "," -- Eponges, torchons, gants et articles similaires pour ler?curage, le polissage ou usages analogues","74'","Copper and articles thereof","7418'","Table, kitchen or other household articles and parts thereof, of copper; pot scourers and scouring o","741811'"," -- Pot scourers and scouring or polishing pads, gloves and the like","8","1","R","0","0","","","","0","0","0","0","0","0"
"3998","","HS 2007","Harmonized System 2007","Gabon","266'","2019","1","74181900'","  "," -- Autres","74'","Copper and articles thereof","7418'","Table, kitchen or other household articles and parts thereof, of copper; pot scourers and scouring o","741819'"," -- Other","8","1","R","0","0","","","","0","0","0","0","0","0"
"3999","","HS 2007","Harmonized System 2007","Gabon","266'","2019","1","74182000'","  "," - Articles d'hygi?ne ou de toilette et leurs parties","74'","Copper and articles thereof","7418'","Table, kitchen or other household articles and parts thereof, of copper; pot scourers and scouring o","741820'"," - Sanitary ware and parts thereof","8","1","R","0","0","","","","0","0","0","0","0","0"
"4000","","HS 2007","Harmonized System 2007","Gabon","266'","2019","1","74191000'","  "," - Cha?nes, cha?nettes et leurs parties","74'","Copper and articles thereof","7419'","Other articles of copper.","741910'"," - Chain and parts thereof","8","1","R","0","0","","","","0","0","0","0","0","0"
"4001","","HS 2007","Harmonized System 2007","Gabon","266'","2019","1","74199100'","  "," -- Coul?s, moul?s, estamp?s ou forg?s, mais non autrement travaill?s","74'","Copper and articles thereof","7419'","Other articles of copper.","741991'"," -- Cast, moulded, stamped or forged, but not further worked","8","1","R","0","0","","","","0","0","0","0","0","0"
"4002","","HS 2007","Harmonized System 2007","Gabon","266'","2019","1","74199910'","  "," r?servoirs, foudres, cuves et r?cipients analogues en cuivre d'une contenance > 300L","74'","Copper and articles thereof","7419'","Other articles of copper.","741999'"," -- Other","8","1","R","0","0","","","","0","0","0","0","0","0"
"4003","","HS 2007","Harmonized System 2007","Gabon","266'","2019","1","74199990'","  "," r?servoirs,foudres cuves et r?cipients analogues en cuivre,contenance <= 300L","74'","Copper and articles thereof","7419'","Other articles of copper.","741999'"," -- Other","8","1","R","0","0","","","","0","0","0","0","0","0"
"4004","","HS 2007","Harmonized System 2007","Gabon","266'","2019","1","75011000'","  "," - Mattes de nickel","75'","Nickel and articles thereof","7501'","Nickel mattes, nickel oxide sinters and other intermediate products of nickel metallurgy.","750110'"," - Nickel mattes","8","1","R","0","0","","","","0","0","0","0","0","0"
"4005","","HS 2007","Harmonized System 2007","Gabon","266'","2019","1","75012000'","  "," - ? Sinters ? d'oxydes de nickel et autres produits interm?diaires de la m?tallurgie du nickel","75'","Nickel and articles thereof","7501'","Nickel mattes, nickel oxide sinters and other intermediate products of nickel metallurgy.","750120'"," - Nickel oxide sinters and other intermediate products of nickel metallurgy","8","1","R","0","0","","","","0","0","0","0","0","0"
"4006","","HS 2007","Harmonized System 2007","Gabon","266'","2019","1","75021000'","  "," - Nickel non alli?","75'","Nickel and articles thereof","7502'","Unwrought nickel.","750210'"," - Nickel, not alloyed","8","1","R","0","0","","","","0","0","0","0","0","0"
"4007","","HS 2007","Harmonized System 2007","Gabon","266'","2019","1","75022000'","  "," - Alliages de nickel","75'","Nickel and articles thereof","7502'","Unwrought nickel.","750220'"," - Nickel alloys","8","1","R","0","0","","","","0","0","0","0","0","0"
"4008","","HS 2007","Harmonized System 2007","Gabon","266'","2019","1","75030000'","  "," D?chets et d?bris de nickel.","75'","Nickel and articles thereof","7503'","Nickel waste and scrap.","750300'"," Nickel waste and scrap.","8","1","R","0","0","","","","0","0","0","0","0","0"
"4009","","HS 2007","Harmonized System 2007","Gabon","266'","2019","1","75040000'","  "," Poudres et paillettes de nickel.","75'","Nickel and articles thereof","7504'","Nickel powders and flakes.","750400'"," Nickel powders and flakes.","8","1","R","0","0","","","","0","0","0","0","0","0"
"4010","","HS 2007","Harmonized System 2007","Gabon","266'","2019","1","75051100'","  "," -- En nickel non alli?","75'","Nickel and articles thereof","7505'","Nickel bars, rods, profiles and wire.","750511'"," -- Of nickel, not alloyed","8","1","R","0","0","","","","0","0","0","0","0","0"
"4011","","HS 2007","Harmonized System 2007","Gabon","266'","2019","1","75051200'","  "," -- En alliages de nickel","75'","Nickel and articles thereof","7505'","Nickel bars, rods, profiles and wire.","750512'"," -- Of nickel alloys","8","1","R","0","0","","","","0","0","0","0","0","0"
"4012","","HS 2007","Harmonized System 2007","Gabon","266'","2019","1","75052100'","  "," -- En nickel non alli?","75'","Nickel and articles thereof","7505'","Nickel bars, rods, profiles and wire.","750521'"," -- Of nickel, not alloyed","8","1","R","0","0","","","","0","0","0","0","0","0"
"4013","","HS 2007","Harmonized System 2007","Gabon","266'","2019","1","75052200'","  "," -- En alliages de nickel","75'","Nickel and articles thereof","7505'","Nickel bars, rods, profiles and wire.","750522'"," -- Of nickel alloys","8","1","R","0","0","","","","0","0","0","0","0","0"
"4014","","HS 2007","Harmonized System 2007","Gabon","266'","2019","1","75061000'","  "," - En nickel non alli?","75'","Nickel and articles thereof","7506'","Nickel plates, sheets, strip and foil.","750610'"," - Of nickel, not alloyed","8","1","R","0","0","","","","0","0","0","0","0","0"
"4015","","HS 2007","Harmonized System 2007","Gabon","266'","2019","1","75062000'","  "," - En alliages de nickel","75'","Nickel and articles thereof","7506'","Nickel plates, sheets, strip and foil.","750620'"," - Of nickel alloys","8","1","R","0","0","","","","0","0","0","0","0","0"
"4016","","HS 2007","Harmonized System 2007","Gabon","266'","2019","1","75071100'","  "," -- En nickel non alli?","75'","Nickel and articles thereof","7507'","Nickel tubes, pipes and tube or pipe fittings (for example, couplings, elbows, sleeves).","750711'"," -- Of nickel, not alloyed","8","1","R","0","0","","","","0","0","0","0","0","0"
"4017","","HS 2007","Harmonized System 2007","Gabon","266'","2019","1","75071200'","  "," -- En alliages de nickel","75'","Nickel and articles thereof","7507'","Nickel tubes, pipes and tube or pipe fittings (for example, couplings, elbows, sleeves).","750712'"," -- Of nickel alloys","8","1","R","0","0","","","","0","0","0","0","0","0"
"4018","","HS 2007","Harmonized System 2007","Gabon","266'","2019","1","75072000'","  "," - Accessoires de tuyauterie","75'","Nickel and articles thereof","7507'","Nickel tubes, pipes and tube or pipe fittings (for example, couplings, elbows, sleeves).","750720'"," - Tube or pipe fittings","8","1","R","0","0","","","","0","0","0","0","0","0"
"4019","","HS 2007","Harmonized System 2007","Gabon","266'","2019","1","75081000'","  "," - Toiles m?talliques et grillages, en fils de nickel","75'","Nickel and articles thereof","7508'","Other articles of nickel.","750810'"," - Cloth, grill and netting, of nickel wire","8","1","R","0","0","","","","0","0","0","0","0","0"
"4020","","HS 2007","Harmonized System 2007","Gabon","266'","2019","1","75089000'","  "," - Autres","75'","Nickel and articles thereof","7508'","Other articles of nickel.","750890'"," - Other","8","1","R","0","0","","","","0","0","0","0","0","0"
"4021","","HS 2007","Harmonized System 2007","Gabon","266'","2019","1","76011000'","  "," - Aluminium non alli?","76'","Aluminium and articles thereof","7601'","Unwrought aluminium.","760110'"," - Aluminium, not alloyed","8","1","R","0","0","","","","0","0","0","0","0","0"
"4022","","HS 2007","Harmonized System 2007","Gabon","266'","2019","1","76012000'","  "," - Alliages d'aluminium","76'","Aluminium and articles thereof","7601'","Unwrought aluminium.","760120'"," - Aluminium alloys","8","1","R","0","0","","","","0","0","0","0","0","0"
"4023","","HS 2007","Harmonized System 2007","Gabon","266'","2019","1","76020000'","  "," D?chets et d?bris d'aluminium.","76'","Aluminium and articles thereof","7602'","Aluminium waste and scrap.","760200'"," Aluminium waste and scrap.","8","1","R","0","0","","","","0","0","0","0","0","0"
"4024","","HS 2007","Harmonized System 2007","Gabon","266'","2019","1","76031000'","  "," - Poudres ? structure non lamellaire","76'","Aluminium and articles thereof","7603'","Aluminium powders and flakes.","760310'"," - Powders of non-lamellar structure","8","1","R","0","0","","","","0","0","0","0","0","0"
"4025","","HS 2007","Harmonized System 2007","Gabon","266'","2019","1","76032000'","  "," - Poudres ? structure lamellaire; paillettes","76'","Aluminium and articles thereof","7603'","Aluminium powders and flakes.","760320'"," - Powders of lamellar structure; flakes","8","1","R","0","0","","","","0","0","0","0","0","0"
"4026","","HS 2007","Harmonized System 2007","Gabon","266'","2019","1","76041000'","  "," - En aluminium non alli?","76'","Aluminium and articles thereof","7604'","Aluminium bars, rods and profiles.","760410'"," - Of aluminium, not alloyed","8","1","R","0","0","","","","0","0","0","0","0","0"
"4027","","HS 2007","Harmonized System 2007","Gabon","266'","2019","1","76042100'","  "," -- Profil?s creux","76'","Aluminium and articles thereof","7604'","Aluminium bars, rods and profiles.","760421'"," -- Hollow profiles","8","1","R","0","0","","","","0","0","0","0","0","0"
"4028","","HS 2007","Harmonized System 2007","Gabon","266'","2019","1","76042900'","  "," -- Autres","76'","Aluminium and articles thereof","7604'","Aluminium bars, rods and profiles.","760429'"," -- Other","8","1","R","0","0","","","","0","0","0","0","0","0"
"4029","","HS 2007","Harmonized System 2007","Gabon","266'","2019","1","76051100'","  "," -- Dont la plus grande dimension de la section transversale exc?de 7 mm","76'","Aluminium and articles thereof","7605'","Aluminium wire.","760511'"," -- Of which the maximum cross-sectional dimension exceeds 7?mm","8","1","R","0","0","","","","0","0","0","0","0","0"
"4030","","HS 2007","Harmonized System 2007","Gabon","266'","2019","1","76051900'","  "," -- Autres","76'","Aluminium and articles thereof","7605'","Aluminium wire.","760519'"," -- Other","8","1","R","0","0","","","","0","0","0","0","0","0"
"4031","","HS 2007","Harmonized System 2007","Gabon","266'","2019","1","76052100'","  "," -- Dont la plus grande dimension de la section transversale exc?de 7 mm","76'","Aluminium and articles thereof","7605'","Aluminium wire.","760521'"," -- Of which the maximum cross-sectional dimension exceeds 7?mm","8","1","R","0","0","","","","0","0","0","0","0","0"
"4032","","HS 2007","Harmonized System 2007","Gabon","266'","2019","1","76052900'","  "," -- Autres","76'","Aluminium and articles thereof","7605'","Aluminium wire.","760529'"," -- Other","8","1","R","0","0","","","","0","0","0","0","0","0"
"4033","","HS 2007","Harmonized System 2007","Gabon","266'","2019","1","76061110'","  "," bandes en aluminium non alli?es d'une ?paisseur > 0,2mm","76'","Aluminium and articles thereof","7606'","Aluminium plates, sheets and strip, of a thickness exceeding 0.2 mm.","760611'"," -- Of aluminium, not alloyed","8","1","R","0","0","","","","0","0","0","0","0","0"
"4034","","HS 2007","Harmonized System 2007","Gabon","266'","2019","1","76061190'","  "," t?les en aluminium non alli?es d'une?paisseur > 0,2mm","76'","Aluminium and articles thereof","7606'","Aluminium plates, sheets and strip, of a thickness exceeding 0.2 mm.","760611'"," -- Of aluminium, not alloyed","8","1","R","0","0","","","","0","0","0","0","0","0"
"4035","","HS 2007","Harmonized System 2007","Gabon","266'","2019","1","76061200'","  "," -- En alliages d'aluminium","76'","Aluminium and articles thereof","7606'","Aluminium plates, sheets and strip, of a thickness exceeding 0.2 mm.","760612'"," -- Of aluminium alloys","8","1","R","0","0","","","","0","0","0","0","0","0"
"4036","","HS 2007","Harmonized System 2007","Gabon","266'","2019","1","76069100'","  "," -- En aluminium non alli?","76'","Aluminium and articles thereof","7606'","Aluminium plates, sheets and strip, of a thickness exceeding 0.2 mm.","760691'"," -- Of aluminium, not alloyed","8","1","R","0","0","","","","0","0","0","0","0","0"
"4037","","HS 2007","Harmonized System 2007","Gabon","266'","2019","1","76069200'","  "," -- En alliages d'aluminium","76'","Aluminium and articles thereof","7606'","Aluminium plates, sheets and strip, of a thickness exceeding 0.2 mm.","760692'"," -- Of aluminium alloys","8","1","R","0","0","","","","0","0","0","0","0","0"
"4038","","HS 2007","Harmonized System 2007","Gabon","266'","2019","1","76071100'","  "," -- Simplement lamin?es","76'","Aluminium and articles thereof","7607'","Aluminium foil (whether or not printed or backed with paper, paperboard, plastics or similar backing","760711'"," -- Rolled but not further worked","8","1","R","0","0","","","","0","0","0","0","0","0"
"4039","","HS 2007","Harmonized System 2007","Gabon","266'","2019","1","76071910'","  "," feuilles et bandes minces en aluminium pourbrasserie ->stagnoles)","76'","Aluminium and articles thereof","7607'","Aluminium foil (whether or not printed or backed with paper, paperboard, plastics or similar backing","760719'"," -- Other","8","1","R","0","0","","","","0","0","0","0","0","0"
"4040","","HS 2007","Harmonized System 2007","Gabon","266'","2019","1","76071990'","  "," feuilles et bandes minces en aluminium pourd'autres usages","76'","Aluminium and articles thereof","7607'","Aluminium foil (whether or not printed or backed with paper, paperboard, plastics or similar backing","760719'"," -- Other","8","1","R","0","0","","","","0","0","0","0","0","0"
"4041","","HS 2007","Harmonized System 2007","Gabon","266'","2019","1","76072000'","  "," - Sur support","76'","Aluminium and articles thereof","7607'","Aluminium foil (whether or not printed or backed with paper, paperboard, plastics or similar backing","760720'"," - Backed","8","1","R","0","0","","","","0","0","0","0","0","0"
"4042","","HS 2007","Harmonized System 2007","Gabon","266'","2019","1","76081000'","  "," - En aluminium non alli?","76'","Aluminium and articles thereof","7608'","Aluminium tubes and pipes.","760810'"," - Of aluminium, not alloyed","8","1","R","0","0","","","","0","0","0","0","0","0"
"4043","","HS 2007","Harmonized System 2007","Gabon","266'","2019","1","76082000'","  "," - En alliages d'aluminium","76'","Aluminium and articles thereof","7608'","Aluminium tubes and pipes.","760820'"," - Of aluminium alloys","8","1","R","0","0","","","","0","0","0","0","0","0"
"4044","","HS 2007","Harmonized System 2007","Gabon","266'","2019","1","76090000'","  "," Accessoires de tuyauterie (raccords, coudes, manchons, par exemple), en aluminium.","76'","Aluminium and articles thereof","7609'","Aluminium tube or pipe fittings (for example, couplings, elbows, sleeves).","760900'"," Aluminium tube or pipe fittings (for example, couplings, elbows, sleeves).","8","1","R","0","0","","","","0","0","0","0","0","0"
"4045","","HS 2007","Harmonized System 2007","Gabon","266'","2019","1","76101000'","  "," - Portes, fen?tres et leurs cadres, chambranles et seuils","76'","Aluminium and articles thereof","7610'","Aluminium structures (excluding prefabricated buildings of heading 94.06) and parts of structures (f","761010'"," - Doors, windows and their frames and thresholds for doors","8","1","R","0","0","","","","0","0","0","0","0","0"
"4046","","HS 2007","Harmonized System 2007","Gabon","266'","2019","1","76109010'","  "," t?les pr?par?es en vue de leur utilisation dans la construction ndca","76'","Aluminium and articles thereof","7610'","Aluminium structures (excluding prefabricated buildings of heading 94.06) and parts of structures (f","761090'"," - Other","8","1","R","0","0","","","","0","0","0","0","0","0"
"4047","","HS 2007","Harmonized System 2007","Gabon","266'","2019","1","76109090'","  "," t?les pr?par?es en vue de leur utilisation dans la const autres que du 76109010","76'","Aluminium and articles thereof","7610'","Aluminium structures (excluding prefabricated buildings of heading 94.06) and parts of structures (f","761090'"," - Other","8","1","R","0","0","","","","0","0","0","0","0","0"
"4048","","HS 2007","Harmonized System 2007","Gabon","266'","2019","1","76110000'","  "," R?servoirs, foudres, cuves et r?cipients similaires pour toutes mati?res (? l'exception des gaz comprim?s ou liqu?fi?s), en aluminium, d'une contenance exc?dant 300 l, sans dispositifs m?caniques ou thermiques, m?me avec rev?tement int?rieur ou ","76'","Aluminium and articles thereof","7611'","Aluminium reservoirs, tanks, vats and similar containers, for any material (other than compressed or","761100'"," Aluminium reservoirs, tanks, vats and similar containers, for any material (other than compressed or","8","1","R","0","0","","","","0","0","0","0","0","0"
"4049","","HS 2007","Harmonized System 2007","Gabon","266'","2019","1","76121000'","  "," - Etuis tubulaires souples","76'","Aluminium and articles thereof","7612'","Aluminium casks, drums, cans, boxes and similar containers (including rigid or collapsible tubular c","761210'"," - Collapsible tubular containers","8","1","R","0","0","","","","0","0","0","0","0","0"
"4050","","HS 2007","Harmonized System 2007","Gabon","266'","2019","1","76129000'","  "," - Autres","76'","Aluminium and articles thereof","7612'","Aluminium casks, drums, cans, boxes and similar containers (including rigid or collapsible tubular c","761290'"," - Other","8","1","R","0","0","","","","0","0","0","0","0","0"
"4051","","HS 2007","Harmonized System 2007","Gabon","266'","2019","1","76130000'","  "," R?cipients en aluminium pour gaz comprim?s ou liqu?fi?s.","76'","Aluminium and articles thereof","7613'","Aluminium containers for compressed or liquefied gas.","761300'"," Aluminium containers for compressed or liquefied gas.","8","1","R","0","0","","","","0","0","0","0","0","0"
"4052","","HS 2007","Harmonized System 2007","Gabon","266'","2019","1","76141010'","  "," torons cables,tresses en Allum. avec ?me en acier non isol.pr ?lect.sect >= 50mm?","76'","Aluminium and articles thereof","7614'","Stranded wire, cables, plaited bands and the like, of aluminium, not electrically insulated.","761410'"," - With steel core","8","1","R","0","0","","","","0","0","0","0","0","0"
"4053","","HS 2007","Harmonized System 2007","Gabon","266'","2019","1","76141090'","  "," torons cables, tresses en Allum. avec ?meen acier non isol.pr ?lect sect <= 50mm?","76'","Aluminium and articles thereof","7614'","Stranded wire, cables, plaited bands and the like, of aluminium, not electrically insulated.","761410'"," - With steel core","8","1","R","0","0","","","","0","0","0","0","0","0"
"4054","","HS 2007","Harmonized System 2007","Gabon","266'","2019","1","76149010'","  "," torons cables, tress?s en Allum.autres queceux du761410,sect. >= 30mm?","76'","Aluminium and articles thereof","7614'","Stranded wire, cables, plaited bands and the like, of aluminium, not electrically insulated.","761490'"," - Other","8","1","R","0","0","","","","0","0","0","0","0","0"
"4055","","HS 2007","Harmonized System 2007","Gabon","266'","2019","1","76149090'","  "," torons cables, tresses en Allum.autres que ceux du761410,sect.< 30mm?","76'","Aluminium and articles thereof","7614'","Stranded wire, cables, plaited bands and the like, of aluminium, not electrically insulated.","761490'"," - Other","8","1","R","0","0","","","","0","0","0","0","0","0"
"4056","","HS 2007","Harmonized System 2007","Gabon","266'","2019","1","76151100'","  "," -- Eponges, torchons, gants et articles similaires pour le r?curage, le polissage ou usages analogues","76'","Aluminium and articles thereof","7615'","Table, kitchen or other household articles and parts thereof, of aluminium; pot scourers and scourin","761511'"," -- Pot scourers and scouring or polishing pads, gloves and the like","8","1","R","0","0","","","","0","0","0","0","0","0"
"4057","","HS 2007","Harmonized System 2007","Gabon","266'","2019","1","76151900'","  "," -- Autres","76'","Aluminium and articles thereof","7615'","Table, kitchen or other household articles and parts thereof, of aluminium; pot scourers and scourin","761519'"," -- Other","8","1","R","0","0","","","","0","0","0","0","0","0"
"4058","","HS 2007","Harmonized System 2007","Gabon","266'","2019","1","76152000'","  "," - Articles d'hygi?ne ou de toilette et leurs parties","76'","Aluminium and articles thereof","7615'","Table, kitchen or other household articles and parts thereof, of aluminium; pot scourers and scourin","761520'"," - Sanitary ware and parts thereof","8","1","R","0","0","","","","0","0","0","0","0","0"
"4059","","HS 2007","Harmonized System 2007","Gabon","266'","2019","1","76161000'","  "," - Pointes, clous, crampons appoint?s, vis, boulons, ?crous, crochets ? pas de vis, rivets, goupilles, chevilles, clavettes, rondelles et articles similaires","76'","Aluminium and articles thereof","7616'","Other articles of aluminium.","761610'"," - Nails, tacks, staples (other than those of heading?83.05), screws, bolts, nuts, screw hooks, rivet","8","1","R","0","0","","","","0","0","0","0","0","0"
"4060","","HS 2007","Harmonized System 2007","Gabon","266'","2019","1","76169100'","  "," -- Toiles m?talliques, grillages et treillis, en fils d'aluminium","76'","Aluminium and articles thereof","7616'","Other articles of aluminium.","761691'"," -- Cloth, grill, netting and fencing, of aluminium wire","8","1","R","0","0","","","","0","0","0","0","0","0"
"4061","","HS 2007","Harmonized System 2007","Gabon","266'","2019","1","76169910'","  "," disques en Alluminium","76'","Aluminium and articles thereof","7616'","Other articles of aluminium.","761699'"," -- Other","8","1","R","0","0","","","","0","0","0","0","0","0"
"4062","","HS 2007","Harmonized System 2007","Gabon","266'","2019","1","76169990'","  "," ouvrages en Alluminium du 7616, autres queceux du 761610 ? 76169910","76'","Aluminium and articles thereof","7616'","Other articles of aluminium.","761699'"," -- Other","8","1","R","0","0","","","","0","0","0","0","0","0"
"4063","","HS 2007","Harmonized System 2007","Gabon","266'","2019","1","78011000'","  "," - Plomb affin?","78'","Lead and articles thereof","7801'","Unwrought lead.","780110'"," - Refined lead","8","1","R","0","0","","","","0","0","0","0","0","0"
"4064","","HS 2007","Harmonized System 2007","Gabon","266'","2019","1","78019100'","  "," -- Contenant de l'antimoine comme autre ?l?ment pr?dominant en poids","78'","Lead and articles thereof","7801'","Unwrought lead.","780191'"," -- Containing by weight antimony as the principal other element","8","1","R","0","0","","","","0","0","0","0","0","0"
"4065","","HS 2007","Harmonized System 2007","Gabon","266'","2019","1","78019900'","  "," -- Autres","78'","Lead and articles thereof","7801'","Unwrought lead.","780199'"," -- Other","8","1","R","0","0","","","","0","0","0","0","0","0"
"4066","","HS 2007","Harmonized System 2007","Gabon","266'","2019","1","78020000'","  "," D?chets et d?bris de plomb.","78'","Lead and articles thereof","7802'","Lead waste and scrap.","780200'"," Lead waste and scrap.","8","1","R","0","0","","","","0","0","0","0","0","0"
"4067","","HS 2007","Harmonized System 2007","Gabon","266'","2019","1","78041100'","  "," -- Feuilles et bandes, d'une ?paisseur n'exc?dant pas 0,2?mm (support non compris)","78'","Lead and articles thereof","7804'","Lead plates, sheets, strip and foil; lead powders and flakes.","780411'"," -- Sheets, strip and foil of a thickness (excluding any backing) not exceeding 0.2 mm","8","1","R","0","0","","","","0","0","0","0","0","0"
"4068","","HS 2007","Harmonized System 2007","Gabon","266'","2019","1","78041900'","  "," -- Autres","78'","Lead and articles thereof","7804'","Lead plates, sheets, strip and foil; lead powders and flakes.","780419'"," -- Other","8","1","R","0","0","","","","0","0","0","0","0","0"
"4069","","HS 2007","Harmonized System 2007","Gabon","266'","2019","1","78042000'","  "," - Poudres et paillettes","78'","Lead and articles thereof","7804'","Lead plates, sheets, strip and foil; lead powders and flakes.","780420'"," - Powders and flakes","8","1","R","0","0","","","","0","0","0","0","0","0"
"4070","","HS 2007","Harmonized System 2007","Gabon","266'","2019","1","78060010'","  "," barres,profils et fils en plomb","78'","Lead and articles thereof","7806'","Other articles of lead.","780600'"," Other articles of lead.","8","1","R","0","0","","","","0","0","0","0","0","0"
"4071","","HS 2007","Harmonized System 2007","Gabon","266'","2019","1","78060090'","  "," Autres ouvrages en plomb","78'","Lead and articles thereof","7806'","Other articles of lead.","780600'"," Other articles of lead.","8","1","R","0","0","","","","0","0","0","0","0","0"
"4072","","HS 2007","Harmonized System 2007","Gabon","266'","2019","1","79011100'","  "," -- Contenant en poids 99,99 % ou plus de zinc","79'","Zinc and articles thereof","7901'","Unwrought zinc.","790111'"," -- Containing by weight 99.99% or more of zinc","8","1","R","0","0","","","","0","0","0","0","0","0"
"4073","","HS 2007","Harmonized System 2007","Gabon","266'","2019","1","79011200'","  "," -- Contenant en poids moins de 99,99 % de zinc","79'","Zinc and articles thereof","7901'","Unwrought zinc.","790112'"," -- Containing by weight less than 99.99% of zinc","8","1","R","0","0","","","","0","0","0","0","0","0"
"4074","","HS 2007","Harmonized System 2007","Gabon","266'","2019","1","79012000'","  "," - Alliages de zinc","79'","Zinc and articles thereof","7901'","Unwrought zinc.","790120'"," - Zinc alloys","8","1","R","0","0","","","","0","0","0","0","0","0"
"4075","","HS 2007","Harmonized System 2007","Gabon","266'","2019","1","79020000'","  "," D?chets et d?bris de zinc.","79'","Zinc and articles thereof","7902'","Zinc waste and scrap.","790200'"," Zinc waste and scrap.","8","1","R","0","0","","","","0","0","0","0","0","0"
"4076","","HS 2007","Harmonized System 2007","Gabon","266'","2019","1","79031000'","  "," - Poussi?res de zinc","79'","Zinc and articles thereof","7903'","Zinc dust, powders and flakes.","790310'"," - Zinc dust","8","1","R","0","0","","","","0","0","0","0","0","0"
"4077","","HS 2007","Harmonized System 2007","Gabon","266'","2019","1","79039000'","  "," - Autres","79'","Zinc and articles thereof","7903'","Zinc dust, powders and flakes.","790390'"," - Other","8","1","R","0","0","","","","0","0","0","0","0","0"
"4078","","HS 2007","Harmonized System 2007","Gabon","266'","2019","1","79040000'","  "," Barres, profil?s et fils, en zinc.","79'","Zinc and articles thereof","7904'","Zinc bars, rods, profiles and wire.","790400'"," Zinc bars, rods, profiles and wire.","8","1","R","0","0","","","","0","0","0","0","0","0"
"4079","","HS 2007","Harmonized System 2007","Gabon","266'","2019","1","79050000'","  "," T?les, feuilles et bandes, en zinc.","79'","Zinc and articles thereof","7905'","Zinc plates, sheets, strip and foil.","790500'"," Zinc plates, sheets, strip and foil.","8","1","R","0","0","","","","0","0","0","0","0","0"
"4080","","HS 2007","Harmonized System 2007","Gabon","266'","2019","1","79070010'","  "," Gouti?res fa?tages, lucarnes et autresouvrages fa?onn?s pour le b?timent","79'","Zinc and articles thereof","7907'","Other articles of zinc.","790700'"," Other articles of zinc.","8","1","R","0","0","","","","0","0","0","0","0","0"
"4081","","HS 2007","Harmonized System 2007","Gabon","266'","2019","1","79070020'","  "," pailles de zinc","79'","Zinc and articles thereof","7907'","Other articles of zinc.","790700'"," Other articles of zinc.","8","1","R","0","0","","","","0","0","0","0","0","0"
"4082","","HS 2007","Harmonized System 2007","Gabon","266'","2019","1","79070030'","  "," Tubes,tuyaux et accessoires de tuyauteries en zinc","79'","Zinc and articles thereof","7907'","Other articles of zinc.","790700'"," Other articles of zinc.","8","1","R","0","0","","","","0","0","0","0","0","0"
"4083","","HS 2007","Harmonized System 2007","Gabon","266'","2019","1","79070090'","  "," ouvrages en zinc du 7907 autres que ceuxdu 79070010 & 79070020,ndca","79'","Zinc and articles thereof","7907'","Other articles of zinc.","790700'"," Other articles of zinc.","8","1","R","0","0","","","","0","0","0","0","0","0"
"4084","","HS 2007","Harmonized System 2007","Gabon","266'","2019","1","80011000'","  "," - Etain non alli?","80'","Tin and articles thereof","8001'","Unwrought tin.","800110'"," - Tin, not alloyed","8","1","R","0","0","","","","0","0","0","0","0","0"
"4085","","HS 2007","Harmonized System 2007","Gabon","266'","2019","1","80012000'","  "," - Alliages d'?tain","80'","Tin and articles thereof","8001'","Unwrought tin.","800120'"," - Tin alloys","8","1","R","0","0","","","","0","0","0","0","0","0"
"4086","","HS 2007","Harmonized System 2007","Gabon","266'","2019","1","80020000'","  "," D?chets et d?bris d'?tain.","80'","Tin and articles thereof","8002'","Tin waste and scrap.","800200'"," Tin waste and scrap.","8","1","R","0","0","","","","0","0","0","0","0","0"
"4087","","HS 2007","Harmonized System 2007","Gabon","266'","2019","1","80030000'","  "," Barres, profil?s et fils, en ?tain.","80'","Tin and articles thereof","8003'","Tin bars, rods, profiles and wire.","800300'"," Tin bars, rods, profiles and wire.","8","1","R","0","0","","","","0","0","0","0","0","0"
"4088","","HS 2007","Harmonized System 2007","Gabon","266'","2019","1","80070010'","  "," Tles,feuilles et bandes en etain","80'","Tin and articles thereof","8007'","Other articles of tin.","800700'"," Other articles of tin.","8","1","R","0","0","","","","0","0","0","0","0","0"
"4089","","HS 2007","Harmonized System 2007","Gabon","266'","2019","1","80070020'","  "," feuilles et bandes mme imprimes en etain","80'","Tin and articles thereof","8007'","Other articles of tin.","800700'"," Other articles of tin.","8","1","R","0","0","","","","0","0","0","0","0","0"
"4090","","HS 2007","Harmonized System 2007","Gabon","266'","2019","1","80070030'","  "," tubes,tuyaux et accessoires en etain","80'","Tin and articles thereof","8007'","Other articles of tin.","800700'"," Other articles of tin.","8","1","R","0","0","","","","0","0","0","0","0","0"
"4091","","HS 2007","Harmonized System 2007","Gabon","266'","2019","1","80070090'","  "," Autres ouvrages en etain","80'","Tin and articles thereof","8007'","Other articles of tin.","800700'"," Other articles of tin.","8","1","R","0","0","","","","0","0","0","0","0","0"
"4092","","HS 2007","Harmonized System 2007","Gabon","266'","2019","1","81011000'","  "," - Poudres","81'","Other base metals; cermets; articles thereof","8101'","Tungsten (wolfram) and articles thereof, including waste and scrap.","810110'"," - Powders","8","1","R","0","0","","","","0","0","0","0","0","0"
"4093","","HS 2007","Harmonized System 2007","Gabon","266'","2019","1","81019400'","  "," -- Tungst?ne sous forme brute, y compris les barres simplement obtenues par frittage","81'","Other base metals; cermets; articles thereof","8101'","Tungsten (wolfram) and articles thereof, including waste and scrap.","810194'"," -- Unwrought tungsten, including bars and rods obtained simply by sintering","8","1","R","0","0","","","","0","0","0","0","0","0"
"4094","","HS 2007","Harmonized System 2007","Gabon","266'","2019","1","81019600'","  "," -- Fils","81'","Other base metals; cermets; articles thereof","8101'","Tungsten (wolfram) and articles thereof, including waste and scrap.","810196'"," -- Wire","8","1","R","0","0","","","","0","0","0","0","0","0"
"4095","","HS 2007","Harmonized System 2007","Gabon","266'","2019","1","81019700'","  "," -- D?chets et d?bris","81'","Other base metals; cermets; articles thereof","8101'","Tungsten (wolfram) and articles thereof, including waste and scrap.","810197'"," -- Waste and scrap","8","1","R","0","0","","","","0","0","0","0","0","0"
"4096","","HS 2007","Harmonized System 2007","Gabon","266'","2019","1","81019910'","  "," barres, autres que celles simplement obtenues par frittage","81'","Other base metals; cermets; articles thereof","8101'","Tungsten (wolfram) and articles thereof, including waste and scrap.","810199'"," -- Other","8","1","R","0","0","","","","0","0","0","0","0","0"
"4097","","HS 2007","Harmonized System 2007","Gabon","266'","2019","1","81019990'","  "," Autres ouvrages en tungstene","81'","Other base metals; cermets; articles thereof","8101'","Tungsten (wolfram) and articles thereof, including waste and scrap.","810199'"," -- Other","8","1","R","0","0","","","","0","0","0","0","0","0"
"4098","","HS 2007","Harmonized System 2007","Gabon","266'","2019","1","81021000'","  "," - Poudres","81'","Other base metals; cermets; articles thereof","8102'","Molybdenum and articles thereof, including waste and scrap.","810210'"," - Powders","8","1","R","0","0","","","","0","0","0","0","0","0"
"4099","","HS 2007","Harmonized System 2007","Gabon","266'","2019","1","81029400'","  "," -- Molybd?ne sous forme brute, y compris les barres simplement obtenues par frittage","81'","Other base metals; cermets; articles thereof","8102'","Molybdenum and articles thereof, including waste and scrap.","810294'"," -- Unwrought molybdenum, including bars and rods obtained simply by sintering","8","1","R","0","0","","","","0","0","0","0","0","0"
"4100","","HS 2007","Harmonized System 2007","Gabon","266'","2019","1","81029500'","  "," -- Barres, autres que celles simplement obtenues par frittage, profil?s, t?les, bandes et feuilles","81'","Other base metals; cermets; articles thereof","8102'","Molybdenum and articles thereof, including waste and scrap.","810295'"," -- Bars and rods, other than those obtained simply by sintering, profiles, plates, sheets, strip and","8","1","R","0","0","","","","0","0","0","0","0","0"
"4101","","HS 2007","Harmonized System 2007","Gabon","266'","2019","1","81029600'","  "," -- Fils","81'","Other base metals; cermets; articles thereof","8102'","Molybdenum and articles thereof, including waste and scrap.","810296'"," -- Wire","8","1","R","0","0","","","","0","0","0","0","0","0"
"4102","","HS 2007","Harmonized System 2007","Gabon","266'","2019","1","81029700'","  "," -- D?chets et d?bris","81'","Other base metals; cermets; articles thereof","8102'","Molybdenum and articles thereof, including waste and scrap.","810297'"," -- Waste and scrap","8","1","R","0","0","","","","0","0","0","0","0","0"
"4103","","HS 2007","Harmonized System 2007","Gabon","266'","2019","1","81029900'","  "," -- Autres","81'","Other base metals; cermets; articles thereof","8102'","Molybdenum and articles thereof, including waste and scrap.","810299'"," -- Other","8","1","R","0","0","","","","0","0","0","0","0","0"
"4104","","HS 2007","Harmonized System 2007","Gabon","266'","2019","1","81032000'","  "," - Tantale sous forme brute, y compris les barres simplement obtenues par frittage; poudres","81'","Other base metals; cermets; articles thereof","8103'","Tantalum and articles thereof, including waste and scrap.","810320'"," - Unwrought tantalum, including bars and rods obtained simply by sintering; powders","8","1","R","0","0","","","","0","0","0","0","0","0"
"4105","","HS 2007","Harmonized System 2007","Gabon","266'","2019","1","81033000'","  "," - D?chets et d?bris","81'","Other base metals; cermets; articles thereof","8103'","Tantalum and articles thereof, including waste and scrap.","810330'"," - Waste and scrap","8","1","R","0","0","","","","0","0","0","0","0","0"
"4106","","HS 2007","Harmonized System 2007","Gabon","266'","2019","1","81039000'","  "," - Autres","81'","Other base metals; cermets; articles thereof","8103'","Tantalum and articles thereof, including waste and scrap.","810390'"," - Other","8","1","R","0","0","","","","0","0","0","0","0","0"
"4107","","HS 2007","Harmonized System 2007","Gabon","266'","2019","1","81041100'","  "," -- Contenant au moins 99,8 % en poids de magn?sium","81'","Other base metals; cermets; articles thereof","8104'","Magnesium and articles thereof, including waste and scrap.","810411'"," -- Containing at least 99.8% by weight of magnesium","8","1","R","0","0","","","","0","0","0","0","0","0"
"4108","","HS 2007","Harmonized System 2007","Gabon","266'","2019","1","81041900'","  "," -- Autres","81'","Other base metals; cermets; articles thereof","8104'","Magnesium and articles thereof, including waste and scrap.","810419'"," -- Other","8","1","R","0","0","","","","0","0","0","0","0","0"
"4109","","HS 2007","Harmonized System 2007","Gabon","266'","2019","1","81042000'","  "," - D?chets et d?bris","81'","Other base metals; cermets; articles thereof","8104'","Magnesium and articles thereof, including waste and scrap.","810420'"," - Waste and scrap","8","1","R","0","0","","","","0","0","0","0","0","0"
"4110","","HS 2007","Harmonized System 2007","Gabon","266'","2019","1","81043000'","  "," - Copeaux, tournures et granules calibr?s; poudres","81'","Other base metals; cermets; articles thereof","8104'","Magnesium and articles thereof, including waste and scrap.","810430'"," - Raspings, turnings and granules, graded according to size; powders","8","1","R","0","0","","","","0","0","0","0","0","0"
"4111","","HS 2007","Harmonized System 2007","Gabon","266'","2019","1","81049010'","  "," barres, profil?s, fils,t?les,feuilles,tubes& tuyaux,barres creuses en Magnesium","81'","Other base metals; cermets; articles thereof","8104'","Magnesium and articles thereof, including waste and scrap.","810490'"," - Other","8","1","R","0","0","","","","0","0","0","0","0","0"
"4112","","HS 2007","Harmonized System 2007","Gabon","266'","2019","1","81049090'","  "," ouvrages en Magn?sium du 8104 autres ceuxdu 81049010","81'","Other base metals; cermets; articles thereof","8104'","Magnesium and articles thereof, including waste and scrap.","810490'"," - Other","8","1","R","0","0","","","","0","0","0","0","0","0"
"4113","","HS 2007","Harmonized System 2007","Gabon","266'","2019","1","81052000'","  "," - Mattes de cobalt et autres produits interm?diaires de la m?tallurgie du cobalt; cobalt sous forme brute; poudres","81'","Other base metals; cermets; articles thereof","8105'","Cobalt mattes and other intermediate products of cobalt metallurgy; cobalt and articles thereof, inc","810520'"," - Cobalt mattes and other intermediate products of cobalt metallurgy; unwrought cobalt; powders","8","1","R","0","0","","","","0","0","0","0","0","0"
"4114","","HS 2007","Harmonized System 2007","Gabon","266'","2019","1","81053000'","  "," - D?chets et d?bris","81'","Other base metals; cermets; articles thereof","8105'","Cobalt mattes and other intermediate products of cobalt metallurgy; cobalt and articles thereof, inc","810530'"," - Waste and scrap","8","1","R","0","0","","","","0","0","0","0","0","0"
"4115","","HS 2007","Harmonized System 2007","Gabon","266'","2019","1","81059000'","  "," - Autres","81'","Other base metals; cermets; articles thereof","8105'","Cobalt mattes and other intermediate products of cobalt metallurgy; cobalt and articles thereof, inc","810590'"," - Other","8","1","R","0","0","","","","0","0","0","0","0","0"
"4116","","HS 2007","Harmonized System 2007","Gabon","266'","2019","1","81060000'","  "," Bismuth et ouvrages en bismuth, y compris les d?chets et d?bris.","81'","Other base metals; cermets; articles thereof","8106'","Bismuth and articles thereof, including waste and scrap.","810600'"," Bismuth and articles thereof, including waste and scrap.","8","1","R","0","0","","","","0","0","0","0","0","0"
"4117","","HS 2007","Harmonized System 2007","Gabon","266'","2019","1","81072000'","  "," - Cadmium sous forme brute; poudres","81'","Other base metals; cermets; articles thereof","8107'","Cadmium and articles thereof, including waste and scrap.","810720'"," - Unwrought cadmium; powders","8","1","R","0","0","","","","0","0","0","0","0","0"
"4118","","HS 2007","Harmonized System 2007","Gabon","266'","2019","1","81073000'","  "," - D?chets et d?bris","81'","Other base metals; cermets; articles thereof","8107'","Cadmium and articles thereof, including waste and scrap.","810730'"," - Waste and scrap","8","1","R","0","0","","","","0","0","0","0","0","0"
"4119","","HS 2007","Harmonized System 2007","Gabon","266'","2019","1","81079000'","  "," - Autres","81'","Other base metals; cermets; articles thereof","8107'","Cadmium and articles thereof, including waste and scrap.","810790'"," - Other","8","1","R","0","0","","","","0","0","0","0","0","0"
"4120","","HS 2007","Harmonized System 2007","Gabon","266'","2019","1","81082000'","  "," - Titane sous forme brute; poudres","81'","Other base metals; cermets; articles thereof","8108'","Titanium and articles thereof, including waste and scrap.","810820'"," - Unwrought titanium; powders","8","1","R","0","0","","","","0","0","0","0","0","0"
"4121","","HS 2007","Harmonized System 2007","Gabon","266'","2019","1","81083000'","  "," - D?chets et d?bris","81'","Other base metals; cermets; articles thereof","8108'","Titanium and articles thereof, including waste and scrap.","810830'"," - Waste and scrap","8","1","R","0","0","","","","0","0","0","0","0","0"
"4122","","HS 2007","Harmonized System 2007","Gabon","266'","2019","1","81089000'","  "," - Autres","81'","Other base metals; cermets; articles thereof","8108'","Titanium and articles thereof, including waste and scrap.","810890'"," - Other","8","1","R","0","0","","","","0","0","0","0","0","0"
"4123","","HS 2007","Harmonized System 2007","Gabon","266'","2019","1","81092000'","  "," - Zirconium sous forme brute; poudres","81'","Other base metals; cermets; articles thereof","8109'","Zirconium and articles thereof, including waste and scrap.","810920'"," - Unwrought zirconium; powders","8","1","R","0","0","","","","0","0","0","0","0","0"
"4124","","HS 2007","Harmonized System 2007","Gabon","266'","2019","1","81093000'","  "," - D?chets et d?bris","81'","Other base metals; cermets; articles thereof","8109'","Zirconium and articles thereof, including waste and scrap.","810930'"," - Waste and scrap","8","1","R","0","0","","","","0","0","0","0","0","0"
"4125","","HS 2007","Harmonized System 2007","Gabon","266'","2019","1","81099000'","  "," - Autres","81'","Other base metals; cermets; articles thereof","8109'","Zirconium and articles thereof, including waste and scrap.","810990'"," - Other","8","1","R","0","0","","","","0","0","0","0","0","0"
"4126","","HS 2007","Harmonized System 2007","Gabon","266'","2019","1","81101000'","  "," - Antimoine sous forme brute; poudres","81'","Other base metals; cermets; articles thereof","8110'","Antimony and articles thereof, including waste and scrap.","811010'"," - Unwrought antimony; powders","8","1","R","0","0","","","","0","0","0","0","0","0"
"4127","","HS 2007","Harmonized System 2007","Gabon","266'","2019","1","81102000'","  "," - D?chets et d?bris","81'","Other base metals; cermets; articles thereof","8110'","Antimony and articles thereof, including waste and scrap.","811020'"," - Waste and scrap","8","1","R","0","0","","","","0","0","0","0","0","0"
"4128","","HS 2007","Harmonized System 2007","Gabon","266'","2019","1","81109000'","  "," - Autres","81'","Other base metals; cermets; articles thereof","8110'","Antimony and articles thereof, including waste and scrap.","811090'"," - Other","8","1","R","0","0","","","","0","0","0","0","0","0"
"4129","","HS 2007","Harmonized System 2007","Gabon","266'","2019","1","81110000'","  "," Mangan?se et ouvrages en mangan?se, y compris les d?chets et d?bris.","81'","Other base metals; cermets; articles thereof","8111'","Manganese and articles thereof, including waste and scrap.","811100'"," Manganese and articles thereof, including waste and scrap.","8","1","R","0","0","","","","0","0","0","0","0","0"
"4130","","HS 2007","Harmonized System 2007","Gabon","266'","2019","1","81121200'","  "," -- Sous forme brute; poudres","81'","Other base metals; cermets; articles thereof","8112'","Beryllium, chromium, germanium, vanadium, gallium, hafnium, indium, niobium (columbium), rhenium and","811212'"," -- Unwrought; powders","8","1","R","0","0","","","","0","0","0","0","0","0"
"4131","","HS 2007","Harmonized System 2007","Gabon","266'","2019","1","81121300'","  "," -- D?chets et d?bris","81'","Other base metals; cermets; articles thereof","8112'","Beryllium, chromium, germanium, vanadium, gallium, hafnium, indium, niobium (columbium), rhenium and","811213'"," -- Waste and scrap","8","1","R","0","0","","","","0","0","0","0","0","0"
"4132","","HS 2007","Harmonized System 2007","Gabon","266'","2019","1","81121900'","  "," -- Autres","81'","Other base metals; cermets; articles thereof","8112'","Beryllium, chromium, germanium, vanadium, gallium, hafnium, indium, niobium (columbium), rhenium and","811219'"," -- Other","8","1","R","0","0","","","","0","0","0","0","0","0"
"4133","","HS 2007","Harmonized System 2007","Gabon","266'","2019","1","81122100'","  "," -- Sous forme brute; poudres","81'","Other base metals; cermets; articles thereof","8112'","Beryllium, chromium, germanium, vanadium, gallium, hafnium, indium, niobium (columbium), rhenium and","811221'"," -- Unwrought; powders","8","1","R","0","0","","","","0","0","0","0","0","0"
"4134","","HS 2007","Harmonized System 2007","Gabon","266'","2019","1","81122200'","  "," -- D?chets et d?bris","81'","Other base metals; cermets; articles thereof","8112'","Beryllium, chromium, germanium, vanadium, gallium, hafnium, indium, niobium (columbium), rhenium and","811222'"," -- Waste and scrap","8","1","R","0","0","","","","0","0","0","0","0","0"
"4135","","HS 2007","Harmonized System 2007","Gabon","266'","2019","1","81122900'","  "," -- Autres","81'","Other base metals; cermets; articles thereof","8112'","Beryllium, chromium, germanium, vanadium, gallium, hafnium, indium, niobium (columbium), rhenium and","811229'"," -- Other","8","1","R","0","0","","","","0","0","0","0","0","0"
"4136","","HS 2007","Harmonized System 2007","Gabon","266'","2019","1","81125100'","  "," -- Sous forme brute; poudres","81'","Other base metals; cermets; articles thereof","8112'","Beryllium, chromium, germanium, vanadium, gallium, hafnium, indium, niobium (columbium), rhenium and","811251'"," -- Unwrought; powders","8","1","R","0","0","","","","0","0","0","0","0","0"
"4137","","HS 2007","Harmonized System 2007","Gabon","266'","2019","1","81125200'","  "," -- D?chets et d?bris","81'","Other base metals; cermets; articles thereof","8112'","Beryllium, chromium, germanium, vanadium, gallium, hafnium, indium, niobium (columbium), rhenium and","811252'"," -- Waste and scrap","8","1","R","0","0","","","","0","0","0","0","0","0"
"4138","","HS 2007","Harmonized System 2007","Gabon","266'","2019","1","81125900'","  "," -- Autres","81'","Other base metals; cermets; articles thereof","8112'","Beryllium, chromium, germanium, vanadium, gallium, hafnium, indium, niobium (columbium), rhenium and","811259'"," -- Other","8","1","R","0","0","","","","0","0","0","0","0","0"
"4139","","HS 2007","Harmonized System 2007","Gabon","266'","2019","1","81129200'","  "," -- Sous forme brute; d?chets et d?bris; poudres","81'","Other base metals; cermets; articles thereof","8112'","Beryllium, chromium, germanium, vanadium, gallium, hafnium, indium, niobium (columbium), rhenium and","811292'"," -- Unwrought; waste and scrap; powders","8","1","R","0","0","","","","0","0","0","0","0","0"
"4140","","HS 2007","Harmonized System 2007","Gabon","266'","2019","1","81129900'","  "," -- Autres","81'","Other base metals; cermets; articles thereof","8112'","Beryllium, chromium, germanium, vanadium, gallium, hafnium, indium, niobium (columbium), rhenium and","811299'"," -- Other","8","1","R","0","0","","","","0","0","0","0","0","0"
"4141","","HS 2007","Harmonized System 2007","Gabon","266'","2019","1","81130000'","  "," Cermets et ouvrages en cermets, y compris les d?chets et d?bris.","81'","Other base metals; cermets; articles thereof","8113'","Cermets and articles thereof, including waste and scrap.","811300'"," Cermets and articles thereof, including waste and scrap.","8","1","R","0","0","","","","0","0","0","0","0","0"
"4142","","HS 2007","Harmonized System 2007","Gabon","266'","2019","1","82011000'","  "," - B?ches et pelles","82'","Tools, implements, cutlery, spoons and forks, of base metal; parts thereof of base metal","8201'","Hand tools, the following: spades, shovels, mattocks, picks, hoes, forks and rakes; axes, bill hooks","820110'"," - Spades and shovels","8","1","R","0","0","","","","0","0","0","0","0","0"
"4143","","HS 2007","Harmonized System 2007","Gabon","266'","2019","1","82012000'","  "," - Fourches","82'","Tools, implements, cutlery, spoons and forks, of base metal; parts thereof of base metal","8201'","Hand tools, the following: spades, shovels, mattocks, picks, hoes, forks and rakes; axes, bill hooks","820120'"," - Forks","8","1","R","0","0","","","","0","0","0","0","0","0"
"4144","","HS 2007","Harmonized System 2007","Gabon","266'","2019","1","82013000'","  "," - Pioches, pics, houes, binettes, r?teaux et racloirs","82'","Tools, implements, cutlery, spoons and forks, of base metal; parts thereof of base metal","8201'","Hand tools, the following: spades, shovels, mattocks, picks, hoes, forks and rakes; axes, bill hooks","820130'"," - Mattocks, picks, hoes and rakes","8","1","R","0","0","","","","0","0","0","0","0","0"
"4145","","HS 2007","Harmonized System 2007","Gabon","266'","2019","1","82014010'","  "," Lances ? boucles","82'","Tools, implements, cutlery, spoons and forks, of base metal; parts thereof of base metal","8201'","Hand tools, the following: spades, shovels, mattocks, picks, hoes, forks and rakes; axes, bill hooks","820140'"," - Axes, bill hooks and similar hewing tools","8","1","R","0","0","","","","0","0","0","0","0","0"
"4146","","HS 2007","Harmonized System 2007","Gabon","266'","2019","1","82014090'","  "," H?ches, serpes et similaires taillants","82'","Tools, implements, cutlery, spoons and forks, of base metal; parts thereof of base metal","8201'","Hand tools, the following: spades, shovels, mattocks, picks, hoes, forks and rakes; axes, bill hooks","820140'"," - Axes, bill hooks and similar hewing tools","8","1","R","0","0","","","","0","0","0","0","0","0"
"4147","","HS 2007","Harmonized System 2007","Gabon","266'","2019","1","82015000'","  "," - S?cateurs (y compris les cisailles ? volaille) mani?s ? une main","82'","Tools, implements, cutlery, spoons and forks, of base metal; parts thereof of base metal","8201'","Hand tools, the following: spades, shovels, mattocks, picks, hoes, forks and rakes; axes, bill hooks","820150'"," - Secateurs and similar one-handed pruners and shears (including poultry shears)","8","1","R","0","0","","","","0","0","0","0","0","0"
"4148","","HS 2007","Harmonized System 2007","Gabon","266'","2019","1","82016000'","  "," - Cisailles ? haies, s?cateurs et outils similaires, mani?s ? deux mains","82'","Tools, implements, cutlery, spoons and forks, of base metal; parts thereof of base metal","8201'","Hand tools, the following: spades, shovels, mattocks, picks, hoes, forks and rakes; axes, bill hooks","820160'"," - Hedge shears, two-handed pruning shears and similar two-handed shears","8","1","R","0","0","","","","0","0","0","0","0","0"
"4149","","HS 2007","Harmonized System 2007","Gabon","266'","2019","1","82019000'","  "," - Autres outils agricoles, horticoles ou forestiers, ? main","82'","Tools, implements, cutlery, spoons and forks, of base metal; parts thereof of base metal","8201'","Hand tools, the following: spades, shovels, mattocks, picks, hoes, forks and rakes; axes, bill hooks","820190'"," - Other hand tools of a kind used in agriculture, horticulture or forestry","8","1","R","0","0","","","","0","0","0","0","0","0"
"4150","","HS 2007","Harmonized System 2007","Gabon","266'","2019","1","82021000'","  "," - Scies ? main","82'","Tools, implements, cutlery, spoons and forks, of base metal; parts thereof of base metal","8202'","Hand saws; blades for saws of all kinds (including slitting, slotting or toothless saw blades).","820210'"," - Hand saws","8","1","R","0","0","","","","0","0","0","0","0","0"
"4151","","HS 2007","Harmonized System 2007","Gabon","266'","2019","1","82022000'","  "," - Lames de scies ? ruban","82'","Tools, implements, cutlery, spoons and forks, of base metal; parts thereof of base metal","8202'","Hand saws; blades for saws of all kinds (including slitting, slotting or toothless saw blades).","820220'"," - Band saw blades","8","1","R","0","0","","","","0","0","0","0","0","0"
"4152","","HS 2007","Harmonized System 2007","Gabon","266'","2019","1","82023100'","  "," -- Avec partie travaillante en acier","82'","Tools, implements, cutlery, spoons and forks, of base metal; parts thereof of base metal","8202'","Hand saws; blades for saws of all kinds (including slitting, slotting or toothless saw blades).","820231'"," -- With working part of steel","8","1","R","0","0","","","","0","0","0","0","0","0"
"4153","","HS 2007","Harmonized System 2007","Gabon","266'","2019","1","82023900'","  "," -- Autres, y compris les parties","82'","Tools, implements, cutlery, spoons and forks, of base metal; parts thereof of base metal","8202'","Hand saws; blades for saws of all kinds (including slitting, slotting or toothless saw blades).","820239'"," -- Other, including parts","8","1","R","0","0","","","","0","0","0","0","0","0"
"4154","","HS 2007","Harmonized System 2007","Gabon","266'","2019","1","82024000'","  "," - Cha?nes de scies, dites coupantes","82'","Tools, implements, cutlery, spoons and forks, of base metal; parts thereof of base metal","8202'","Hand saws; blades for saws of all kinds (including slitting, slotting or toothless saw blades).","820240'"," - Chain saw blades","8","1","R","0","0","","","","0","0","0","0","0","0"
"4155","","HS 2007","Harmonized System 2007","Gabon","266'","2019","1","82029100'","  "," -- Lames de scies droites, pour le travail des m?taux","82'","Tools, implements, cutlery, spoons and forks, of base metal; parts thereof of base metal","8202'","Hand saws; blades for saws of all kinds (including slitting, slotting or toothless saw blades).","820291'"," -- Straight saw blades, for working metal","8","1","R","0","0","","","","0","0","0","0","0","0"
"4156","","HS 2007","Harmonized System 2007","Gabon","266'","2019","1","82029900'","  "," -- Autres","82'","Tools, implements, cutlery, spoons and forks, of base metal; parts thereof of base metal","8202'","Hand saws; blades for saws of all kinds (including slitting, slotting or toothless saw blades).","820299'"," -- Other","8","1","R","0","0","","","","0","0","0","0","0","0"
"4157","","HS 2007","Harmonized System 2007","Gabon","266'","2019","1","82031000'","  "," - Limes, r?pes et outils similaires","82'","Tools, implements, cutlery, spoons and forks, of base metal; parts thereof of base metal","8203'","Files, rasps, pliers (including cutting pliers), pincers, tweezers, metal cutting shears, pipe-cutte","820310'"," - Files, rasps and similar tools","8","1","R","0","0","","","","0","0","0","0","0","0"
"4158","","HS 2007","Harmonized System 2007","Gabon","266'","2019","1","82032000'","  "," - Pinces (m?me coupantes), tenailles, brucelles et outils similaires","82'","Tools, implements, cutlery, spoons and forks, of base metal; parts thereof of base metal","8203'","Files, rasps, pliers (including cutting pliers), pincers, tweezers, metal cutting shears, pipe-cutte","820320'"," - Pliers (including cutting pliers), pincers, tweezers and similar tools","8","1","R","0","0","","","","0","0","0","0","0","0"
"4159","","HS 2007","Harmonized System 2007","Gabon","266'","2019","1","82033000'","  "," - Cisailles ? m?taux et outils similaires","82'","Tools, implements, cutlery, spoons and forks, of base metal; parts thereof of base metal","8203'","Files, rasps, pliers (including cutting pliers), pincers, tweezers, metal cutting shears, pipe-cutte","820330'"," - Metal cutting shears and similar tools","8","1","R","0","0","","","","0","0","0","0","0","0"
"4160","","HS 2007","Harmonized System 2007","Gabon","266'","2019","1","82034000'","  "," - Coupe-tubes, coupe-boulons, emporte-pi?ce et outils similaires","82'","Tools, implements, cutlery, spoons and forks, of base metal; parts thereof of base metal","8203'","Files, rasps, pliers (including cutting pliers), pincers, tweezers, metal cutting shears, pipe-cutte","820340'"," - Pipe-cutters, bolt croppers, perforating punches and similar tools","8","1","R","0","0","","","","0","0","0","0","0","0"
"4161","","HS 2007","Harmonized System 2007","Gabon","266'","2019","1","82041100'","  "," -- A ouverture fixe","82'","Tools, implements, cutlery, spoons and forks, of base metal; parts thereof of base metal","8204'","Hand-operated spanners and wrenches (including torque meter wrenches but not including tap wrenches)","820411'"," -- Non-adjustable","8","1","R","0","0","","","","0","0","0","0","0","0"
"4162","","HS 2007","Harmonized System 2007","Gabon","266'","2019","1","82041200'","  "," -- A ouverture variable","82'","Tools, implements, cutlery, spoons and forks, of base metal; parts thereof of base metal","8204'","Hand-operated spanners and wrenches (including torque meter wrenches but not including tap wrenches)","820412'"," -- Adjustable","8","1","R","0","0","","","","0","0","0","0","0","0"
"4163","","HS 2007","Harmonized System 2007","Gabon","266'","2019","1","82042000'","  "," - Douilles de serrage interchangeables, m?me avec manches","82'","Tools, implements, cutlery, spoons and forks, of base metal; parts thereof of base metal","8204'","Hand-operated spanners and wrenches (including torque meter wrenches but not including tap wrenches)","820420'"," - Interchangeable spanner sockets, with or without handles","8","1","R","0","0","","","","0","0","0","0","0","0"
"4164","","HS 2007","Harmonized System 2007","Gabon","266'","2019","1","82051000'","  "," - Outils de per?age, de filetage ou de taraudage","82'","Tools, implements, cutlery, spoons and forks, of base metal; parts thereof of base metal","8205'","Hand tools (including glaziers' diamonds), not elsewhere specified or included; blow lamps; vices, c","820510'"," - Drilling, threading or tapping tools","8","1","R","0","0","","","","0","0","0","0","0","0"
"4165","","HS 2007","Harmonized System 2007","Gabon","266'","2019","1","82052000'","  "," - Marteaux et masses","82'","Tools, implements, cutlery, spoons and forks, of base metal; parts thereof of base metal","8205'","Hand tools (including glaziers' diamonds), not elsewhere specified or included; blow lamps; vices, c","820520'"," - Hammers and sledge hammers","8","1","R","0","0","","","","0","0","0","0","0","0"
"4166","","HS 2007","Harmonized System 2007","Gabon","266'","2019","1","82053000'","  "," - Rabots, ciseaux, gouges et outils tranchants similaires pour le travail du bois","82'","Tools, implements, cutlery, spoons and forks, of base metal; parts thereof of base metal","8205'","Hand tools (including glaziers' diamonds), not elsewhere specified or included; blow lamps; vices, c","820530'"," - Planes, chisels, gouges and similar cutting tools for working wood","8","1","R","0","0","","","","0","0","0","0","0","0"
"4167","","HS 2007","Harmonized System 2007","Gabon","266'","2019","1","82054000'","  "," - Tournevis","82'","Tools, implements, cutlery, spoons and forks, of base metal; parts thereof of base metal","8205'","Hand tools (including glaziers' diamonds), not elsewhere specified or included; blow lamps; vices, c","820540'"," - Screwdrivers","8","1","R","0","0","","","","0","0","0","0","0","0"
"4168","","HS 2007","Harmonized System 2007","Gabon","266'","2019","1","82055100'","  "," -- D'?conomie domestique","82'","Tools, implements, cutlery, spoons and forks, of base metal; parts thereof of base metal","8205'","Hand tools (including glaziers' diamonds), not elsewhere specified or included; blow lamps; vices, c","820551'"," -- Household tools","8","1","R","0","0","","","","0","0","0","0","0","0"
"4169","","HS 2007","Harmonized System 2007","Gabon","266'","2019","1","82055900'","  "," -- Autres","82'","Tools, implements, cutlery, spoons and forks, of base metal; parts thereof of base metal","8205'","Hand tools (including glaziers' diamonds), not elsewhere specified or included; blow lamps; vices, c","820559'"," -- Other","8","1","R","0","0","","","","0","0","0","0","0","0"
"4170","","HS 2007","Harmonized System 2007","Gabon","266'","2019","1","82056000'","  "," - Lampes ? souder et similaires","82'","Tools, implements, cutlery, spoons and forks, of base metal; parts thereof of base metal","8205'","Hand tools (including glaziers' diamonds), not elsewhere specified or included; blow lamps; vices, c","820560'"," - Blow lamps","8","1","R","0","0","","","","0","0","0","0","0","0"
"4171","","HS 2007","Harmonized System 2007","Gabon","266'","2019","1","82057000'","  "," - Etaux, serre-joints et similaires","82'","Tools, implements, cutlery, spoons and forks, of base metal; parts thereof of base metal","8205'","Hand tools (including glaziers' diamonds), not elsewhere specified or included; blow lamps; vices, c","820570'"," - Vices, clamps and the like","8","1","R","0","0","","","","0","0","0","0","0","0"
"4172","","HS 2007","Harmonized System 2007","Gabon","266'","2019","1","82058000'","  "," - Enclumes; forges portatives; meules avec b?tis, ? main ou ? p?dale","82'","Tools, implements, cutlery, spoons and forks, of base metal; parts thereof of base metal","8205'","Hand tools (including glaziers' diamonds), not elsewhere specified or included; blow lamps; vices, c","820580'"," - Anvils; portable forges; hand or pedal-operated grinding wheels with frameworks","8","1","R","0","0","","","","0","0","0","0","0","0"
"4173","","HS 2007","Harmonized System 2007","Gabon","266'","2019","1","82059000'","  "," - Assortiments d'articles d'au moins deux des sous-positions ci-dessus","82'","Tools, implements, cutlery, spoons and forks, of base metal; parts thereof of base metal","8205'","Hand tools (including glaziers' diamonds), not elsewhere specified or included; blow lamps; vices, c","820590'"," - Sets of articles of two or more of the foregoing subheadings","8","1","R","0","0","","","","0","0","0","0","0","0"
"4174","","HS 2007","Harmonized System 2007","Gabon","266'","2019","1","82060000'","  "," Outils d'au moins deux des n?s 82.02 ? 82.05, conditionn?s en assortiments pour la vente au d?tail.","82'","Tools, implements, cutlery, spoons and forks, of base metal; parts thereof of base metal","8206'","Tools of two or more of the headings 82.02 to 82.05, put up in sets for retail sale.","820600'"," Tools of two or more of the headings 82.02 to 82.05, put up in sets for retail sale.","8","1","R","0","0","","","","0","0","0","0","0","0"
"4175","","HS 2007","Harmonized System 2007","Gabon","266'","2019","1","82071300'","  "," -- Avec partie travaillante en cermets","82'","Tools, implements, cutlery, spoons and forks, of base metal; parts thereof of base metal","8207'","Interchangeable tools for hand tools, whether or not power-operated, or for machine-tools (for examp","820713'"," -- With working part of cermets","8","1","R","0","0","","","","0","0","0","0","0","0"
"4176","","HS 2007","Harmonized System 2007","Gabon","266'","2019","1","82071900'","  "," -- Autres, y compris les parties","82'","Tools, implements, cutlery, spoons and forks, of base metal; parts thereof of base metal","8207'","Interchangeable tools for hand tools, whether or not power-operated, or for machine-tools (for examp","820719'"," -- Other, including parts","8","1","R","0","0","","","","0","0","0","0","0","0"
"4177","","HS 2007","Harmonized System 2007","Gabon","266'","2019","1","82072000'","  "," - Fili?res pour l'?tirage ou le filage (extrusion) des m?taux","82'","Tools, implements, cutlery, spoons and forks, of base metal; parts thereof of base metal","8207'","Interchangeable tools for hand tools, whether or not power-operated, or for machine-tools (for examp","820720'"," - Dies for drawing or extruding metal","8","1","R","0","0","","","","0","0","0","0","0","0"
"4178","","HS 2007","Harmonized System 2007","Gabon","266'","2019","1","82073000'","  "," - Outils ? emboutir, ? estamper ou ? poin?onner","82'","Tools, implements, cutlery, spoons and forks, of base metal; parts thereof of base metal","8207'","Interchangeable tools for hand tools, whether or not power-operated, or for machine-tools (for examp","820730'"," - Tools for pressing, stamping or punching","8","1","R","0","0","","","","0","0","0","0","0","0"
"4179","","HS 2007","Harmonized System 2007","Gabon","266'","2019","1","82074000'","  "," - Outils ? tarauder ou ? fileter","82'","Tools, implements, cutlery, spoons and forks, of base metal; parts thereof of base metal","8207'","Interchangeable tools for hand tools, whether or not power-operated, or for machine-tools (for examp","820740'"," - Tools for tapping or threading","8","1","R","0","0","","","","0","0","0","0","0","0"
"4180","","HS 2007","Harmonized System 2007","Gabon","266'","2019","1","82075000'","  "," - Outils ? percer","82'","Tools, implements, cutlery, spoons and forks, of base metal; parts thereof of base metal","8207'","Interchangeable tools for hand tools, whether or not power-operated, or for machine-tools (for examp","820750'"," - Tools for drilling, other than for rock drilling","8","1","R","0","0","","","","0","0","0","0","0","0"
"4181","","HS 2007","Harmonized System 2007","Gabon","266'","2019","1","82076000'","  "," - Outils ? al?ser ou ? brocher","82'","Tools, implements, cutlery, spoons and forks, of base metal; parts thereof of base metal","8207'","Interchangeable tools for hand tools, whether or not power-operated, or for machine-tools (for examp","820760'"," - Tools for boring or broaching","8","1","R","0","0","","","","0","0","0","0","0","0"
"4182","","HS 2007","Harmonized System 2007","Gabon","266'","2019","1","82077000'","  "," - Outils ? fraiser","82'","Tools, implements, cutlery, spoons and forks, of base metal; parts thereof of base metal","8207'","Interchangeable tools for hand tools, whether or not power-operated, or for machine-tools (for examp","820770'"," - Tools for milling","8","1","R","0","0","","","","0","0","0","0","0","0"
"4183","","HS 2007","Harmonized System 2007","Gabon","266'","2019","1","82078000'","  "," - Outils ? tourner","82'","Tools, implements, cutlery, spoons and forks, of base metal; parts thereof of base metal","8207'","Interchangeable tools for hand tools, whether or not power-operated, or for machine-tools (for examp","820780'"," - Tools for turning","8","1","R","0","0","","","","0","0","0","0","0","0"
"4184","","HS 2007","Harmonized System 2007","Gabon","266'","2019","1","82079000'","  "," - Autres outils interchangeables","82'","Tools, implements, cutlery, spoons and forks, of base metal; parts thereof of base metal","8207'","Interchangeable tools for hand tools, whether or not power-operated, or for machine-tools (for examp","820790'"," - Other interchangeable tools","8","1","R","0","0","","","","0","0","0","0","0","0"
"4185","","HS 2007","Harmonized System 2007","Gabon","266'","2019","1","82081000'","  "," - Pour le travail des m?taux","82'","Tools, implements, cutlery, spoons and forks, of base metal; parts thereof of base metal","8208'","Knives and cutting blades, for machines or for mechanical appliances.","820810'"," - For metal working","8","1","R","0","0","","","","0","0","0","0","0","0"
"4186","","HS 2007","Harmonized System 2007","Gabon","266'","2019","1","82082000'","  "," - Pour le travail du bois","82'","Tools, implements, cutlery, spoons and forks, of base metal; parts thereof of base metal","8208'","Knives and cutting blades, for machines or for mechanical appliances.","820820'"," - For wood working","8","1","R","0","0","","","","0","0","0","0","0","0"
"4187","","HS 2007","Harmonized System 2007","Gabon","266'","2019","1","82083000'","  "," - Pour appareils de cuisine ou pour machines pour l'industrie alimentaire","82'","Tools, implements, cutlery, spoons and forks, of base metal; parts thereof of base metal","8208'","Knives and cutting blades, for machines or for mechanical appliances.","820830'"," - For kitchen appliances or for machines used by the food industry","8","1","R","0","0","","","","0","0","0","0","0","0"
"4188","","HS 2007","Harmonized System 2007","Gabon","266'","2019","1","82084000'","  "," - Pour machines agricoles, horticoles ou foresti?res","82'","Tools, implements, cutlery, spoons and forks, of base metal; parts thereof of base metal","8208'","Knives and cutting blades, for machines or for mechanical appliances.","820840'"," - For agricultural, horticultural or forestry machines","8","1","R","0","0","","","","0","0","0","0","0","0"
"4189","","HS 2007","Harmonized System 2007","Gabon","266'","2019","1","82089000'","  "," - Autres","82'","Tools, implements, cutlery, spoons and forks, of base metal; parts thereof of base metal","8208'","Knives and cutting blades, for machines or for mechanical appliances.","820890'"," - Other","8","1","R","0","0","","","","0","0","0","0","0","0"
"4190","","HS 2007","Harmonized System 2007","Gabon","266'","2019","1","82090000'","  "," Plaquettes, baguettes, pointes et objets similaires pour outils, non mont?s, constitu?s par des cermets.","82'","Tools, implements, cutlery, spoons and forks, of base metal; parts thereof of base metal","8209'","Plates, sticks, tips and the like for tools, unmounted, of cermets.","820900'"," Plates, sticks, tips and the like for tools, unmounted, of cermets.","8","1","R","0","0","","","","0","0","0","0","0","0"
"4191","","HS 2007","Harmonized System 2007","Gabon","266'","2019","1","82100000'","  "," Appareils m?caniques actionn?s ? la main, d'un poids de 10?kg ou moins, utilis?s pour pr?parer, conditionner ou servir les aliments ou les boissons.","82'","Tools, implements, cutlery, spoons and forks, of base metal; parts thereof of base metal","8210'","Hand-operated mechanical appliances, weighing 10 kg or less, used in the preparation, conditioning o","821000'"," Hand-operated mechanical appliances, weighing 10 kg or less, used in the preparation, conditioning o","8","1","R","0","0","","","","0","0","0","0","0","0"
"4192","","HS 2007","Harmonized System 2007","Gabon","266'","2019","1","82111000'","  "," - Assortiments","82'","Tools, implements, cutlery, spoons and forks, of base metal; parts thereof of base metal","8211'","Knives with cutting blades, serrated or not (including pruning knives), other than knives of heading","821110'"," - Sets of assorted articles","8","1","R","0","0","","","","0","0","0","0","0","0"
"4193","","HS 2007","Harmonized System 2007","Gabon","266'","2019","1","82119100'","  "," -- Couteaux de table ? lame fixe","82'","Tools, implements, cutlery, spoons and forks, of base metal; parts thereof of base metal","8211'","Knives with cutting blades, serrated or not (including pruning knives), other than knives of heading","821191'"," -- Table knives having fixed blades","8","1","R","0","0","","","","0","0","0","0","0","0"
"4194","","HS 2007","Harmonized System 2007","Gabon","266'","2019","1","82119200'","  "," -- Autres couteaux ? lame fixe","82'","Tools, implements, cutlery, spoons and forks, of base metal; parts thereof of base metal","8211'","Knives with cutting blades, serrated or not (including pruning knives), other than knives of heading","821192'"," -- Other knives having fixed blades","8","1","R","0","0","","","","0","0","0","0","0","0"
"4195","","HS 2007","Harmonized System 2007","Gabon","266'","2019","1","82119300'","  "," -- Couteaux autres qu'? lame fixe, y compris les serpettes fermantes","82'","Tools, implements, cutlery, spoons and forks, of base metal; parts thereof of base metal","8211'","Knives with cutting blades, serrated or not (including pruning knives), other than knives of heading","821193'"," -- Knives having other than fixed blades","8","1","R","0","0","","","","0","0","0","0","0","0"
"4196","","HS 2007","Harmonized System 2007","Gabon","266'","2019","1","82119400'","  "," -- Lames","82'","Tools, implements, cutlery, spoons and forks, of base metal; parts thereof of base metal","8211'","Knives with cutting blades, serrated or not (including pruning knives), other than knives of heading","821194'"," -- Blades","8","1","R","0","0","","","","0","0","0","0","0","0"
"4197","","HS 2007","Harmonized System 2007","Gabon","266'","2019","1","82119500'","  "," -- Manches en m?taux communs","82'","Tools, implements, cutlery, spoons and forks, of base metal; parts thereof of base metal","8211'","Knives with cutting blades, serrated or not (including pruning knives), other than knives of heading","821195'"," -- Handles of base metal","8","1","R","0","0","","","","0","0","0","0","0","0"
"4198","","HS 2007","Harmonized System 2007","Gabon","266'","2019","1","82121000'","  "," - Rasoirs","82'","Tools, implements, cutlery, spoons and forks, of base metal; parts thereof of base metal","8212'","Razors and razor blades (including razor blade blanks in strips).","821210'"," - Razors","8","1","R","0","0","","","","0","0","0","0","0","0"
"4199","","HS 2007","Harmonized System 2007","Gabon","266'","2019","1","82122000'","  "," - Lames de rasoirs de s?ret?, y compris les ?bauches en bandes","82'","Tools, implements, cutlery, spoons and forks, of base metal; parts thereof of base metal","8212'","Razors and razor blades (including razor blade blanks in strips).","821220'"," - Safety razor blades, including razor blade blanks in strips","8","1","R","0","0","","","","0","0","0","0","0","0"
"4200","","HS 2007","Harmonized System 2007","Gabon","266'","2019","1","82129000'","  "," - Autres parties","82'","Tools, implements, cutlery, spoons and forks, of base metal; parts thereof of base metal","8212'","Razors and razor blades (including razor blade blanks in strips).","821290'"," - Other parts","8","1","R","0","0","","","","0","0","0","0","0","0"
"4201","","HS 2007","Harmonized System 2007","Gabon","266'","2019","1","82130000'","  "," Ciseaux ? doubles branches et leurs lames.","82'","Tools, implements, cutlery, spoons and forks, of base metal; parts thereof of base metal","8213'","Scissors, tailors' shears and similar shears, and blades therefor.","821300'"," Scissors, tailors' shears and similar shears, and blades therefor.","8","1","R","0","0","","","","0","0","0","0","0","0"
"4202","","HS 2007","Harmonized System 2007","Gabon","266'","2019","1","82141000'","  "," - Coupe-papier, ouvre-lettres, grattoirs, taille-crayons et leurs lames","82'","Tools, implements, cutlery, spoons and forks, of base metal; parts thereof of base metal","8214'","Other articles of cutlery (for example, hair clippers, butchers' or kitchen cleavers, choppers and m","821410'"," - Paper knives, letter openers, erasing knives, pencil sharpeners and blades therefor","8","1","R","0","0","","","","0","0","0","0","0","0"
"4203","","HS 2007","Harmonized System 2007","Gabon","266'","2019","1","82142000'","  "," - Outils et assortiments d'outils de manucures ou de p?dicures (y compris les limes ? ongles)","82'","Tools, implements, cutlery, spoons and forks, of base metal; parts thereof of base metal","8214'","Other articles of cutlery (for example, hair clippers, butchers' or kitchen cleavers, choppers and m","821420'"," - Manicure or pedicure sets and instruments (including nail files)","8","1","R","0","0","","","","0","0","0","0","0","0"
"4204","","HS 2007","Harmonized System 2007","Gabon","266'","2019","1","82149000'","  "," - Autres","82'","Tools, implements, cutlery, spoons and forks, of base metal; parts thereof of base metal","8214'","Other articles of cutlery (for example, hair clippers, butchers' or kitchen cleavers, choppers and m","821490'"," - Other","8","1","R","0","0","","","","0","0","0","0","0","0"
"4205","","HS 2007","Harmonized System 2007","Gabon","266'","2019","1","82151000'","  "," - Assortiments contenant au moins un objet argent?, dor? ou platin?","82'","Tools, implements, cutlery, spoons and forks, of base metal; parts thereof of base metal","8215'","Spoons, forks, ladles, skimmers, cake-servers, fish-knives, butter-knives, sugar tongs and similar k","821510'"," - Sets of assorted articles containing at least one article plated with precious metal","8","1","R","0","0","","","","0","0","0","0","0","0"
"4206","","HS 2007","Harmonized System 2007","Gabon","266'","2019","1","82152000'","  "," - Autres assortiments","82'","Tools, implements, cutlery, spoons and forks, of base metal; parts thereof of base metal","8215'","Spoons, forks, ladles, skimmers, cake-servers, fish-knives, butter-knives, sugar tongs and similar k","821520'"," - Other sets of assorted articles","8","1","R","0","0","","","","0","0","0","0","0","0"
"4207","","HS 2007","Harmonized System 2007","Gabon","266'","2019","1","82159100'","  "," -- Argent?s, dor?s ou platin?s","82'","Tools, implements, cutlery, spoons and forks, of base metal; parts thereof of base metal","8215'","Spoons, forks, ladles, skimmers, cake-servers, fish-knives, butter-knives, sugar tongs and similar k","821591'"," -- Plated with precious metal","8","1","R","0","0","","","","0","0","0","0","0","0"
"4208","","HS 2007","Harmonized System 2007","Gabon","266'","2019","1","82159900'","  "," -- Autres","82'","Tools, implements, cutlery, spoons and forks, of base metal; parts thereof of base metal","8215'","Spoons, forks, ladles, skimmers, cake-servers, fish-knives, butter-knives, sugar tongs and similar k","821599'"," -- Other","8","1","R","0","0","","","","0","0","0","0","0","0"
"4209","","HS 2007","Harmonized System 2007","Gabon","266'","2019","1","83011000'","  "," - Cadenas","83'","Miscellaneous articles of base metal","8301'","Padlocks and locks (key, combination or electrically operated), of base metal; clasps and frames wit","830110'"," - Padlocks","8","1","R","0","0","","","","0","0","0","0","0","0"
"4210","","HS 2007","Harmonized System 2007","Gabon","266'","2019","1","83012000'","  "," - Serrures des types utilis?s pour v?hicules automobiles","83'","Miscellaneous articles of base metal","8301'","Padlocks and locks (key, combination or electrically operated), of base metal; clasps and frames wit","830120'"," - Locks of a kind used for motor vehicles","8","1","R","0","0","","","","0","0","0","0","0","0"
"4211","","HS 2007","Harmonized System 2007","Gabon","266'","2019","1","83013000'","  "," - Serrures des types utilis?s pour meubles","83'","Miscellaneous articles of base metal","8301'","Padlocks and locks (key, combination or electrically operated), of base metal; clasps and frames wit","830130'"," - Locks of a kind used for furniture","8","1","R","0","0","","","","0","0","0","0","0","0"
"4212","","HS 2007","Harmonized System 2007","Gabon","266'","2019","1","83014000'","  "," - Autres serrures; verrous","83'","Miscellaneous articles of base metal","8301'","Padlocks and locks (key, combination or electrically operated), of base metal; clasps and frames wit","830140'"," - Other locks","8","1","R","0","0","","","","0","0","0","0","0","0"
"4213","","HS 2007","Harmonized System 2007","Gabon","266'","2019","1","83015000'","  "," - Fermoirs et montures-fermoirs comportant une serrure","83'","Miscellaneous articles of base metal","8301'","Padlocks and locks (key, combination or electrically operated), of base metal; clasps and frames wit","830150'"," - Clasps and frames with clasps, incorporating locks","8","1","R","0","0","","","","0","0","0","0","0","0"
"4214","","HS 2007","Harmonized System 2007","Gabon","266'","2019","1","83016000'","  "," - Parties","83'","Miscellaneous articles of base metal","8301'","Padlocks and locks (key, combination or electrically operated), of base metal; clasps and frames wit","830160'"," - Parts","8","1","R","0","0","","","","0","0","0","0","0","0"
"4215","","HS 2007","Harmonized System 2007","Gabon","266'","2019","1","83017000'","  "," - Clefs pr?sent?es isol?ment","83'","Miscellaneous articles of base metal","8301'","Padlocks and locks (key, combination or electrically operated), of base metal; clasps and frames wit","830170'"," - Keys presented separately","8","1","R","0","0","","","","0","0","0","0","0","0"
"4216","","HS 2007","Harmonized System 2007","Gabon","266'","2019","1","83021000'","  "," - Charni?res de tous genres (y compris les paumelles et pentures)","83'","Miscellaneous articles of base metal","8302'","Base metal mountings, fittings and similar articles suitable for furniture, doors, staircases, windo","830210'"," - Hinges","8","1","R","0","0","","","","0","0","0","0","0","0"
"4217","","HS 2007","Harmonized System 2007","Gabon","266'","2019","1","83022000'","  "," - Roulettes","83'","Miscellaneous articles of base metal","8302'","Base metal mountings, fittings and similar articles suitable for furniture, doors, staircases, windo","830220'"," - Castors","8","1","R","0","0","","","","0","0","0","0","0","0"
"4218","","HS 2007","Harmonized System 2007","Gabon","266'","2019","1","83023000'","  "," - Autres garnitures, ferrures et articles similaires pour v?hicules automobiles","83'","Miscellaneous articles of base metal","8302'","Base metal mountings, fittings and similar articles suitable for furniture, doors, staircases, windo","830230'"," - Other mountings, fittings and similar articles suitable for motor vehicles","8","1","R","0","0","","","","0","0","0","0","0","0"
"4219","","HS 2007","Harmonized System 2007","Gabon","266'","2019","1","83024100'","  "," -- Pour b?timents","83'","Miscellaneous articles of base metal","8302'","Base metal mountings, fittings and similar articles suitable for furniture, doors, staircases, windo","830241'"," -- Suitable for buildings","8","1","R","0","0","","","","0","0","0","0","0","0"
"4220","","HS 2007","Harmonized System 2007","Gabon","266'","2019","1","83024200'","  "," -- Autres, pour meubles","83'","Miscellaneous articles of base metal","8302'","Base metal mountings, fittings and similar articles suitable for furniture, doors, staircases, windo","830242'"," -- Other, suitable for furniture","8","1","R","0","0","","","","0","0","0","0","0","0"
"4221","","HS 2007","Harmonized System 2007","Gabon","266'","2019","1","83024900'","  "," -- Autres","83'","Miscellaneous articles of base metal","8302'","Base metal mountings, fittings and similar articles suitable for furniture, doors, staircases, windo","830249'"," -- Other","8","1","R","0","0","","","","0","0","0","0","0","0"
"4222","","HS 2007","Harmonized System 2007","Gabon","266'","2019","1","83025000'","  "," - Pat?res, porte-chapeaux, supports et articles similaires","83'","Miscellaneous articles of base metal","8302'","Base metal mountings, fittings and similar articles suitable for furniture, doors, staircases, windo","830250'"," - Hat-racks, hat-pegs, brackets and similar fixtures","8","1","R","0","0","","","","0","0","0","0","0","0"
"4223","","HS 2007","Harmonized System 2007","Gabon","266'","2019","1","83026000'","  "," - Ferme-portes automatiques","83'","Miscellaneous articles of base metal","8302'","Base metal mountings, fittings and similar articles suitable for furniture, doors, staircases, windo","830260'"," - Automatic door closers","8","1","R","0","0","","","","0","0","0","0","0","0"
"4224","","HS 2007","Harmonized System 2007","Gabon","266'","2019","1","83030000'","  "," Coffres-forts, portes blind?es et compartiments pour chambres fortes, coffres et cassettes de s?ret? et articles similaires, en m?taux communs.","83'","Miscellaneous articles of base metal","8303'","Armoured or reinforced safes, strong-boxes and doors and safe deposit lockers for strong-rooms, cash","830300'"," Armoured or reinforced safes, strong-boxes and doors and safe deposit lockers for strong-rooms, cash","8","1","R","0","0","","","","0","0","0","0","0","0"
"4225","","HS 2007","Harmonized System 2007","Gabon","266'","2019","1","83040000'","  "," Classeurs, fichiers, bo?tes de classement, porte-copies, plumiers, porte-cachets et mat?riel et fournitures similaires de bureau, en m?taux communs, ? l'exclusion des meubles de bureau du n? 94.03.","83'","Miscellaneous articles of base metal","8304'","Filing cabinets, card-index cabinets, paper trays, paper rests, pen trays, office-stamp stands and s","830400'"," Filing cabinets, card-index cabinets, paper trays, paper rests, pen trays, office-stamp stands and s","8","1","R","0","0","","","","0","0","0","0","0","0"
"4226","","HS 2007","Harmonized System 2007","Gabon","266'","2019","1","83051000'","  "," - M?canismes pour reliure de feuillets mobiles ou pour classeurs","83'","Miscellaneous articles of base metal","8305'","Fittings for loose-leaf binders or files, letter clips, letter corners, paper clips, indexing tags a","830510'"," - Fittings for loose-leaf binders or files","8","1","R","0","0","","","","0","0","0","0","0","0"
"4227","","HS 2007","Harmonized System 2007","Gabon","266'","2019","1","83052000'","  "," - Agrafes pr?sent?es en barrettes","83'","Miscellaneous articles of base metal","8305'","Fittings for loose-leaf binders or files, letter clips, letter corners, paper clips, indexing tags a","830520'"," - Staples in strips","8","1","R","0","0","","","","0","0","0","0","0","0"
"4228","","HS 2007","Harmonized System 2007","Gabon","266'","2019","1","83059000'","  "," - Autres, y compris les parties","83'","Miscellaneous articles of base metal","8305'","Fittings for loose-leaf binders or files, letter clips, letter corners, paper clips, indexing tags a","830590'"," - Other, including parts","8","1","R","0","0","","","","0","0","0","0","0","0"
"4229","","HS 2007","Harmonized System 2007","Gabon","266'","2019","1","83061000'","  "," - Cloches, sonnettes, gongs et articles similaires","83'","Miscellaneous articles of base metal","8306'","Bells, gongs and the like, non-electric, of base metal; statuettes and other ornaments, of base meta","830610'"," - Bells, gongs and the like","8","1","R","0","0","","","","0","0","0","0","0","0"
"4230","","HS 2007","Harmonized System 2007","Gabon","266'","2019","1","83062100'","  "," -- Argent?s, dor?s ou platin?s","83'","Miscellaneous articles of base metal","8306'","Bells, gongs and the like, non-electric, of base metal; statuettes and other ornaments, of base meta","830621'"," -- Plated with precious metal","8","1","R","0","0","","","","0","0","0","0","0","0"
"4231","","HS 2007","Harmonized System 2007","Gabon","266'","2019","1","83062900'","  "," -- Autres","83'","Miscellaneous articles of base metal","8306'","Bells, gongs and the like, non-electric, of base metal; statuettes and other ornaments, of base meta","830629'"," -- Other","8","1","R","0","0","","","","0","0","0","0","0","0"
"4232","","HS 2007","Harmonized System 2007","Gabon","266'","2019","1","83063000'","  "," - Cadres pour photographies, gravures ou similaires; miroirs","83'","Miscellaneous articles of base metal","8306'","Bells, gongs and the like, non-electric, of base metal; statuettes and other ornaments, of base meta","830630'"," - Photograph, picture or similar frames; mirrors","8","1","R","0","0","","","","0","0","0","0","0","0"
"4233","","HS 2007","Harmonized System 2007","Gabon","266'","2019","1","83071000'","  "," - En fer ou en acier","83'","Miscellaneous articles of base metal","8307'","Flexible tubing of base metal, with or without fittings.","830710'"," - Of iron or steel","8","1","R","0","0","","","","0","0","0","0","0","0"
"4234","","HS 2007","Harmonized System 2007","Gabon","266'","2019","1","83079000'","  "," - En autres m?taux communs","83'","Miscellaneous articles of base metal","8307'","Flexible tubing of base metal, with or without fittings.","830790'"," - Of other base metal","8","1","R","0","0","","","","0","0","0","0","0","0"
"4235","","HS 2007","Harmonized System 2007","Gabon","266'","2019","1","83081000'","  "," - Agrafes, crochets et oeillets","83'","Miscellaneous articles of base metal","8308'","Clasps, frames with clasps, buckles, buckle-clasps, hooks, eyes, eyelets and the like, of base metal","830810'"," - Hooks, eyes and eyelets","8","1","R","0","0","","","","0","0","0","0","0","0"
"4236","","HS 2007","Harmonized System 2007","Gabon","266'","2019","1","83082000'","  "," - Rivets tubulaires ou ? tige fendue","83'","Miscellaneous articles of base metal","8308'","Clasps, frames with clasps, buckles, buckle-clasps, hooks, eyes, eyelets and the like, of base metal","830820'"," - Tubular or bifurcated rivets","8","1","R","0","0","","","","0","0","0","0","0","0"
"4237","","HS 2007","Harmonized System 2007","Gabon","266'","2019","1","83089000'","  "," - Autres, y compris les parties","83'","Miscellaneous articles of base metal","8308'","Clasps, frames with clasps, buckles, buckle-clasps, hooks, eyes, eyelets and the like, of base metal","830890'"," - Other, including parts","8","1","R","0","0","","","","0","0","0","0","0","0"
"4238","","HS 2007","Harmonized System 2007","Gabon","266'","2019","1","83091000'","  "," - Bouchons-couronnes","83'","Miscellaneous articles of base metal","8309'","Stoppers, caps and lids (including crown corks, screw caps and pouring stoppers), capsules for bottl","830910'"," - Crown corks","8","1","R","0","0","","","","0","0","0","0","0","0"
"4239","","HS 2007","Harmonized System 2007","Gabon","266'","2019","1","83099000'","  "," - Autres","83'","Miscellaneous articles of base metal","8309'","Stoppers, caps and lids (including crown corks, screw caps and pouring stoppers), capsules for bottl","830990'"," - Other","8","1","R","0","0","","","","0","0","0","0","0","0"
"4240","","HS 2007","Harmonized System 2007","Gabon","266'","2019","1","83100000'","  "," Plaques indicatrices, plaques-enseignes, plaques-adresses et plaques similaires, chiffres, lettres et enseignes diverses, en m?taux communs, ? l'exclusion de ceux du n??94.05.","83'","Miscellaneous articles of base metal","8310'","Sign-plates, name-plates, address-plates and similar plates, numbers, letters and other symbols, of ","831000'"," Sign-plates, name-plates, address-plates and similar plates, numbers, letters and other symbols, of ","8","1","R","0","0","","","","0","0","0","0","0","0"
"4241","","HS 2007","Harmonized System 2007","Gabon","266'","2019","1","83111000'","  "," - Electrodes enrob?es pour le soudage ? l'arc, en m?taux communs","83'","Miscellaneous articles of base metal","8311'","Wire, rods, tubes, plates, electrodes and similar products, of base metal or of metal carbides, coat","831110'"," - Coated electrodes of base metal, for electric arc-welding","8","1","R","0","0","","","","0","0","0","0","0","0"
"4242","","HS 2007","Harmonized System 2007","Gabon","266'","2019","1","83112000'","  "," - Fils fourr?s pour le soudage ? l'arc, en m?taux communs","83'","Miscellaneous articles of base metal","8311'","Wire, rods, tubes, plates, electrodes and similar products, of base metal or of metal carbides, coat","831120'"," - Cored wire of base metal, for electric arc-welding","8","1","R","0","0","","","","0","0","0","0","0","0"
"4243","","HS 2007","Harmonized System 2007","Gabon","266'","2019","1","83113000'","  "," - Baguettes enrob?es et fils fourr?s pour le brasage ou le soudage ? la flamme, en m?taux communs","83'","Miscellaneous articles of base metal","8311'","Wire, rods, tubes, plates, electrodes and similar products, of base metal or of metal carbides, coat","831130'"," - Coated rods and cored wire, of base metal, for soldering, brazing or welding by flame","8","1","R","0","0","","","","0","0","0","0","0","0"
"4244","","HS 2007","Harmonized System 2007","Gabon","266'","2019","1","83119000'","  "," - Autres","83'","Miscellaneous articles of base metal","8311'","Wire, rods, tubes, plates, electrodes and similar products, of base metal or of metal carbides, coat","831190'"," - Other","8","1","R","0","0","","","","0","0","0","0","0","0"
"4245","","HS 2007","Harmonized System 2007","Gabon","266'","2019","1","84011000'","  "," - R?acteurs nucl?aires","84'","Nuclear reactors, boilers, machinery and mechanical appliances; parts thereof","8401'","Nuclear reactors; fuel elements (cartridges), non-irradiated, for nuclear reactors; machinery and ap","840110'"," - Nuclear reactors","8","1","R","0","0","","","","0","0","0","0","0","0"
"4246","","HS 2007","Harmonized System 2007","Gabon","266'","2019","1","84012000'","  "," - Machines et appareils pour la s?paration isotopique, et leurs","84'","Nuclear reactors, boilers, machinery and mechanical appliances; parts thereof","8401'","Nuclear reactors; fuel elements (cartridges), non-irradiated, for nuclear reactors; machinery and ap","840120'"," - Machinery and apparatus for isotopic separation, and parts thereof","8","1","R","0","0","","","","0","0","0","0","0","0"
"4247","","HS 2007","Harmonized System 2007","Gabon","266'","2019","1","84013000'","  "," - El?ments combustibles (cartouches) non irradi?s","84'","Nuclear reactors, boilers, machinery and mechanical appliances; parts thereof","8401'","Nuclear reactors; fuel elements (cartridges), non-irradiated, for nuclear reactors; machinery and ap","840130'"," - Fuel elements (cartridges), non-irradiated","8","1","R","0","0","","","","0","0","0","0","0","0"
"4248","","HS 2007","Harmonized System 2007","Gabon","266'","2019","1","84014000'","  "," - Parties de r?acteurs nucl?aires","84'","Nuclear reactors, boilers, machinery and mechanical appliances; parts thereof","8401'","Nuclear reactors; fuel elements (cartridges), non-irradiated, for nuclear reactors; machinery and ap","840140'"," - Parts of nuclear reactors","8","1","R","0","0","","","","0","0","0","0","0","0"
"4249","","HS 2007","Harmonized System 2007","Gabon","266'","2019","1","84021100'","  "," -- Chaudi?res aquatubulaires d'une production horaire de vapeur exc?dant 45 tonnes","84'","Nuclear reactors, boilers, machinery and mechanical appliances; parts thereof","8402'","Steam or other vapour generating boilers (other than central heating hot water boilers capable also ","840211'"," -- Watertube boilers with a steam production exceeding 45 t per hour","8","1","R","0","0","","","","0","0","0","0","0","0"
"4250","","HS 2007","Harmonized System 2007","Gabon","266'","2019","1","84021200'","  "," -- Chaudi?res aquatubulaires d'une production horaire de vapeur n'exc?dant pas 45 tonnes","84'","Nuclear reactors, boilers, machinery and mechanical appliances; parts thereof","8402'","Steam or other vapour generating boilers (other than central heating hot water boilers capable also ","840212'"," -- Watertube boilers with a steam production not exceeding 45 t per hour","8","1","R","0","0","","","","0","0","0","0","0","0"
"4251","","HS 2007","Harmonized System 2007","Gabon","266'","2019","1","84021900'","  "," -- Autres chaudi?res ? vapeur, y compris les chaudi?res mixtes","84'","Nuclear reactors, boilers, machinery and mechanical appliances; parts thereof","8402'","Steam or other vapour generating boilers (other than central heating hot water boilers capable also ","840219'"," -- Other vapour generating boilers, including hybrid boilers","8","1","R","0","0","","","","0","0","0","0","0","0"
"4252","","HS 2007","Harmonized System 2007","Gabon","266'","2019","1","84022000'","  "," - Chaudi?res dites ? ? eau surchauff?e ?","84'","Nuclear reactors, boilers, machinery and mechanical appliances; parts thereof","8402'","Steam or other vapour generating boilers (other than central heating hot water boilers capable also ","840220'"," - Super-heated water boilers","8","1","R","0","0","","","","0","0","0","0","0","0"
"4253","","HS 2007","Harmonized System 2007","Gabon","266'","2019","1","84029000'","  "," - Parties","84'","Nuclear reactors, boilers, machinery and mechanical appliances; parts thereof","8402'","Steam or other vapour generating boilers (other than central heating hot water boilers capable also ","840290'"," - Parts","8","1","R","0","0","","","","0","0","0","0","0","0"
"4254","","HS 2007","Harmonized System 2007","Gabon","266'","2019","1","84031000'","  "," - Chaudi?res","84'","Nuclear reactors, boilers, machinery and mechanical appliances; parts thereof","8403'","Central heating boilers other than those of heading?84.02.","840310'"," - Boilers","8","1","R","0","0","","","","0","0","0","0","0","0"
"4255","","HS 2007","Harmonized System 2007","Gabon","266'","2019","1","84039000'","  "," - Parties","84'","Nuclear reactors, boilers, machinery and mechanical appliances; parts thereof","8403'","Central heating boilers other than those of heading?84.02.","840390'"," - Parts","8","1","R","0","0","","","","0","0","0","0","0","0"
"4256","","HS 2007","Harmonized System 2007","Gabon","266'","2019","1","84041000'","  "," - Appareils auxiliaires pour chaudi?res des n?s 84.02 ou 84.03","84'","Nuclear reactors, boilers, machinery and mechanical appliances; parts thereof","8404'","Auxiliary plant for use with boilers of heading 84.02 or 84.03 (for example, economisers, super-heat","840410'"," - Auxiliary plant for use with boilers of heading 84.02 or 84.03","8","1","R","0","0","","","","0","0","0","0","0","0"
"4257","","HS 2007","Harmonized System 2007","Gabon","266'","2019","1","84042000'","  "," - Condenseurs pour machines ? vapeur","84'","Nuclear reactors, boilers, machinery and mechanical appliances; parts thereof","8404'","Auxiliary plant for use with boilers of heading 84.02 or 84.03 (for example, economisers, super-heat","840420'"," - Condensers for steam or other vapour power units","8","1","R","0","0","","","","0","0","0","0","0","0"
"4258","","HS 2007","Harmonized System 2007","Gabon","266'","2019","1","84049000'","  "," - Parties","84'","Nuclear reactors, boilers, machinery and mechanical appliances; parts thereof","8404'","Auxiliary plant for use with boilers of heading 84.02 or 84.03 (for example, economisers, super-heat","840490'"," - Parts","8","1","R","0","0","","","","0","0","0","0","0","0"
"4259","","HS 2007","Harmonized System 2007","Gabon","266'","2019","1","84051000'","  "," - G?n?rateurs de gaz ? l'air ou de gaz ? l'eau, avec ou sans leurs ?purateurs; g?n?rateurs d'ac?tyl?ne et g?n?rateurs similaires de gaz, par proc?d? ? l'eau, avec ou sans leurs ?purateurs","84'","Nuclear reactors, boilers, machinery and mechanical appliances; parts thereof","8405'","Producer gas or water gas generators, with or without their purifiers; acetylene gas generators and ","840510'"," - Producer gas or water gas generators, with or without their purifiers; acetylene gas generators an","8","1","R","0","0","","","","0","0","0","0","0","0"
"4260","","HS 2007","Harmonized System 2007","Gabon","266'","2019","1","84059000'","  "," - Parties","84'","Nuclear reactors, boilers, machinery and mechanical appliances; parts thereof","8405'","Producer gas or water gas generators, with or without their purifiers; acetylene gas generators and ","840590'"," - Parts","8","1","R","0","0","","","","0","0","0","0","0","0"
"4261","","HS 2007","Harmonized System 2007","Gabon","266'","2019","1","84061000'","  "," - Turbines pour la propulsion de bateaux","84'","Nuclear reactors, boilers, machinery and mechanical appliances; parts thereof","8406'","Steam turbines and other vapour turbines.","840610'"," - Turbines for marine propulsion","8","1","R","0","0","","","","0","0","0","0","0","0"
"4262","","HS 2007","Harmonized System 2007","Gabon","266'","2019","1","84068100'","  "," -- D'une puissance exc?dant 40 MW","84'","Nuclear reactors, boilers, machinery and mechanical appliances; parts thereof","8406'","Steam turbines and other vapour turbines.","840681'"," -- Of an output exceeding 40 MW","8","1","R","0","0","","","","0","0","0","0","0","0"
"4263","","HS 2007","Harmonized System 2007","Gabon","266'","2019","1","84068200'","  "," -- D'une puissance n'exc?dant pas 40 MW","84'","Nuclear reactors, boilers, machinery and mechanical appliances; parts thereof","8406'","Steam turbines and other vapour turbines.","840682'"," -- Of an output not exceeding 40 MW","8","1","R","0","0","","","","0","0","0","0","0","0"
"4264","","HS 2007","Harmonized System 2007","Gabon","266'","2019","1","84069000'","  "," - Parties","84'","Nuclear reactors, boilers, machinery and mechanical appliances; parts thereof","8406'","Steam turbines and other vapour turbines.","840690'"," - Parts","8","1","R","0","0","","","","0","0","0","0","0","0"
"4265","","HS 2007","Harmonized System 2007","Gabon","266'","2019","1","84071000'","  "," - Moteurs pour l'aviation","84'","Nuclear reactors, boilers, machinery and mechanical appliances; parts thereof","8407'","Spark-ignition reciprocating or rotary internal combustion piston engines.","840710'"," - Aircraft engines","8","1","R","0","0","","","","0","0","0","0","0","0"
"4266","","HS 2007","Harmonized System 2007","Gabon","266'","2019","1","84072100'","  "," -- Du type hors-bord","84'","Nuclear reactors, boilers, machinery and mechanical appliances; parts thereof","8407'","Spark-ignition reciprocating or rotary internal combustion piston engines.","840721'"," -- Outboard motors","8","1","R","0","0","","","","0","0","0","0","0","0"
"4267","","HS 2007","Harmonized System 2007","Gabon","266'","2019","1","84072910'","  "," moteurs essence d'embarcation de 10000kg ou moins de charge","84'","Nuclear reactors, boilers, machinery and mechanical appliances; parts thereof","8407'","Spark-ignition reciprocating or rotary internal combustion piston engines.","840729'"," -- Other","8","1","R","0","0","","","","0","0","0","0","0","0"
"4268","","HS 2007","Harmonized System 2007","Gabon","266'","2019","1","84072920'","  "," moteurs essence d'embarcation de +10000kg de charge","84'","Nuclear reactors, boilers, machinery and mechanical appliances; parts thereof","8407'","Spark-ignition reciprocating or rotary internal combustion piston engines.","840729'"," -- Other","8","1","R","0","0","","","","0","0","0","0","0","0"
"4269","","HS 2007","Harmonized System 2007","Gabon","266'","2019","1","84073100'","  "," -- D'une cylindr?e n'exc?dant pas 50cm3","84'","Nuclear reactors, boilers, machinery and mechanical appliances; parts thereof","8407'","Spark-ignition reciprocating or rotary internal combustion piston engines.","840731'"," -- Of a cylinder capacity not exceeding 50 cc","8","1","R","0","0","","","","0","0","0","0","0","0"
"4270","","HS 2007","Harmonized System 2007","Gabon","266'","2019","1","84073200'","  "," -- D'une cylindr?e exc?dant 50 cm3 mais n'exc?dant pas 250?cm3","84'","Nuclear reactors, boilers, machinery and mechanical appliances; parts thereof","8407'","Spark-ignition reciprocating or rotary internal combustion piston engines.","840732'"," -- Of a cylinder capacity exceeding 50 cc but not exceeding 250?cc","8","1","R","0","0","","","","0","0","0","0","0","0"
"4271","","HS 2007","Harmonized System 2007","Gabon","266'","2019","1","84073300'","  "," -- D'une cylindr?e exc?dant 250 cm3 mais n'exc?dant pas 1.000 cm3","84'","Nuclear reactors, boilers, machinery and mechanical appliances; parts thereof","8407'","Spark-ignition reciprocating or rotary internal combustion piston engines.","840733'"," -- Of a cylinder capacity exceeding 250 cc but not exceeding 1,000 cc","8","1","R","0","0","","","","0","0","0","0","0","0"
"4272","","HS 2007","Harmonized System 2007","Gabon","266'","2019","1","84073400'","  "," -- D'une cylindr?e exc?dant 1.000 cm3","84'","Nuclear reactors, boilers, machinery and mechanical appliances; parts thereof","8407'","Spark-ignition reciprocating or rotary internal combustion piston engines.","840734'"," -- Of a cylinder capacity exceeding 1,000 cc","8","1","R","0","0","","","","0","0","0","0","0","0"
"4273","","HS 2007","Harmonized System 2007","Gabon","266'","2019","1","84079000'","  "," - Autres moteurs","84'","Nuclear reactors, boilers, machinery and mechanical appliances; parts thereof","8407'","Spark-ignition reciprocating or rotary internal combustion piston engines.","840790'"," - Other engines","8","1","R","0","0","","","","0","0","0","0","0","0"
"4274","","HS 2007","Harmonized System 2007","Gabon","266'","2019","1","84081010'","  "," moteurs diesel hors-bord","84'","Nuclear reactors, boilers, machinery and mechanical appliances; parts thereof","8408'","Compression-ignition internal combustion piston engines (diesel or semi-diesel engines).","840810'"," - Marine propulsion engines","8","1","R","0","0","","","","0","0","0","0","0","0"
"4275","","HS 2007","Harmonized System 2007","Gabon","266'","2019","1","84081091'","  "," moteurs diesel d'embarcation de 10000 gk ou moins de charge","84'","Nuclear reactors, boilers, machinery and mechanical appliances; parts thereof","8408'","Compression-ignition internal combustion piston engines (diesel or semi-diesel engines).","840810'"," - Marine propulsion engines","8","1","R","0","0","","","","0","0","0","0","0","0"
"4276","","HS 2007","Harmonized System 2007","Gabon","266'","2019","1","84081092'","  "," moteurs diesel d'embarcation de plus de 10000 kg de charge","84'","Nuclear reactors, boilers, machinery and mechanical appliances; parts thereof","8408'","Compression-ignition internal combustion piston engines (diesel or semi-diesel engines).","840810'"," - Marine propulsion engines","8","1","R","0","0","","","","0","0","0","0","0","0"
"4277","","HS 2007","Harmonized System 2007","Gabon","266'","2019","1","84082010'","  "," moteur diesel pour v?hicule du ch87,d'une cylindr?e <= 50 cm3","84'","Nuclear reactors, boilers, machinery and mechanical appliances; parts thereof","8408'","Compression-ignition internal combustion piston engines (diesel or semi-diesel engines).","840820'"," - Engines of a kind used for the propulsion of vehicles of Chapter?87","8","1","R","0","0","","","","0","0","0","0","0","0"
"4278","","HS 2007","Harmonized System 2007","Gabon","266'","2019","1","84082020'","  "," moteurs diesel pour v?hicules du ch87,d'unecylindr?e > 50 cm3 & <= 250 cm3","84'","Nuclear reactors, boilers, machinery and mechanical appliances; parts thereof","8408'","Compression-ignition internal combustion piston engines (diesel or semi-diesel engines).","840820'"," - Engines of a kind used for the propulsion of vehicles of Chapter?87","8","1","R","0","0","","","","0","0","0","0","0","0"
"4279","","HS 2007","Harmonized System 2007","Gabon","266'","2019","1","84082030'","  "," moteurs diesel pour v?hicules du ch87, d'une cylindr?e > 250cm3 & <= 1000 cm3","84'","Nuclear reactors, boilers, machinery and mechanical appliances; parts thereof","8408'","Compression-ignition internal combustion piston engines (diesel or semi-diesel engines).","840820'"," - Engines of a kind used for the propulsion of vehicles of Chapter?87","8","1","R","0","0","","","","0","0","0","0","0","0"
"4280","","HS 2007","Harmonized System 2007","Gabon","266'","2019","1","84082040'","  "," moteurs diesel pour v?hicules du ch 87, d'une cylindr?e > 1000 cm3","84'","Nuclear reactors, boilers, machinery and mechanical appliances; parts thereof","8408'","Compression-ignition internal combustion piston engines (diesel or semi-diesel engines).","840820'"," - Engines of a kind used for the propulsion of vehicles of Chapter?87","8","1","R","0","0","","","","0","0","0","0","0","0"
"4281","","HS 2007","Harmonized System 2007","Gabon","266'","2019","1","84089000'","  "," - Autres moteurs","84'","Nuclear reactors, boilers, machinery and mechanical appliances; parts thereof","8408'","Compression-ignition internal combustion piston engines (diesel or semi-diesel engines).","840890'"," - Other engines","8","1","R","0","0","","","","0","0","0","0","0","0"
"4282","","HS 2007","Harmonized System 2007","Gabon","266'","2019","1","84091000'","  "," - De moteurs pour l'aviation","84'","Nuclear reactors, boilers, machinery and mechanical appliances; parts thereof","8409'","Parts suitable for use solely or?principally with the engines of heading 84.07 or 84.08.","840910'"," - For aircraft engines","8","1","R","0","0","","","","0","0","0","0","0","0"
"4283","","HS 2007","Harmonized System 2007","Gabon","266'","2019","1","84099100'","  "," -- Reconnaissables comme ?tant exclusivement ou principalement destin?es aux moteurs ? piston ? allumage par ?tincelles","84'","Nuclear reactors, boilers, machinery and mechanical appliances; parts thereof","8409'","Parts suitable for use solely or?principally with the engines of heading 84.07 or 84.08.","840991'"," -- Suitable for use solely or principally with spark-ignition internal combustion piston engines","8","1","R","0","0","","","","0","0","0","0","0","0"
"4284","","HS 2007","Harmonized System 2007","Gabon","266'","2019","1","84099900'","  "," -- Autres","84'","Nuclear reactors, boilers, machinery and mechanical appliances; parts thereof","8409'","Parts suitable for use solely or?principally with the engines of heading 84.07 or 84.08.","840999'"," -- Other","8","1","R","0","0","","","","0","0","0","0","0","0"
"4285","","HS 2007","Harmonized System 2007","Gabon","266'","2019","1","84101100'","  "," -- D'une puissance n'exc?dant pas 1.000 kW","84'","Nuclear reactors, boilers, machinery and mechanical appliances; parts thereof","8410'","Hydraulic turbines, water wheels, and regulators therefor.","841011'"," -- Of a power not exceeding 1,000 kW","8","1","R","0","0","","","","0","0","0","0","0","0"
"4286","","HS 2007","Harmonized System 2007","Gabon","266'","2019","1","84101200'","  "," -- D'une puissance exc?dant 1.000 kW mais n'exc?dant pas 10.000 kW","84'","Nuclear reactors, boilers, machinery and mechanical appliances; parts thereof","8410'","Hydraulic turbines, water wheels, and regulators therefor.","841012'"," -- Of a power exceeding 1,000 kW but not exceeding 10,000?kW","8","1","R","0","0","","","","0","0","0","0","0","0"
"4287","","HS 2007","Harmonized System 2007","Gabon","266'","2019","1","84101300'","  "," -- D'une puissance exc?dant 10.000 kW","84'","Nuclear reactors, boilers, machinery and mechanical appliances; parts thereof","8410'","Hydraulic turbines, water wheels, and regulators therefor.","841013'"," -- Of a power exceeding 10,000 kW","8","1","R","0","0","","","","0","0","0","0","0","0"
"4288","","HS 2007","Harmonized System 2007","Gabon","266'","2019","1","84109000'","  "," - Parties, y compris les r?gulateurs","84'","Nuclear reactors, boilers, machinery and mechanical appliances; parts thereof","8410'","Hydraulic turbines, water wheels, and regulators therefor.","841090'"," - Parts, including regulators","8","1","R","0","0","","","","0","0","0","0","0","0"
"4289","","HS 2007","Harmonized System 2007","Gabon","266'","2019","1","84111100'","  "," -- D'une pouss?e n'exc?dant pas 25 kN","84'","Nuclear reactors, boilers, machinery and mechanical appliances; parts thereof","8411'","Turbo-jets, turbo-propellers and other gas turbines.","841111'"," -- Of a thrust not exceeding 25 kN","8","1","R","0","0","","","","0","0","0","0","0","0"
"4290","","HS 2007","Harmonized System 2007","Gabon","266'","2019","1","84111200'","  "," -- D'une pouss?e exc?dant 25 kN","84'","Nuclear reactors, boilers, machinery and mechanical appliances; parts thereof","8411'","Turbo-jets, turbo-propellers and other gas turbines.","841112'"," -- Of a thrust exceeding 25 kN","8","1","R","0","0","","","","0","0","0","0","0","0"
"4291","","HS 2007","Harmonized System 2007","Gabon","266'","2019","1","84112100'","  "," -- D'une puissance n'exc?dant pas 1.100 kW","84'","Nuclear reactors, boilers, machinery and mechanical appliances; parts thereof","8411'","Turbo-jets, turbo-propellers and other gas turbines.","841121'"," -- Of a power not exceeding 1,100 kW","8","1","R","0","0","","","","0","0","0","0","0","0"
"4292","","HS 2007","Harmonized System 2007","Gabon","266'","2019","1","84112200'","  "," -- D'une puissance exc?dant 1.100 kW","84'","Nuclear reactors, boilers, machinery and mechanical appliances; parts thereof","8411'","Turbo-jets, turbo-propellers and other gas turbines.","841122'"," -- Of a power exceeding 1,100 kW","8","1","R","0","0","","","","0","0","0","0","0","0"
"4293","","HS 2007","Harmonized System 2007","Gabon","266'","2019","1","84118100'","  "," -- D'une puissance n'exc?dant pas 5.000 kW","84'","Nuclear reactors, boilers, machinery and mechanical appliances; parts thereof","8411'","Turbo-jets, turbo-propellers and other gas turbines.","841181'"," -- Of a power not exceeding 5,000 kW","8","1","R","0","0","","","","0","0","0","0","0","0"
"4294","","HS 2007","Harmonized System 2007","Gabon","266'","2019","1","84118200'","  "," -- D'une puissance exc?dant 5.000 kW","84'","Nuclear reactors, boilers, machinery and mechanical appliances; parts thereof","8411'","Turbo-jets, turbo-propellers and other gas turbines.","841182'"," -- Of a power exceeding 5,000 kW","8","1","R","0","0","","","","0","0","0","0","0","0"
"4295","","HS 2007","Harmonized System 2007","Gabon","266'","2019","1","84119100'","  "," -- De turbor?acteurs ou de turbopropulseurs","84'","Nuclear reactors, boilers, machinery and mechanical appliances; parts thereof","8411'","Turbo-jets, turbo-propellers and other gas turbines.","841191'"," -- Of turbo-jets or turbo-propellers","8","1","R","0","0","","","","0","0","0","0","0","0"
"4296","","HS 2007","Harmonized System 2007","Gabon","266'","2019","1","84119900'","  "," -- Autres","84'","Nuclear reactors, boilers, machinery and mechanical appliances; parts thereof","8411'","Turbo-jets, turbo-propellers and other gas turbines.","841199'"," -- Other","8","1","R","0","0","","","","0","0","0","0","0","0"
"4297","","HS 2007","Harmonized System 2007","Gabon","266'","2019","1","84121000'","  "," - Propulseurs ? r?action autres que les turbor?acteurs","84'","Nuclear reactors, boilers, machinery and mechanical appliances; parts thereof","8412'","Other engines and motors.","841210'"," - Reaction engines other than turbo-jets","8","1","R","0","0","","","","0","0","0","0","0","0"
"4298","","HS 2007","Harmonized System 2007","Gabon","266'","2019","1","84122100'","  "," -- A mouvement rectiligne (cylindres)","84'","Nuclear reactors, boilers, machinery and mechanical appliances; parts thereof","8412'","Other engines and motors.","841221'"," -- Linear acting (cylinders)","8","1","R","0","0","","","","0","0","0","0","0","0"
"4299","","HS 2007","Harmonized System 2007","Gabon","266'","2019","1","84122900'","  "," -- Autres","84'","Nuclear reactors, boilers, machinery and mechanical appliances; parts thereof","8412'","Other engines and motors.","841229'"," -- Other","8","1","R","0","0","","","","0","0","0","0","0","0"
"4300","","HS 2007","Harmonized System 2007","Gabon","266'","2019","1","84123100'","  "," -- A mouvement rectiligne (cylindres)","84'","Nuclear reactors, boilers, machinery and mechanical appliances; parts thereof","8412'","Other engines and motors.","841231'"," -- Linear acting (cylinders)","8","1","R","0","0","","","","0","0","0","0","0","0"
"4301","","HS 2007","Harmonized System 2007","Gabon","266'","2019","1","84123900'","  "," -- Autres","84'","Nuclear reactors, boilers, machinery and mechanical appliances; parts thereof","8412'","Other engines and motors.","841239'"," -- Other","8","1","R","0","0","","","","0","0","0","0","0","0"
"4302","","HS 2007","Harmonized System 2007","Gabon","266'","2019","1","84128000'","  "," - Autres","84'","Nuclear reactors, boilers, machinery and mechanical appliances; parts thereof","8412'","Other engines and motors.","841280'"," - Other","8","1","R","0","0","","","","0","0","0","0","0","0"
"4303","","HS 2007","Harmonized System 2007","Gabon","266'","2019","1","84129000'","  "," - Parties","84'","Nuclear reactors, boilers, machinery and mechanical appliances; parts thereof","8412'","Other engines and motors.","841290'"," - Parts","8","1","R","0","0","","","","0","0","0","0","0","0"
"4304","","HS 2007","Harmonized System 2007","Gabon","266'","2019","1","84131100'","  "," -- Pompes pour la distribution de carburants ou de lubrifiants, des types utilis?s dans les stations-service ou les garages","84'","Nuclear reactors, boilers, machinery and mechanical appliances; parts thereof","8413'","Pumps for liquids, whether or not fitted with a measuring device; liquid elevators.","841311'"," -- Pumps for dispensing fuel or lubricants, of the type used in filling-stations or in garages","8","1","R","0","0","","","","0","0","0","0","0","0"
"4305","","HS 2007","Harmonized System 2007","Gabon","266'","2019","1","84131900'","  "," -- Autres","84'","Nuclear reactors, boilers, machinery and mechanical appliances; parts thereof","8413'","Pumps for liquids, whether or not fitted with a measuring device; liquid elevators.","841319'"," -- Other","8","1","R","0","0","","","","0","0","0","0","0","0"
"4306","","HS 2007","Harmonized System 2007","Gabon","266'","2019","1","84132000'","  "," - Pompes actionn?es ? la main, autres que celles des n?s 8413.11 ou 8413.19","84'","Nuclear reactors, boilers, machinery and mechanical appliances; parts thereof","8413'","Pumps for liquids, whether or not fitted with a measuring device; liquid elevators.","841320'"," - Hand pumps, other than those of subheading 8413.11 or 8413.19","8","1","R","0","0","","","","0","0","0","0","0","0"
"4307","","HS 2007","Harmonized System 2007","Gabon","266'","2019","1","84133000'","  "," - Pompes ? carburant, ? huile ou ? liquide de refroidissement pour moteurs ? allumage par ?tincelles ou par compression","84'","Nuclear reactors, boilers, machinery and mechanical appliances; parts thereof","8413'","Pumps for liquids, whether or not fitted with a measuring device; liquid elevators.","841330'"," - Fuel, lubricating or cooling medium pumps for internal combustion piston engines","8","1","R","0","0","","","","0","0","0","0","0","0"
"4308","","HS 2007","Harmonized System 2007","Gabon","266'","2019","1","84134000'","  "," - Pompes ? b?ton","84'","Nuclear reactors, boilers, machinery and mechanical appliances; parts thereof","8413'","Pumps for liquids, whether or not fitted with a measuring device; liquid elevators.","841340'"," - Concrete pumps","8","1","R","0","0","","","","0","0","0","0","0","0"
"4309","","HS 2007","Harmonized System 2007","Gabon","266'","2019","1","84135000'","  "," - Autres pompes volum?triques alternatives","84'","Nuclear reactors, boilers, machinery and mechanical appliances; parts thereof","8413'","Pumps for liquids, whether or not fitted with a measuring device; liquid elevators.","841350'"," - Other reciprocating positive displacement pumps","8","1","R","0","0","","","","0","0","0","0","0","0"
"4310","","HS 2007","Harmonized System 2007","Gabon","266'","2019","1","84136000'","  "," - Autres pompes volum?triques rotatives","84'","Nuclear reactors, boilers, machinery and mechanical appliances; parts thereof","8413'","Pumps for liquids, whether or not fitted with a measuring device; liquid elevators.","841360'"," - Other rotary positive displacement pumps","8","1","R","0","0","","","","0","0","0","0","0","0"
"4311","","HS 2007","Harmonized System 2007","Gabon","266'","2019","1","84137000'","  "," - Autres pompes centrifuges","84'","Nuclear reactors, boilers, machinery and mechanical appliances; parts thereof","8413'","Pumps for liquids, whether or not fitted with a measuring device; liquid elevators.","841370'"," - Other centrifugal pumps","8","1","R","0","0","","","","0","0","0","0","0","0"
"4312","","HS 2007","Harmonized System 2007","Gabon","266'","2019","1","84138100'","  "," -- Pompes","84'","Nuclear reactors, boilers, machinery and mechanical appliances; parts thereof","8413'","Pumps for liquids, whether or not fitted with a measuring device; liquid elevators.","841381'"," -- Pumps","8","1","R","0","0","","","","0","0","0","0","0","0"
"4313","","HS 2007","Harmonized System 2007","Gabon","266'","2019","1","84138200'","  "," -- El?vateurs ? liquides","84'","Nuclear reactors, boilers, machinery and mechanical appliances; parts thereof","8413'","Pumps for liquids, whether or not fitted with a measuring device; liquid elevators.","841382'"," -- Liquid elevators","8","1","R","0","0","","","","0","0","0","0","0","0"
"4314","","HS 2007","Harmonized System 2007","Gabon","266'","2019","1","84139100'","  "," -- De pompes","84'","Nuclear reactors, boilers, machinery and mechanical appliances; parts thereof","8413'","Pumps for liquids, whether or not fitted with a measuring device; liquid elevators.","841391'"," -- Of pumps","8","1","R","0","0","","","","0","0","0","0","0","0"
"4315","","HS 2007","Harmonized System 2007","Gabon","266'","2019","1","84139200'","  "," -- D'?l?vateurs ? liquides","84'","Nuclear reactors, boilers, machinery and mechanical appliances; parts thereof","8413'","Pumps for liquids, whether or not fitted with a measuring device; liquid elevators.","841392'"," -- Of liquid elevators","8","1","R","0","0","","","","0","0","0","0","0","0"
"4316","","HS 2007","Harmonized System 2007","Gabon","266'","2019","1","84141000'","  "," - Pompes ? vide","84'","Nuclear reactors, boilers, machinery and mechanical appliances; parts thereof","8414'","Air or vacuum pumps, air or other gas compressors and fans; ventilating or recycling hoods incorpora","841410'"," - Vacuum pumps","8","1","R","0","0","","","","0","0","0","0","0","0"
"4317","","HS 2007","Harmonized System 2007","Gabon","266'","2019","1","84142000'","  "," - Pompes ? air, ? main ou ? pied","84'","Nuclear reactors, boilers, machinery and mechanical appliances; parts thereof","8414'","Air or vacuum pumps, air or other gas compressors and fans; ventilating or recycling hoods incorpora","841420'"," - Hand- or foot-operated air pumps","8","1","R","0","0","","","","0","0","0","0","0","0"
"4318","","HS 2007","Harmonized System 2007","Gabon","266'","2019","1","84143000'","  "," - Compresseurs des types utilis?s dans les ?quipements frigorifiques","84'","Nuclear reactors, boilers, machinery and mechanical appliances; parts thereof","8414'","Air or vacuum pumps, air or other gas compressors and fans; ventilating or recycling hoods incorpora","841430'"," - Compressors of a kind used in refrigerating equipment","8","1","R","0","0","","","","0","0","0","0","0","0"
"4319","","HS 2007","Harmonized System 2007","Gabon","266'","2019","1","84144000'","  "," - Compresseurs d'air mont?s sur ch?ssis ? roues et remorquables","84'","Nuclear reactors, boilers, machinery and mechanical appliances; parts thereof","8414'","Air or vacuum pumps, air or other gas compressors and fans; ventilating or recycling hoods incorpora","841440'"," - Air compressors mounted on a wheeled chassis for towing","8","1","R","0","0","","","","0","0","0","0","0","0"
"4320","","HS 2007","Harmonized System 2007","Gabon","266'","2019","1","84145100'","  "," -- Ventilateurs de table, de sol, muraux, plafonniers, de toitures ou de fen?tres, ? moteur ?lectrique incorpor? d'une puissance n'exc?dant pas 125 W","84'","Nuclear reactors, boilers, machinery and mechanical appliances; parts thereof","8414'","Air or vacuum pumps, air or other gas compressors and fans; ventilating or recycling hoods incorpora","841451'"," -- Table, floor, wall, window, ceiling or roof fans, with a self-contained electric motor of an outp","8","1","R","0","0","","","","0","0","0","0","0","0"
"4321","","HS 2007","Harmonized System 2007","Gabon","266'","2019","1","84145900'","  "," -- Autres","84'","Nuclear reactors, boilers, machinery and mechanical appliances; parts thereof","8414'","Air or vacuum pumps, air or other gas compressors and fans; ventilating or recycling hoods incorpora","841459'"," -- Other","8","1","R","0","0","","","","0","0","0","0","0","0"
"4322","","HS 2007","Harmonized System 2007","Gabon","266'","2019","1","84146000'","  "," - Hottes dont le plus grand c?t? horizontal n'exc?de pas 120 cm","84'","Nuclear reactors, boilers, machinery and mechanical appliances; parts thereof","8414'","Air or vacuum pumps, air or other gas compressors and fans; ventilating or recycling hoods incorpora","841460'"," - Hoods having a maximum horizontal side not exceeding 120?cm","8","1","R","0","0","","","","0","0","0","0","0","0"
"4323","","HS 2007","Harmonized System 2007","Gabon","266'","2019","1","84148000'","  "," - Autres","84'","Nuclear reactors, boilers, machinery and mechanical appliances; parts thereof","8414'","Air or vacuum pumps, air or other gas compressors and fans; ventilating or recycling hoods incorpora","841480'"," - Other","8","1","R","0","0","","","","0","0","0","0","0","0"
"4324","","HS 2007","Harmonized System 2007","Gabon","266'","2019","1","84149000'","  "," - Parties","84'","Nuclear reactors, boilers, machinery and mechanical appliances; parts thereof","8414'","Air or vacuum pumps, air or other gas compressors and fans; ventilating or recycling hoods incorpora","841490'"," - Parts","8","1","R","0","0","","","","0","0","0","0","0","0"
"4325","","HS 2007","Harmonized System 2007","Gabon","266'","2019","1","84151000'","  "," - Du type mural ou pour fen?tres, formant un seul corps ou du type ??split-system?? (syst?mes ? ?l?ments s?par?s)","84'","Nuclear reactors, boilers, machinery and mechanical appliances; parts thereof","8415'","Air conditioning machines, comprising a motor-driven fan and elements for changing the temperature a","841510'"," - Window or wall types, self-contained or ?split-system?","8","1","R","0","0","","","","0","0","0","0","0","0"
"4326","","HS 2007","Harmonized System 2007","Gabon","266'","2019","1","84152000'","  "," - Du type de ceux utilis?s pour le confort des personnes dans les v?hicules automobiles","84'","Nuclear reactors, boilers, machinery and mechanical appliances; parts thereof","8415'","Air conditioning machines, comprising a motor-driven fan and elements for changing the temperature a","841520'"," - Of a kind used for persons, in motor vehicles","8","1","R","0","0","","","","0","0","0","0","0","0"
"4327","","HS 2007","Harmonized System 2007","Gabon","266'","2019","1","84158100'","  "," -- Avec dispositif de r?frig?ration et soupape d?inversion du cycle thermique (pompes ? chaleur r?versibles)","84'","Nuclear reactors, boilers, machinery and mechanical appliances; parts thereof","8415'","Air conditioning machines, comprising a motor-driven fan and elements for changing the temperature a","841581'"," -- Incorporating a refrigerating unit and a valve for reversal of the cooling/heat cycle (reversible","8","1","R","0","0","","","","0","0","0","0","0","0"
"4328","","HS 2007","Harmonized System 2007","Gabon","266'","2019","1","84158200'","  "," -- Autres, avec dispositif de r?frig?ration","84'","Nuclear reactors, boilers, machinery and mechanical appliances; parts thereof","8415'","Air conditioning machines, comprising a motor-driven fan and elements for changing the temperature a","841582'"," -- Other, incorporating a refrigerating unit","8","1","R","0","0","","","","0","0","0","0","0","0"
"4329","","HS 2007","Harmonized System 2007","Gabon","266'","2019","1","84158300'","  "," -- Sans dispositif de r?frig?ration","84'","Nuclear reactors, boilers, machinery and mechanical appliances; parts thereof","8415'","Air conditioning machines, comprising a motor-driven fan and elements for changing the temperature a","841583'"," -- Not incorporating a refrigerating unit","8","1","R","0","0","","","","0","0","0","0","0","0"
"4330","","HS 2007","Harmonized System 2007","Gabon","266'","2019","1","84159000'","  "," - Parties","84'","Nuclear reactors, boilers, machinery and mechanical appliances; parts thereof","8415'","Air conditioning machines, comprising a motor-driven fan and elements for changing the temperature a","841590'"," - Parts","8","1","R","0","0","","","","0","0","0","0","0","0"
"4331","","HS 2007","Harmonized System 2007","Gabon","266'","2019","1","84161000'","  "," - Br?leurs ? combustibles liquides","84'","Nuclear reactors, boilers, machinery and mechanical appliances; parts thereof","8416'","Furnace burners for liquid fuel, for pulverised solid fuel or for gas; mechanical stokers, including","841610'"," - Furnace burners for liquid fuel","8","1","R","0","0","","","","0","0","0","0","0","0"
"4332","","HS 2007","Harmonized System 2007","Gabon","266'","2019","1","84162000'","  "," - Autres br?leurs, y compris les br?leurs mixtes","84'","Nuclear reactors, boilers, machinery and mechanical appliances; parts thereof","8416'","Furnace burners for liquid fuel, for pulverised solid fuel or for gas; mechanical stokers, including","841620'"," - Other furnace burners, including combination burners","8","1","R","0","0","","","","0","0","0","0","0","0"
"4333","","HS 2007","Harmonized System 2007","Gabon","266'","2019","1","84163000'","  "," - Foyers automatiques, y compris leurs avant-foyers, leurs grilles m?caniques, leurs dispositifs m?caniques pour l'?vacuation des cendres et dispositifs similaires","84'","Nuclear reactors, boilers, machinery and mechanical appliances; parts thereof","8416'","Furnace burners for liquid fuel, for pulverised solid fuel or for gas; mechanical stokers, including","841630'"," - Mechanical stokers, including their mechanical grates, mechanical ash dischargers and similar appl","8","1","R","0","0","","","","0","0","0","0","0","0"
"4334","","HS 2007","Harmonized System 2007","Gabon","266'","2019","1","84169000'","  "," - Parties","84'","Nuclear reactors, boilers, machinery and mechanical appliances; parts thereof","8416'","Furnace burners for liquid fuel, for pulverised solid fuel or for gas; mechanical stokers, including","841690'"," - Parts","8","1","R","0","0","","","","0","0","0","0","0","0"
"4335","","HS 2007","Harmonized System 2007","Gabon","266'","2019","1","84171000'","  "," - Fours pour le grillage, la fusion ou autres traitements thermiques des minerais ou des m?taux","84'","Nuclear reactors, boilers, machinery and mechanical appliances; parts thereof","8417'","Industrial or laboratory furnaces and ovens, including incinerators, non-electric.","841710'"," - Furnaces and ovens for the roasting, melting or other heat-treatment of ores, pyrites or of metals","8","1","R","0","0","","","","0","0","0","0","0","0"
"4336","","HS 2007","Harmonized System 2007","Gabon","266'","2019","1","84172000'","  "," - Fours de boulangerie, de p?tisserie ou de biscuiterie","84'","Nuclear reactors, boilers, machinery and mechanical appliances; parts thereof","8417'","Industrial or laboratory furnaces and ovens, including incinerators, non-electric.","841720'"," - Bakery ovens, including biscuit ovens","8","1","R","0","0","","","","0","0","0","0","0","0"
"4337","","HS 2007","Harmonized System 2007","Gabon","266'","2019","1","84178000'","  "," - Autres","84'","Nuclear reactors, boilers, machinery and mechanical appliances; parts thereof","8417'","Industrial or laboratory furnaces and ovens, including incinerators, non-electric.","841780'"," - Other","8","1","R","0","0","","","","0","0","0","0","0","0"
"4338","","HS 2007","Harmonized System 2007","Gabon","266'","2019","1","84179000'","  "," - Parties","84'","Nuclear reactors, boilers, machinery and mechanical appliances; parts thereof","8417'","Industrial or laboratory furnaces and ovens, including incinerators, non-electric.","841790'"," - Parts","8","1","R","0","0","","","","0","0","0","0","0","0"
"4339","","HS 2007","Harmonized System 2007","Gabon","266'","2019","1","84181000'","  "," - Combinaisons de r?frig?rateurs et de cong?lateurs-conservateurs munis de portes ext?rieures s?par?es","84'","Nuclear reactors, boilers, machinery and mechanical appliances; parts thereof","8418'","Refrigerators, freezers and other refrigerating or freezing equipment, electric or other; heat pumps","841810'"," - Combined refrigerator-freezers, fitted with separate external doors","8","1","R","0","0","","","","0","0","0","0","0","0"
"4340","","HS 2007","Harmonized System 2007","Gabon","266'","2019","1","84182100'","  "," -- A compression","84'","Nuclear reactors, boilers, machinery and mechanical appliances; parts thereof","8418'","Refrigerators, freezers and other refrigerating or freezing equipment, electric or other; heat pumps","841821'"," -- Compression-type","8","1","R","0","0","","","","0","0","0","0","0","0"
"4341","","HS 2007","Harmonized System 2007","Gabon","266'","2019","1","84182900'","  "," -- Autres","84'","Nuclear reactors, boilers, machinery and mechanical appliances; parts thereof","8418'","Refrigerators, freezers and other refrigerating or freezing equipment, electric or other; heat pumps","841829'"," -- Other","8","1","R","0","0","","","","0","0","0","0","0","0"
"4342","","HS 2007","Harmonized System 2007","Gabon","266'","2019","1","84183000'","  "," - Meubles cong?lateurs-conservateurs du type coffre, d'une capacit? n'exc?dant pas 800 l","84'","Nuclear reactors, boilers, machinery and mechanical appliances; parts thereof","8418'","Refrigerators, freezers and other refrigerating or freezing equipment, electric or other; heat pumps","841830'"," - Freezers of the chest type, not exceeding 800 l capacity","8","1","R","0","0","","","","0","0","0","0","0","0"
"4343","","HS 2007","Harmonized System 2007","Gabon","266'","2019","1","84184000'","  "," - Meubles cong?lateurs-conservateurs du type armoire, d'une capacit? n'exc?dant pas 900 l","84'","Nuclear reactors, boilers, machinery and mechanical appliances; parts thereof","8418'","Refrigerators, freezers and other refrigerating or freezing equipment, electric or other; heat pumps","841840'"," - Freezers of the upright type, not exceeding 900 l capacity","8","1","R","0","0","","","","0","0","0","0","0","0"
"4344","","HS 2007","Harmonized System 2007","Gabon","266'","2019","1","84185000'","  "," - Autres meubles (coffres, armoires, vitrines, comptoirs et similaires), pour la conservation et l'exposition de produits, incorporant un ?quipement pour la production du froid","84'","Nuclear reactors, boilers, machinery and mechanical appliances; parts thereof","8418'","Refrigerators, freezers and other refrigerating or freezing equipment, electric or other; heat pumps","841850'"," - Other furniture (chests, cabinets, display counters, show-cases and the like) for storage and disp","8","1","R","0","0","","","","0","0","0","0","0","0"
"4345","","HS 2007","Harmonized System 2007","Gabon","266'","2019","1","84186100'","  "," -- Pompes ? chaleur autres que les machines et appareils pour le conditionnement de l'air du n? 84.15","84'","Nuclear reactors, boilers, machinery and mechanical appliances; parts thereof","8418'","Refrigerators, freezers and other refrigerating or freezing equipment, electric or other; heat pumps","841861'"," -- Heat pumps other than air conditioning machines of heading?84.15","8","1","R","0","0","","","","0","0","0","0","0","0"
"4346","","HS 2007","Harmonized System 2007","Gabon","266'","2019","1","84186900'","  "," -- Autres","84'","Nuclear reactors, boilers, machinery and mechanical appliances; parts thereof","8418'","Refrigerators, freezers and other refrigerating or freezing equipment, electric or other; heat pumps","841869'"," -- Other","8","1","R","0","0","","","","0","0","0","0","0","0"
"4347","","HS 2007","Harmonized System 2007","Gabon","266'","2019","1","84189100'","  "," -- Meubles con?us pour recevoir un ?quipement pour la production du froid","84'","Nuclear reactors, boilers, machinery and mechanical appliances; parts thereof","8418'","Refrigerators, freezers and other refrigerating or freezing equipment, electric or other; heat pumps","841891'"," -- Furniture designed to receive refrigerating or freezing equipment","8","1","R","0","0","","","","0","0","0","0","0","0"
"4348","","HS 2007","Harmonized System 2007","Gabon","266'","2019","1","84189910'","  "," condenseurs & ?vaporateurs pr machines etappareils pr production de froid","84'","Nuclear reactors, boilers, machinery and mechanical appliances; parts thereof","8418'","Refrigerators, freezers and other refrigerating or freezing equipment, electric or other; heat pumps","841899'"," -- Other","8","1","R","0","0","","","","0","0","0","0","0","0"
"4349","","HS 2007","Harmonized System 2007","Gabon","266'","2019","1","84189990'","  "," parties et pi?ces des appareils & machinesdu 8418 ndnca","84'","Nuclear reactors, boilers, machinery and mechanical appliances; parts thereof","8418'","Refrigerators, freezers and other refrigerating or freezing equipment, electric or other; heat pumps","841899'"," -- Other","8","1","R","0","0","","","","0","0","0","0","0","0"
"4350","","HS 2007","Harmonized System 2007","Gabon","266'","2019","1","84191100'","  "," -- A chauffage instantan?, ? gaz","84'","Nuclear reactors, boilers, machinery and mechanical appliances; parts thereof","8419'","Machinery, plant or laboratory equipment, whether or not electrically heated (excluding furnaces, ov","841911'"," -- Instantaneous gas water heaters","8","1","R","0","0","","","","0","0","0","0","0","0"
"4351","","HS 2007","Harmonized System 2007","Gabon","266'","2019","1","84191900'","  "," -- Autres","84'","Nuclear reactors, boilers, machinery and mechanical appliances; parts thereof","8419'","Machinery, plant or laboratory equipment, whether or not electrically heated (excluding furnaces, ov","841919'"," -- Other","8","1","R","0","0","","","","0","0","0","0","0","0"
"4352","","HS 2007","Harmonized System 2007","Gabon","266'","2019","1","84192000'","  "," - St?rilisateurs m?dico-chirurgicaux ou de laboratoires","84'","Nuclear reactors, boilers, machinery and mechanical appliances; parts thereof","8419'","Machinery, plant or laboratory equipment, whether or not electrically heated (excluding furnaces, ov","841920'"," - Medical, surgical or laboratory sterilisers","8","1","R","0","0","","","","0","0","0","0","0","0"
"4353","","HS 2007","Harmonized System 2007","Gabon","266'","2019","1","84193100'","  "," -- Pour produits agricoles","84'","Nuclear reactors, boilers, machinery and mechanical appliances; parts thereof","8419'","Machinery, plant or laboratory equipment, whether or not electrically heated (excluding furnaces, ov","841931'"," -- For agricultural products","8","1","R","0","0","","","","0","0","0","0","0","0"
"4354","","HS 2007","Harmonized System 2007","Gabon","266'","2019","1","84193210'","  "," s?choirs ?lectric pour le bois,les p?tes ?papier,papiers ou carton","84'","Nuclear reactors, boilers, machinery and mechanical appliances; parts thereof","8419'","Machinery, plant or laboratory equipment, whether or not electrically heated (excluding furnaces, ov","841932'"," -- For wood, paper pulp, paper or paperboard","8","1","R","0","0","","","","0","0","0","0","0","0"
"4355","","HS 2007","Harmonized System 2007","Gabon","266'","2019","1","84193290'","  "," s?choirs non ?lectric pour le bois,les p?tes ? papier, papiers ou cartons","84'","Nuclear reactors, boilers, machinery and mechanical appliances; parts thereof","8419'","Machinery, plant or laboratory equipment, whether or not electrically heated (excluding furnaces, ov","841932'"," -- For wood, paper pulp, paper or paperboard","8","1","R","0","0","","","","0","0","0","0","0","0"
"4356","","HS 2007","Harmonized System 2007","Gabon","266'","2019","1","84193910'","  "," appareils et dispositifs du 841939 ? chauffage ?lectrique","84'","Nuclear reactors, boilers, machinery and mechanical appliances; parts thereof","8419'","Machinery, plant or laboratory equipment, whether or not electrically heated (excluding furnaces, ov","841939'"," -- Other","8","1","R","0","0","","","","0","0","0","0","0","0"
"4357","","HS 2007","Harmonized System 2007","Gabon","266'","2019","1","84193990'","  "," appareils et dispositifs du 841939 ? chauffage non ?lectric","84'","Nuclear reactors, boilers, machinery and mechanical appliances; parts thereof","8419'","Machinery, plant or laboratory equipment, whether or not electrically heated (excluding furnaces, ov","841939'"," -- Other","8","1","R","0","0","","","","0","0","0","0","0","0"
"4358","","HS 2007","Harmonized System 2007","Gabon","266'","2019","1","84194000'","  "," - Appareils de distillation ou de rectification","84'","Nuclear reactors, boilers, machinery and mechanical appliances; parts thereof","8419'","Machinery, plant or laboratory equipment, whether or not electrically heated (excluding furnaces, ov","841940'"," - Distilling or rectifying plant","8","1","R","0","0","","","","0","0","0","0","0","0"
"4359","","HS 2007","Harmonized System 2007","Gabon","266'","2019","1","84195000'","  "," - Echangeurs de chaleur","84'","Nuclear reactors, boilers, machinery and mechanical appliances; parts thereof","8419'","Machinery, plant or laboratory equipment, whether or not electrically heated (excluding furnaces, ov","841950'"," - Heat exchange units","8","1","R","0","0","","","","0","0","0","0","0","0"
"4360","","HS 2007","Harmonized System 2007","Gabon","266'","2019","1","84196000'","  "," - Appareils et dispositifs pour la liqu?faction de l'air ou d'autres gaz","84'","Nuclear reactors, boilers, machinery and mechanical appliances; parts thereof","8419'","Machinery, plant or laboratory equipment, whether or not electrically heated (excluding furnaces, ov","841960'"," - Machinery for liquefying air or other gases","8","1","R","0","0","","","","0","0","0","0","0","0"
"4361","","HS 2007","Harmonized System 2007","Gabon","266'","2019","1","84198100'","  "," -- Pour la pr?paration de boissons chaudes ou la cuisson ou le chauffage des aliments","84'","Nuclear reactors, boilers, machinery and mechanical appliances; parts thereof","8419'","Machinery, plant or laboratory equipment, whether or not electrically heated (excluding furnaces, ov","841981'"," -- For making hot drinks or for cooking or heating food","8","1","R","0","0","","","","0","0","0","0","0","0"
"4362","","HS 2007","Harmonized System 2007","Gabon","266'","2019","1","84198921'","  "," appareils et dispositifs non ?lectrics pourl'industrie de sucre","84'","Nuclear reactors, boilers, machinery and mechanical appliances; parts thereof","8419'","Machinery, plant or laboratory equipment, whether or not electrically heated (excluding furnaces, ov","841989'"," -- Other","8","1","R","0","0","","","","0","0","0","0","0","0"
"4363","","HS 2007","Harmonized System 2007","Gabon","266'","2019","1","84198922'","  "," appareils et dispositifs non ?lectrics pourl'industrie de la minoterie","84'","Nuclear reactors, boilers, machinery and mechanical appliances; parts thereof","8419'","Machinery, plant or laboratory equipment, whether or not electrically heated (excluding furnaces, ov","841989'"," -- Other","8","1","R","0","0","","","","0","0","0","0","0","0"
"4364","","HS 2007","Harmonized System 2007","Gabon","266'","2019","1","84198923'","  "," Appareils et dispositifs non ?lectrics pourl'industrie de malterie et brasserie","84'","Nuclear reactors, boilers, machinery and mechanical appliances; parts thereof","8419'","Machinery, plant or laboratory equipment, whether or not electrically heated (excluding furnaces, ov","841989'"," -- Other","8","1","R","0","0","","","","0","0","0","0","0","0"
"4365","","HS 2007","Harmonized System 2007","Gabon","266'","2019","1","84198924'","  "," Appareils et dispositifs non ?lectrics pourl'indus de lait & traitmnt de ses produits","84'","Nuclear reactors, boilers, machinery and mechanical appliances; parts thereof","8419'","Machinery, plant or laboratory equipment, whether or not electrically heated (excluding furnaces, ov","841989'"," -- Other","8","1","R","0","0","","","","0","0","0","0","0","0"
"4366","","HS 2007","Harmonized System 2007","Gabon","266'","2019","1","84198925'","  "," Appareils et dispositifs non ?lectrics prpreparation des huiles et graisses altaires","84'","Nuclear reactors, boilers, machinery and mechanical appliances; parts thereof","8419'","Machinery, plant or laboratory equipment, whether or not electrically heated (excluding furnaces, ov","841989'"," -- Other","8","1","R","0","0","","","","0","0","0","0","0","0"
"4367","","HS 2007","Harmonized System 2007","Gabon","266'","2019","1","84198929'","  "," Appareils & dispositifs non electrics prl'indust.altaire autre que du 84198921 ? 25","84'","Nuclear reactors, boilers, machinery and mechanical appliances; parts thereof","8419'","Machinery, plant or laboratory equipment, whether or not electrically heated (excluding furnaces, ov","841989'"," -- Other","8","1","R","0","0","","","","0","0","0","0","0","0"
"4368","","HS 2007","Harmonized System 2007","Gabon","266'","2019","1","84198930'","  "," Appareils & dispositifs non ?lectrics pourl'industrie de caoutchouc","84'","Nuclear reactors, boilers, machinery and mechanical appliances; parts thereof","8419'","Machinery, plant or laboratory equipment, whether or not electrically heated (excluding furnaces, ov","841989'"," -- Other","8","1","R","0","0","","","","0","0","0","0","0","0"
"4369","","HS 2007","Harmonized System 2007","Gabon","266'","2019","1","84198940'","  "," Appareils & dispositifs non ?lectrics pourles industries de plastique","84'","Nuclear reactors, boilers, machinery and mechanical appliances; parts thereof","8419'","Machinery, plant or laboratory equipment, whether or not electrically heated (excluding furnaces, ov","841989'"," -- Other","8","1","R","0","0","","","","0","0","0","0","0","0"
"4370","","HS 2007","Harmonized System 2007","Gabon","266'","2019","1","84198950'","  "," Apparls,dispost.non elect.p.indust sav,stea pfum,pharmac,cleur,verni,enc,teint,pate cel","84'","Nuclear reactors, boilers, machinery and mechanical appliances; parts thereof","8419'","Machinery, plant or laboratory equipment, whether or not electrically heated (excluding furnaces, ov","841989'"," -- Other","8","1","R","0","0","","","","0","0","0","0","0","0"
"4371","","HS 2007","Harmonized System 2007","Gabon","266'","2019","1","84198990'","  "," Appareils & dispositifs non electriq du8419 autres que ceux du 84198921 ? 50que ceux","84'","Nuclear reactors, boilers, machinery and mechanical appliances; parts thereof","8419'","Machinery, plant or laboratory equipment, whether or not electrically heated (excluding furnaces, ov","841989'"," -- Other","8","1","R","0","0","","","","0","0","0","0","0","0"
"4372","","HS 2007","Harmonized System 2007","Gabon","266'","2019","1","84199000'","  "," - Parties","84'","Nuclear reactors, boilers, machinery and mechanical appliances; parts thereof","8419'","Machinery, plant or laboratory equipment, whether or not electrically heated (excluding furnaces, ov","841990'"," - Parts","8","1","R","0","0","","","","0","0","0","0","0","0"
"4373","","HS 2007","Harmonized System 2007","Gabon","266'","2019","1","84201000'","  "," - Calandres et laminoirs","84'","Nuclear reactors, boilers, machinery and mechanical appliances; parts thereof","8420'","Calendering or other rolling machines, other than for metals or glass, and cylinders therefor.","842010'"," - Calendering or other rolling machines","8","1","R","0","0","","","","0","0","0","0","0","0"
"4374","","HS 2007","Harmonized System 2007","Gabon","266'","2019","1","84209100'","  "," -- Cylindres","84'","Nuclear reactors, boilers, machinery and mechanical appliances; parts thereof","8420'","Calendering or other rolling machines, other than for metals or glass, and cylinders therefor.","842091'"," -- Cylinders","8","1","R","0","0","","","","0","0","0","0","0","0"
"4375","","HS 2007","Harmonized System 2007","Gabon","266'","2019","1","84209900'","  "," -- Autres","84'","Nuclear reactors, boilers, machinery and mechanical appliances; parts thereof","8420'","Calendering or other rolling machines, other than for metals or glass, and cylinders therefor.","842099'"," -- Other","8","1","R","0","0","","","","0","0","0","0","0","0"
"4376","","HS 2007","Harmonized System 2007","Gabon","266'","2019","1","84211100'","  "," -- Ecr?meuses","84'","Nuclear reactors, boilers, machinery and mechanical appliances; parts thereof","8421'","Centrifuges, including centrifugal dryers; filtering or purifying machinery and apparatus, for liqui","842111'"," -- Cream separators","8","1","R","0","0","","","","0","0","0","0","0","0"
"4377","","HS 2007","Harmonized System 2007","Gabon","266'","2019","1","84211200'","  "," -- Essoreuses ? linge","84'","Nuclear reactors, boilers, machinery and mechanical appliances; parts thereof","8421'","Centrifuges, including centrifugal dryers; filtering or purifying machinery and apparatus, for liqui","842112'"," -- Clothes-dryers","8","1","R","0","0","","","","0","0","0","0","0","0"
"4378","","HS 2007","Harmonized System 2007","Gabon","266'","2019","1","84211900'","  "," -- Autres","84'","Nuclear reactors, boilers, machinery and mechanical appliances; parts thereof","8421'","Centrifuges, including centrifugal dryers; filtering or purifying machinery and apparatus, for liqui","842119'"," -- Other","8","1","R","0","0","","","","0","0","0","0","0","0"
"4379","","HS 2007","Harmonized System 2007","Gabon","266'","2019","1","84212100'","  "," -- Pour la filtration ou l'?puration des eaux","84'","Nuclear reactors, boilers, machinery and mechanical appliances; parts thereof","8421'","Centrifuges, including centrifugal dryers; filtering or purifying machinery and apparatus, for liqui","842121'"," -- For filtering or purifying water","8","1","R","0","0","","","","0","0","0","0","0","0"
"4380","","HS 2007","Harmonized System 2007","Gabon","266'","2019","1","84212200'","  "," -- Pour la filtration ou l'?puration des boissons autres que l'eau","84'","Nuclear reactors, boilers, machinery and mechanical appliances; parts thereof","8421'","Centrifuges, including centrifugal dryers; filtering or purifying machinery and apparatus, for liqui","842122'"," -- For filtering or purifying beverages other than water","8","1","R","0","0","","","","0","0","0","0","0","0"
"4381","","HS 2007","Harmonized System 2007","Gabon","266'","2019","1","84212300'","  "," -- Pour la filtration des huiles min?rales dans les moteurs ? allumage par ?tincelles ou par compression","84'","Nuclear reactors, boilers, machinery and mechanical appliances; parts thereof","8421'","Centrifuges, including centrifugal dryers; filtering or purifying machinery and apparatus, for liqui","842123'"," -- Oil or petrol-filters for internal combustion engines","8","1","R","0","0","","","","0","0","0","0","0","0"
"4382","","HS 2007","Harmonized System 2007","Gabon","266'","2019","1","84212900'","  "," -- Autres","84'","Nuclear reactors, boilers, machinery and mechanical appliances; parts thereof","8421'","Centrifuges, including centrifugal dryers; filtering or purifying machinery and apparatus, for liqui","842129'"," -- Other","8","1","R","0","0","","","","0","0","0","0","0","0"
"4383","","HS 2007","Harmonized System 2007","Gabon","266'","2019","1","84213100'","  "," -- Filtres d'entr?e d'air pour moteurs ? allumage par ?tincelles ou par compression","84'","Nuclear reactors, boilers, machinery and mechanical appliances; parts thereof","8421'","Centrifuges, including centrifugal dryers; filtering or purifying machinery and apparatus, for liqui","842131'"," -- Intake air filters for internal combustion engines","8","1","R","0","0","","","","0","0","0","0","0","0"
"4384","","HS 2007","Harmonized System 2007","Gabon","266'","2019","1","84213900'","  "," -- Autres","84'","Nuclear reactors, boilers, machinery and mechanical appliances; parts thereof","8421'","Centrifuges, including centrifugal dryers; filtering or purifying machinery and apparatus, for liqui","842139'"," -- Other","8","1","R","0","0","","","","0","0","0","0","0","0"
"4385","","HS 2007","Harmonized System 2007","Gabon","266'","2019","1","84219100'","  "," -- De centrifugeuses, y compris d'essoreuses centrifuges","84'","Nuclear reactors, boilers, machinery and mechanical appliances; parts thereof","8421'","Centrifuges, including centrifugal dryers; filtering or purifying machinery and apparatus, for liqui","842191'"," -- Of centrifuges, including centrifugal dryers","8","1","R","0","0","","","","0","0","0","0","0","0"
"4386","","HS 2007","Harmonized System 2007","Gabon","266'","2019","1","84219900'","  "," -- Autres","84'","Nuclear reactors, boilers, machinery and mechanical appliances; parts thereof","8421'","Centrifuges, including centrifugal dryers; filtering or purifying machinery and apparatus, for liqui","842199'"," -- Other","8","1","R","0","0","","","","0","0","0","0","0","0"
"4387","","HS 2007","Harmonized System 2007","Gabon","266'","2019","1","84221100'","  "," -- De type m?nager","84'","Nuclear reactors, boilers, machinery and mechanical appliances; parts thereof","8422'","Dish washing machines; machinery for cleaning or drying bottles or other containers; machinery for f","842211'"," -- Of the household type","8","1","R","0","0","","","","0","0","0","0","0","0"
"4388","","HS 2007","Harmonized System 2007","Gabon","266'","2019","1","84221900'","  "," -- Autres","84'","Nuclear reactors, boilers, machinery and mechanical appliances; parts thereof","8422'","Dish washing machines; machinery for cleaning or drying bottles or other containers; machinery for f","842219'"," -- Other","8","1","R","0","0","","","","0","0","0","0","0","0"
"4389","","HS 2007","Harmonized System 2007","Gabon","266'","2019","1","84222000'","  "," - Machines et appareils servant ? nettoyer ou ? s?cher les bouteilles ou autres r?cipients","84'","Nuclear reactors, boilers, machinery and mechanical appliances; parts thereof","8422'","Dish washing machines; machinery for cleaning or drying bottles or other containers; machinery for f","842220'"," - Machinery for cleaning or drying bottles or other containers","8","1","R","0","0","","","","0","0","0","0","0","0"
"4390","","HS 2007","Harmonized System 2007","Gabon","266'","2019","1","84223000'","  "," - Machines et appareils ? remplir, fermer, boucher ou ?tiqueter les bouteilles, bo?tes, sacs ou autres contenants; machines et appareils ? capsuler les bouteilles, pots, tubes et contenants analogues; machines et appareils ? gaz?ifier les boisso","84'","Nuclear reactors, boilers, machinery and mechanical appliances; parts thereof","8422'","Dish washing machines; machinery for cleaning or drying bottles or other containers; machinery for f","842230'"," - Machinery for filling, closing, sealing, or labelling bottles, cans, boxes, bags or other containe","8","1","R","0","0","","","","0","0","0","0","0","0"
"4391","","HS 2007","Harmonized System 2007","Gabon","266'","2019","1","84224000'","  "," - Autres machines et appareils ? empaqueter ou ? emballer les marchandises (y compris les machines et appareils ? emballer sous film thermor?tractable)","84'","Nuclear reactors, boilers, machinery and mechanical appliances; parts thereof","8422'","Dish washing machines; machinery for cleaning or drying bottles or other containers; machinery for f","842240'"," - Other packing or wrapping machinery (including heat-shrink wrapping machinery)","8","1","R","0","0","","","","0","0","0","0","0","0"
"4392","","HS 2007","Harmonized System 2007","Gabon","266'","2019","1","84229000'","  "," - Parties","84'","Nuclear reactors, boilers, machinery and mechanical appliances; parts thereof","8422'","Dish washing machines; machinery for cleaning or drying bottles or other containers; machinery for f","842290'"," - Parts","8","1","R","0","0","","","","0","0","0","0","0","0"
"4393","","HS 2007","Harmonized System 2007","Gabon","266'","2019","1","84231000'","  "," - P?se-personnes, y compris les p?se-b?b?s; balances de m?nage","84'","Nuclear reactors, boilers, machinery and mechanical appliances; parts thereof","8423'","Weighing machinery (excluding balances of a sensitivity of 5?cg or better), including weight operate","842310'"," - Personal weighing machines, including baby scales; household scales","8","1","R","0","0","","","","0","0","0","0","0","0"
"4394","","HS 2007","Harmonized System 2007","Gabon","266'","2019","1","84232000'","  "," - Bascules ? pesage continu sur transporteurs","84'","Nuclear reactors, boilers, machinery and mechanical appliances; parts thereof","8423'","Weighing machinery (excluding balances of a sensitivity of 5?cg or better), including weight operate","842320'"," - Scales for continuous weighing of goods on conveyors","8","1","R","0","0","","","","0","0","0","0","0","0"
"4395","","HS 2007","Harmonized System 2007","Gabon","266'","2019","1","84233000'","  "," - Bascules ? pes?es constantes et balances et bascules ensacheuses ou doseuses","84'","Nuclear reactors, boilers, machinery and mechanical appliances; parts thereof","8423'","Weighing machinery (excluding balances of a sensitivity of 5?cg or better), including weight operate","842330'"," - Constant weight scales and scales for discharging a predetermined weight of material into a bag or","8","1","R","0","0","","","","0","0","0","0","0","0"
"4396","","HS 2007","Harmonized System 2007","Gabon","266'","2019","1","84238100'","  "," -- D'une port?e n'exc?dant pas 30 kg","84'","Nuclear reactors, boilers, machinery and mechanical appliances; parts thereof","8423'","Weighing machinery (excluding balances of a sensitivity of 5?cg or better), including weight operate","842381'"," -- Having a maximum weighing capacity not exceeding 30 kg","8","1","R","0","0","","","","0","0","0","0","0","0"
"4397","","HS 2007","Harmonized System 2007","Gabon","266'","2019","1","84238200'","  "," -- D'une port?e exc?dant 30 kg mais n'exc?dant pas 5.000 kg","84'","Nuclear reactors, boilers, machinery and mechanical appliances; parts thereof","8423'","Weighing machinery (excluding balances of a sensitivity of 5?cg or better), including weight operate","842382'"," -- Having a maximum weighing capacity exceeding 30 kg but not exceeding 5,000 kg","8","1","R","0","0","","","","0","0","0","0","0","0"
"4398","","HS 2007","Harmonized System 2007","Gabon","266'","2019","1","84238900'","  "," -- Autres","84'","Nuclear reactors, boilers, machinery and mechanical appliances; parts thereof","8423'","Weighing machinery (excluding balances of a sensitivity of 5?cg or better), including weight operate","842389'"," -- Other","8","1","R","0","0","","","","0","0","0","0","0","0"
"4399","","HS 2007","Harmonized System 2007","Gabon","266'","2019","1","84239000'","  "," - Poids pour toutes balances; parties d'appareils ou instruments de pesage","84'","Nuclear reactors, boilers, machinery and mechanical appliances; parts thereof","8423'","Weighing machinery (excluding balances of a sensitivity of 5?cg or better), including weight operate","842390'"," - Weighing machine weights of all kinds; parts of weighing machinery","8","1","R","0","0","","","","0","0","0","0","0","0"
"4400","","HS 2007","Harmonized System 2007","Gabon","266'","2019","1","84241000'","  "," - Extincteurs, m?me charg?s","84'","Nuclear reactors, boilers, machinery and mechanical appliances; parts thereof","8424'","Mechanical appliances (whether or not hand-operated) for projecting, dispersing or spraying liquids ","842410'"," - Fire extinguishers, whether or not charged","8","1","R","0","0","","","","0","0","0","0","0","0"
"4401","","HS 2007","Harmonized System 2007","Gabon","266'","2019","1","84242000'","  "," - Pistolets a?rographes et appareils similaires","84'","Nuclear reactors, boilers, machinery and mechanical appliances; parts thereof","8424'","Mechanical appliances (whether or not hand-operated) for projecting, dispersing or spraying liquids ","842420'"," - Spray guns and similar appliances","8","1","R","0","0","","","","0","0","0","0","0","0"
"4402","","HS 2007","Harmonized System 2007","Gabon","266'","2019","1","84243000'","  "," - Machines et appareils ? jet de sable, ? jet de vapeur et appareils ? jet similaires","84'","Nuclear reactors, boilers, machinery and mechanical appliances; parts thereof","8424'","Mechanical appliances (whether or not hand-operated) for projecting, dispersing or spraying liquids ","842430'"," - Steam or sand blasting machines and similar jet projecting machines","8","1","R","0","0","","","","0","0","0","0","0","0"
"4403","","HS 2007","Harmonized System 2007","Gabon","266'","2019","1","84248110'","  "," Appareils ? moteur pour l'agriculture oul'horiculture","84'","Nuclear reactors, boilers, machinery and mechanical appliances; parts thereof","8424'","Mechanical appliances (whether or not hand-operated) for projecting, dispersing or spraying liquids ","842481'"," -- Agricultural or horticultural","8","1","R","0","0","","","","0","0","0","0","0","0"
"4404","","HS 2007","Harmonized System 2007","Gabon","266'","2019","1","84248190'","  "," appareils m?caniques du 842481 pr agricul. ou l'horticulture m?me ? main","84'","Nuclear reactors, boilers, machinery and mechanical appliances; parts thereof","8424'","Mechanical appliances (whether or not hand-operated) for projecting, dispersing or spraying liquids ","842481'"," -- Agricultural or horticultural","8","1","R","0","0","","","","0","0","0","0","0","0"
"4405","","HS 2007","Harmonized System 2007","Gabon","266'","2019","1","84248910'","  "," Appareils du 8424 ? moteur autres que ceuxdu 842410 ? 842481","84'","Nuclear reactors, boilers, machinery and mechanical appliances; parts thereof","8424'","Mechanical appliances (whether or not hand-operated) for projecting, dispersing or spraying liquids ","842489'"," -- Other","8","1","R","0","0","","","","0","0","0","0","0","0"
"4406","","HS 2007","Harmonized System 2007","Gabon","266'","2019","1","84248990'","  "," appareils m?caniques du 8424 ? l'exclusionde ceux du 842410 ? 84248910","84'","Nuclear reactors, boilers, machinery and mechanical appliances; parts thereof","8424'","Mechanical appliances (whether or not hand-operated) for projecting, dispersing or spraying liquids ","842489'"," -- Other","8","1","R","0","0","","","","0","0","0","0","0","0"
"4407","","HS 2007","Harmonized System 2007","Gabon","266'","2019","1","84249000'","  "," - Parties","84'","Nuclear reactors, boilers, machinery and mechanical appliances; parts thereof","8424'","Mechanical appliances (whether or not hand-operated) for projecting, dispersing or spraying liquids ","842490'"," - Parts","8","1","R","0","0","","","","0","0","0","0","0","0"
"4408","","HS 2007","Harmonized System 2007","Gabon","266'","2019","1","84251100'","  "," -- A moteur ?lectrique","84'","Nuclear reactors, boilers, machinery and mechanical appliances; parts thereof","8425'","Pulley tackle and hoists other than skip hoists; winches and capstans; jacks.","842511'"," -- Powered by electric motor","8","1","R","0","0","","","","0","0","0","0","0","0"
"4409","","HS 2007","Harmonized System 2007","Gabon","266'","2019","1","84251900'","  "," -- Autres","84'","Nuclear reactors, boilers, machinery and mechanical appliances; parts thereof","8425'","Pulley tackle and hoists other than skip hoists; winches and capstans; jacks.","842519'"," -- Other","8","1","R","0","0","","","","0","0","0","0","0","0"
"4410","","HS 2007","Harmonized System 2007","Gabon","266'","2019","1","84253100'","  "," -- A moteur ?lectrique","84'","Nuclear reactors, boilers, machinery and mechanical appliances; parts thereof","8425'","Pulley tackle and hoists other than skip hoists; winches and capstans; jacks.","842531'"," -- Powered by electric motor","8","1","R","0","0","","","","0","0","0","0","0","0"
"4411","","HS 2007","Harmonized System 2007","Gabon","266'","2019","1","84253900'","  "," -- Autres","84'","Nuclear reactors, boilers, machinery and mechanical appliances; parts thereof","8425'","Pulley tackle and hoists other than skip hoists; winches and capstans; jacks.","842539'"," -- Other","8","1","R","0","0","","","","0","0","0","0","0","0"
"4412","","HS 2007","Harmonized System 2007","Gabon","266'","2019","1","84254100'","  "," -- El?vateurs fixes de voitures pour garages","84'","Nuclear reactors, boilers, machinery and mechanical appliances; parts thereof","8425'","Pulley tackle and hoists other than skip hoists; winches and capstans; jacks.","842541'"," -- Built-in jacking systems of a type used in garages","8","1","R","0","0","","","","0","0","0","0","0","0"
"4413","","HS 2007","Harmonized System 2007","Gabon","266'","2019","1","84254200'","  "," -- Autres crics et v?rins, hydrauliques","84'","Nuclear reactors, boilers, machinery and mechanical appliances; parts thereof","8425'","Pulley tackle and hoists other than skip hoists; winches and capstans; jacks.","842542'"," -- Other jacks and hoists, hydraulic","8","1","R","0","0","","","","0","0","0","0","0","0"
"4414","","HS 2007","Harmonized System 2007","Gabon","266'","2019","1","84254910'","  "," Crics et verins pneumatiques","84'","Nuclear reactors, boilers, machinery and mechanical appliances; parts thereof","8425'","Pulley tackle and hoists other than skip hoists; winches and capstans; jacks.","842549'"," -- Other","8","1","R","0","0","","","","0","0","0","0","0","0"
"4415","","HS 2007","Harmonized System 2007","Gabon","266'","2019","1","84254990'","  "," Crics et verins du 8425 ? l'exclusion de ceux du 842511 ? 84254910","84'","Nuclear reactors, boilers, machinery and mechanical appliances; parts thereof","8425'","Pulley tackle and hoists other than skip hoists; winches and capstans; jacks.","842549'"," -- Other","8","1","R","0","0","","","","0","0","0","0","0","0"
"4416","","HS 2007","Harmonized System 2007","Gabon","266'","2019","1","84261100'","  "," -- Ponts roulants et poutres roulantes, sur supports fixes","84'","Nuclear reactors, boilers, machinery and mechanical appliances; parts thereof","8426'","Ships' derricks; cranes, including cable cranes; mobile lifting frames, straddle carriers and works ","842611'"," -- Overhead travelling cranes on fixed support","8","1","R","0","0","","","","0","0","0","0","0","0"
"4417","","HS 2007","Harmonized System 2007","Gabon","266'","2019","1","84261210'","  "," chariots-cavaliers","84'","Nuclear reactors, boilers, machinery and mechanical appliances; parts thereof","8426'","Ships' derricks; cranes, including cable cranes; mobile lifting frames, straddle carriers and works ","842612'"," -- Mobile lifting frames on tyres and straddle carriers","8","1","R","0","0","","","","0","0","0","0","0","0"
"4418","","HS 2007","Harmonized System 2007","Gabon","266'","2019","1","84261290'","  "," portiques mobiles sur pneumatiques","84'","Nuclear reactors, boilers, machinery and mechanical appliances; parts thereof","8426'","Ships' derricks; cranes, including cable cranes; mobile lifting frames, straddle carriers and works ","842612'"," -- Mobile lifting frames on tyres and straddle carriers","8","1","R","0","0","","","","0","0","0","0","0","0"
"4419","","HS 2007","Harmonized System 2007","Gabon","266'","2019","1","84261900'","  "," -- Autres","84'","Nuclear reactors, boilers, machinery and mechanical appliances; parts thereof","8426'","Ships' derricks; cranes, including cable cranes; mobile lifting frames, straddle carriers and works ","842619'"," -- Other","8","1","R","0","0","","","","0","0","0","0","0","0"
"4420","","HS 2007","Harmonized System 2007","Gabon","266'","2019","1","84262000'","  "," - Grues ? tour","84'","Nuclear reactors, boilers, machinery and mechanical appliances; parts thereof","8426'","Ships' derricks; cranes, including cable cranes; mobile lifting frames, straddle carriers and works ","842620'"," - Tower cranes","8","1","R","0","0","","","","0","0","0","0","0","0"
"4421","","HS 2007","Harmonized System 2007","Gabon","266'","2019","1","84263000'","  "," - Grues sur portiques","84'","Nuclear reactors, boilers, machinery and mechanical appliances; parts thereof","8426'","Ships' derricks; cranes, including cable cranes; mobile lifting frames, straddle carriers and works ","842630'"," - Portal or pedestal jib cranes","8","1","R","0","0","","","","0","0","0","0","0","0"
"4422","","HS 2007","Harmonized System 2007","Gabon","266'","2019","1","84264110'","  "," chariots-grues","84'","Nuclear reactors, boilers, machinery and mechanical appliances; parts thereof","8426'","Ships' derricks; cranes, including cable cranes; mobile lifting frames, straddle carriers and works ","842641'"," -- On tyres","8","1","R","0","0","","","","0","0","0","0","0","0"
"4423","","HS 2007","Harmonized System 2007","Gabon","266'","2019","1","84264190'","  "," machines& appareils autopropuls?s surpneumatiques de levage autres que 84264110","84'","Nuclear reactors, boilers, machinery and mechanical appliances; parts thereof","8426'","Ships' derricks; cranes, including cable cranes; mobile lifting frames, straddle carriers and works ","842641'"," -- On tyres","8","1","R","0","0","","","","0","0","0","0","0","0"
"4424","","HS 2007","Harmonized System 2007","Gabon","266'","2019","1","84264900'","  "," -- Autres","84'","Nuclear reactors, boilers, machinery and mechanical appliances; parts thereof","8426'","Ships' derricks; cranes, including cable cranes; mobile lifting frames, straddle carriers and works ","842649'"," -- Other","8","1","R","0","0","","","","0","0","0","0","0","0"
"4425","","HS 2007","Harmonized System 2007","Gabon","266'","2019","1","84269100'","  "," -- Con?us pour ?tre mont?s sur un v?hicule routier","84'","Nuclear reactors, boilers, machinery and mechanical appliances; parts thereof","8426'","Ships' derricks; cranes, including cable cranes; mobile lifting frames, straddle carriers and works ","842691'"," -- Designed for mounting on road vehicles","8","1","R","0","0","","","","0","0","0","0","0","0"
"4426","","HS 2007","Harmonized System 2007","Gabon","266'","2019","1","84269900'","  "," -- Autres","84'","Nuclear reactors, boilers, machinery and mechanical appliances; parts thereof","8426'","Ships' derricks; cranes, including cable cranes; mobile lifting frames, straddle carriers and works ","842699'"," -- Other","8","1","R","0","0","","","","0","0","0","0","0","0"
"4427","","HS 2007","Harmonized System 2007","Gabon","266'","2019","1","84271000'","  "," - Chariots autopropuls?s ? moteur ?lectrique","84'","Nuclear reactors, boilers, machinery and mechanical appliances; parts thereof","8427'","Fork-lift trucks; other works trucks fitted with lifting or handling equipment.","842710'"," - Self-propelled trucks powered by an electric motor","8","1","R","0","0","","","","0","0","0","0","0","0"
"4428","","HS 2007","Harmonized System 2007","Gabon","266'","2019","1","84272000'","  "," - Autres chariots autopropuls?s","84'","Nuclear reactors, boilers, machinery and mechanical appliances; parts thereof","8427'","Fork-lift trucks; other works trucks fitted with lifting or handling equipment.","842720'"," - Other self-propelled trucks","8","1","R","0","0","","","","0","0","0","0","0","0"
"4429","","HS 2007","Harmonized System 2007","Gabon","266'","2019","1","84279000'","  "," - Autres chariots","84'","Nuclear reactors, boilers, machinery and mechanical appliances; parts thereof","8427'","Fork-lift trucks; other works trucks fitted with lifting or handling equipment.","842790'"," - Other trucks","8","1","R","0","0","","","","0","0","0","0","0","0"
"4430","","HS 2007","Harmonized System 2007","Gabon","266'","2019","1","84281000'","  "," - Ascenseurs et monte-charge","84'","Nuclear reactors, boilers, machinery and mechanical appliances; parts thereof","8428'","Other lifting, handling, loading or unloading machinery (for example, lifts, escalators, conveyors, ","842810'"," - Lifts and skip hoists","8","1","R","0","0","","","","0","0","0","0","0","0"
"4431","","HS 2007","Harmonized System 2007","Gabon","266'","2019","1","84282000'","  "," - Appareils ?l?vateurs ou transporteurs, pneumatiques","84'","Nuclear reactors, boilers, machinery and mechanical appliances; parts thereof","8428'","Other lifting, handling, loading or unloading machinery (for example, lifts, escalators, conveyors, ","842820'"," - Pneumatic elevators and conveyors","8","1","R","0","0","","","","0","0","0","0","0","0"
"4432","","HS 2007","Harmonized System 2007","Gabon","266'","2019","1","84283100'","  "," -- Sp?cialement con?us pour mines au fond ou pour autres travaux souterrains","84'","Nuclear reactors, boilers, machinery and mechanical appliances; parts thereof","8428'","Other lifting, handling, loading or unloading machinery (for example, lifts, escalators, conveyors, ","842831'"," -- Specially designed for underground use","8","1","R","0","0","","","","0","0","0","0","0","0"
"4433","","HS 2007","Harmonized System 2007","Gabon","266'","2019","1","84283200'","  "," -- Autres, ? benne","84'","Nuclear reactors, boilers, machinery and mechanical appliances; parts thereof","8428'","Other lifting, handling, loading or unloading machinery (for example, lifts, escalators, conveyors, ","842832'"," -- Other, bucket type","8","1","R","0","0","","","","0","0","0","0","0","0"
"4434","","HS 2007","Harmonized System 2007","Gabon","266'","2019","1","84283300'","  "," -- Autres, ? bande ou ? courroie","84'","Nuclear reactors, boilers, machinery and mechanical appliances; parts thereof","8428'","Other lifting, handling, loading or unloading machinery (for example, lifts, escalators, conveyors, ","842833'"," -- Other, belt type","8","1","R","0","0","","","","0","0","0","0","0","0"
"4435","","HS 2007","Harmonized System 2007","Gabon","266'","2019","1","84283900'","  "," -- Autres","84'","Nuclear reactors, boilers, machinery and mechanical appliances; parts thereof","8428'","Other lifting, handling, loading or unloading machinery (for example, lifts, escalators, conveyors, ","842839'"," -- Other","8","1","R","0","0","","","","0","0","0","0","0","0"
"4436","","HS 2007","Harmonized System 2007","Gabon","266'","2019","1","84284000'","  "," - Escaliers m?caniques et trottoirs roulants","84'","Nuclear reactors, boilers, machinery and mechanical appliances; parts thereof","8428'","Other lifting, handling, loading or unloading machinery (for example, lifts, escalators, conveyors, ","842840'"," - Escalators and moving walkways","8","1","R","0","0","","","","0","0","0","0","0","0"
"4437","","HS 2007","Harmonized System 2007","Gabon","266'","2019","1","84286000'","  "," - T?l?ph?riques (y compris les t?l?si?ges et remonte-pentes); m?canismes de traction pour funiculaires","84'","Nuclear reactors, boilers, machinery and mechanical appliances; parts thereof","8428'","Other lifting, handling, loading or unloading machinery (for example, lifts, escalators, conveyors, ","842860'"," - Teleferics, chair-lifts, ski-draglines; traction mechanisms for funiculars","8","1","R","0","0","","","","0","0","0","0","0","0"
"4438","","HS 2007","Harmonized System 2007","Gabon","266'","2019","1","84289000'","  "," - Autres machines et appareils","84'","Nuclear reactors, boilers, machinery and mechanical appliances; parts thereof","8428'","Other lifting, handling, loading or unloading machinery (for example, lifts, escalators, conveyors, ","842890'"," - Other machinery","8","1","R","0","0","","","","0","0","0","0","0","0"
"4439","","HS 2007","Harmonized System 2007","Gabon","266'","2019","1","84291100'","  "," -- A chenilles","84'","Nuclear reactors, boilers, machinery and mechanical appliances; parts thereof","8429'","Self-propelled bulldozers, angledozers, graders, levellers, scrapers, mechanical shovels, excavators","842911'"," -- Track laying","8","1","R","0","0","","","","0","0","0","0","0","0"
"4440","","HS 2007","Harmonized System 2007","Gabon","266'","2019","1","84291900'","  "," -- Autres","84'","Nuclear reactors, boilers, machinery and mechanical appliances; parts thereof","8429'","Self-propelled bulldozers, angledozers, graders, levellers, scrapers, mechanical shovels, excavators","842919'"," -- Other","8","1","R","0","0","","","","0","0","0","0","0","0"
"4441","","HS 2007","Harmonized System 2007","Gabon","266'","2019","1","84292000'","  "," - Niveleuses","84'","Nuclear reactors, boilers, machinery and mechanical appliances; parts thereof","8429'","Self-propelled bulldozers, angledozers, graders, levellers, scrapers, mechanical shovels, excavators","842920'"," - Graders and levellers","8","1","R","0","0","","","","0","0","0","0","0","0"
"4442","","HS 2007","Harmonized System 2007","Gabon","266'","2019","1","84293000'","  "," - D?capeuses","84'","Nuclear reactors, boilers, machinery and mechanical appliances; parts thereof","8429'","Self-propelled bulldozers, angledozers, graders, levellers, scrapers, mechanical shovels, excavators","842930'"," - Scrapers","8","1","R","0","0","","","","0","0","0","0","0","0"
"4443","","HS 2007","Harmonized System 2007","Gabon","266'","2019","1","84294010'","  "," rouleaux compresseurs","84'","Nuclear reactors, boilers, machinery and mechanical appliances; parts thereof","8429'","Self-propelled bulldozers, angledozers, graders, levellers, scrapers, mechanical shovels, excavators","842940'"," - Tamping machines and road rollers","8","1","R","0","0","","","","0","0","0","0","0","0"
"4444","","HS 2007","Harmonized System 2007","Gabon","266'","2019","1","84294090'","  "," compacteuses & engins similaires ndca","84'","Nuclear reactors, boilers, machinery and mechanical appliances; parts thereof","8429'","Self-propelled bulldozers, angledozers, graders, levellers, scrapers, mechanical shovels, excavators","842940'"," - Tamping machines and road rollers","8","1","R","0","0","","","","0","0","0","0","0","0"
"4445","","HS 2007","Harmonized System 2007","Gabon","266'","2019","1","84295100'","  "," -- Chargeuses et chargeuses-pelleteuses ? chargement frontal","84'","Nuclear reactors, boilers, machinery and mechanical appliances; parts thereof","8429'","Self-propelled bulldozers, angledozers, graders, levellers, scrapers, mechanical shovels, excavators","842951'"," -- Front-end shovel loaders","8","1","R","0","0","","","","0","0","0","0","0","0"
"4446","","HS 2007","Harmonized System 2007","Gabon","266'","2019","1","84295200'","  "," -- Engins dont la superstructure peut effectuer une rotation de 360?","84'","Nuclear reactors, boilers, machinery and mechanical appliances; parts thereof","8429'","Self-propelled bulldozers, angledozers, graders, levellers, scrapers, mechanical shovels, excavators","842952'"," -- Machinery with a 360? revolving superstructure","8","1","R","0","0","","","","0","0","0","0","0","0"
"4447","","HS 2007","Harmonized System 2007","Gabon","266'","2019","1","84295900'","  "," -- Autres","84'","Nuclear reactors, boilers, machinery and mechanical appliances; parts thereof","8429'","Self-propelled bulldozers, angledozers, graders, levellers, scrapers, mechanical shovels, excavators","842959'"," -- Other","8","1","R","0","0","","","","0","0","0","0","0","0"
"4448","","HS 2007","Harmonized System 2007","Gabon","266'","2019","1","84301000'","  "," - Sonnettes de battage et machines pour l'arrachage des pieux","84'","Nuclear reactors, boilers, machinery and mechanical appliances; parts thereof","8430'","Other moving, grading, levelling, scraping, excavating, tamping, compacting, extracting or boring ma","843010'"," - Pile-drivers and pile-extractors","8","1","R","0","0","","","","0","0","0","0","0","0"
"4449","","HS 2007","Harmonized System 2007","Gabon","266'","2019","1","84302000'","  "," - Chasse-neige","84'","Nuclear reactors, boilers, machinery and mechanical appliances; parts thereof","8430'","Other moving, grading, levelling, scraping, excavating, tamping, compacting, extracting or boring ma","843020'"," - Snow-ploughs and snow-blowers","8","1","R","0","0","","","","0","0","0","0","0","0"
"4450","","HS 2007","Harmonized System 2007","Gabon","266'","2019","1","84303100'","  "," -- Autopropuls?es","84'","Nuclear reactors, boilers, machinery and mechanical appliances; parts thereof","8430'","Other moving, grading, levelling, scraping, excavating, tamping, compacting, extracting or boring ma","843031'"," -- Self-propelled","8","1","R","0","0","","","","0","0","0","0","0","0"
"4451","","HS 2007","Harmonized System 2007","Gabon","266'","2019","1","84303900'","  "," -- Autres","84'","Nuclear reactors, boilers, machinery and mechanical appliances; parts thereof","8430'","Other moving, grading, levelling, scraping, excavating, tamping, compacting, extracting or boring ma","843039'"," -- Other","8","1","R","0","0","","","","0","0","0","0","0","0"
"4452","","HS 2007","Harmonized System 2007","Gabon","266'","2019","1","84304100'","  "," -- Autopropuls?es","84'","Nuclear reactors, boilers, machinery and mechanical appliances; parts thereof","8430'","Other moving, grading, levelling, scraping, excavating, tamping, compacting, extracting or boring ma","843041'"," -- Self-propelled","8","1","R","0","0","","","","0","0","0","0","0","0"
"4453","","HS 2007","Harmonized System 2007","Gabon","266'","2019","1","84304900'","  "," -- Autres","84'","Nuclear reactors, boilers, machinery and mechanical appliances; parts thereof","8430'","Other moving, grading, levelling, scraping, excavating, tamping, compacting, extracting or boring ma","843049'"," -- Other","8","1","R","0","0","","","","0","0","0","0","0","0"
"4454","","HS 2007","Harmonized System 2007","Gabon","266'","2019","1","84305000'","  "," - Autres machines et appareils, autopropuls?s","84'","Nuclear reactors, boilers, machinery and mechanical appliances; parts thereof","8430'","Other moving, grading, levelling, scraping, excavating, tamping, compacting, extracting or boring ma","843050'"," - Other machinery, self-propelled","8","1","R","0","0","","","","0","0","0","0","0","0"
"4455","","HS 2007","Harmonized System 2007","Gabon","266'","2019","1","84306100'","  "," -- Machines et appareils ? tasser ou ? compacter","84'","Nuclear reactors, boilers, machinery and mechanical appliances; parts thereof","8430'","Other moving, grading, levelling, scraping, excavating, tamping, compacting, extracting or boring ma","843061'"," -- Tamping or compacting machinery","8","1","R","0","0","","","","0","0","0","0","0","0"
"4456","","HS 2007","Harmonized System 2007","Gabon","266'","2019","1","84306900'","  "," -- Autres","84'","Nuclear reactors, boilers, machinery and mechanical appliances; parts thereof","8430'","Other moving, grading, levelling, scraping, excavating, tamping, compacting, extracting or boring ma","843069'"," -- Other","8","1","R","0","0","","","","0","0","0","0","0","0"
"4457","","HS 2007","Harmonized System 2007","Gabon","266'","2019","1","84311000'","  "," - De machines ou appareils du n? 84.25","84'","Nuclear reactors, boilers, machinery and mechanical appliances; parts thereof","8431'","Parts suitable for use solely or principally with the machinery of headings 84.25 to 84.30.","843110'"," - Of machinery of heading 84.25","8","1","R","0","0","","","","0","0","0","0","0","0"
"4458","","HS 2007","Harmonized System 2007","Gabon","266'","2019","1","84312000'","  "," - De machines ou appareils du n? 84.27","84'","Nuclear reactors, boilers, machinery and mechanical appliances; parts thereof","8431'","Parts suitable for use solely or principally with the machinery of headings 84.25 to 84.30.","843120'"," - Of machinery of heading 84.27","8","1","R","0","0","","","","0","0","0","0","0","0"
"4459","","HS 2007","Harmonized System 2007","Gabon","266'","2019","1","84313100'","  "," -- D'ascenseurs, monte-charge ou escaliers m?caniques","84'","Nuclear reactors, boilers, machinery and mechanical appliances; parts thereof","8431'","Parts suitable for use solely or principally with the machinery of headings 84.25 to 84.30.","843131'"," -- Of lifts, skip hoists or escalators","8","1","R","0","0","","","","0","0","0","0","0","0"
"4460","","HS 2007","Harmonized System 2007","Gabon","266'","2019","1","84313900'","  "," -- Autres","84'","Nuclear reactors, boilers, machinery and mechanical appliances; parts thereof","8431'","Parts suitable for use solely or principally with the machinery of headings 84.25 to 84.30.","843139'"," -- Other","8","1","R","0","0","","","","0","0","0","0","0","0"
"4461","","HS 2007","Harmonized System 2007","Gabon","266'","2019","1","84314100'","  "," -- Godets, bennes, bennes-preneuses, pelles, grappins et pinces","84'","Nuclear reactors, boilers, machinery and mechanical appliances; parts thereof","8431'","Parts suitable for use solely or principally with the machinery of headings 84.25 to 84.30.","843141'"," -- Buckets, shovels, grabs and grips","8","1","R","0","0","","","","0","0","0","0","0","0"
"4462","","HS 2007","Harmonized System 2007","Gabon","266'","2019","1","84314200'","  "," -- Lames de bouteurs (bulldozers) ou de bouteurs biais (angledozers)","84'","Nuclear reactors, boilers, machinery and mechanical appliances; parts thereof","8431'","Parts suitable for use solely or principally with the machinery of headings 84.25 to 84.30.","843142'"," -- Bulldozer or angledozer blades","8","1","R","0","0","","","","0","0","0","0","0","0"
"4463","","HS 2007","Harmonized System 2007","Gabon","266'","2019","1","84314300'","  "," -- Parties de machines de sondage ou de forage des n?s?8430.41 ou 8430.49","84'","Nuclear reactors, boilers, machinery and mechanical appliances; parts thereof","8431'","Parts suitable for use solely or principally with the machinery of headings 84.25 to 84.30.","843143'"," -- Parts for boring or sinking machinery of subheading 8430.41 or 8430.49","8","1","R","0","0","","","","0","0","0","0","0","0"
"4464","","HS 2007","Harmonized System 2007","Gabon","266'","2019","1","84314900'","  "," -- Autres","84'","Nuclear reactors, boilers, machinery and mechanical appliances; parts thereof","8431'","Parts suitable for use solely or principally with the machinery of headings 84.25 to 84.30.","843149'"," -- Other","8","1","R","0","0","","","","0","0","0","0","0","0"
"4465","","HS 2007","Harmonized System 2007","Gabon","266'","2019","1","84321000'","  "," - Charrues","84'","Nuclear reactors, boilers, machinery and mechanical appliances; parts thereof","8432'","Agricultural, horticultural or forestry machinery for soil preparation or cultivation; lawn or sport","843210'"," - Ploughs","8","1","R","0","0","","","","0","0","0","0","0","0"
"4466","","HS 2007","Harmonized System 2007","Gabon","266'","2019","1","84322100'","  "," -- Herses ? disques (pulv?riseurs)","84'","Nuclear reactors, boilers, machinery and mechanical appliances; parts thereof","8432'","Agricultural, horticultural or forestry machinery for soil preparation or cultivation; lawn or sport","843221'"," -- Disc harrows","8","1","R","0","0","","","","0","0","0","0","0","0"
"4467","","HS 2007","Harmonized System 2007","Gabon","266'","2019","1","84322900'","  "," -- Autres","84'","Nuclear reactors, boilers, machinery and mechanical appliances; parts thereof","8432'","Agricultural, horticultural or forestry machinery for soil preparation or cultivation; lawn or sport","843229'"," -- Other","8","1","R","0","0","","","","0","0","0","0","0","0"
"4468","","HS 2007","Harmonized System 2007","Gabon","266'","2019","1","84323000'","  "," - Semoirs, plantoirs et repiqueurs","84'","Nuclear reactors, boilers, machinery and mechanical appliances; parts thereof","8432'","Agricultural, horticultural or forestry machinery for soil preparation or cultivation; lawn or sport","843230'"," - Seeders, planters and transplanters","8","1","R","0","0","","","","0","0","0","0","0","0"
"4469","","HS 2007","Harmonized System 2007","Gabon","266'","2019","1","84324000'","  "," - Epandeurs de fumier et distributeurs d'engrais","84'","Nuclear reactors, boilers, machinery and mechanical appliances; parts thereof","8432'","Agricultural, horticultural or forestry machinery for soil preparation or cultivation; lawn or sport","843240'"," - Manure spreaders and fertiliser distributors","8","1","R","0","0","","","","0","0","0","0","0","0"
"4470","","HS 2007","Harmonized System 2007","Gabon","266'","2019","1","84328000'","  "," - Autres machines, appareils et engins","84'","Nuclear reactors, boilers, machinery and mechanical appliances; parts thereof","8432'","Agricultural, horticultural or forestry machinery for soil preparation or cultivation; lawn or sport","843280'"," - Other machinery","8","1","R","0","0","","","","0","0","0","0","0","0"
"4471","","HS 2007","Harmonized System 2007","Gabon","266'","2019","1","84329000'","  "," - Parties","84'","Nuclear reactors, boilers, machinery and mechanical appliances; parts thereof","8432'","Agricultural, horticultural or forestry machinery for soil preparation or cultivation; lawn or sport","843290'"," - Parts","8","1","R","0","0","","","","0","0","0","0","0","0"
"4472","","HS 2007","Harmonized System 2007","Gabon","266'","2019","1","84331100'","  "," -- A moteur, dont le dispositif de coupe tourne dans un plan horizontal","84'","Nuclear reactors, boilers, machinery and mechanical appliances; parts thereof","8433'","Harvesting or threshing machinery, including straw or fodder balers; grass or hay mowers; machines f","843311'"," -- Powered, with the cutting device rotating in a horizontal plane","8","1","R","0","0","","","","0","0","0","0","0","0"
"4473","","HS 2007","Harmonized System 2007","Gabon","266'","2019","1","84331900'","  "," -- Autres","84'","Nuclear reactors, boilers, machinery and mechanical appliances; parts thereof","8433'","Harvesting or threshing machinery, including straw or fodder balers; grass or hay mowers; machines f","843319'"," -- Other","8","1","R","0","0","","","","0","0","0","0","0","0"
"4474","","HS 2007","Harmonized System 2007","Gabon","266'","2019","1","84332000'","  "," - Faucheuses, y compris les barres de coupe ? monter sur tracteur","84'","Nuclear reactors, boilers, machinery and mechanical appliances; parts thereof","8433'","Harvesting or threshing machinery, including straw or fodder balers; grass or hay mowers; machines f","843320'"," - Other mowers, including cutter bars for tractor mounting","8","1","R","0","0","","","","0","0","0","0","0","0"
"4475","","HS 2007","Harmonized System 2007","Gabon","266'","2019","1","84333000'","  "," - Autres machines et appareils de fenaison","84'","Nuclear reactors, boilers, machinery and mechanical appliances; parts thereof","8433'","Harvesting or threshing machinery, including straw or fodder balers; grass or hay mowers; machines f","843330'"," - Other haymaking machinery","8","1","R","0","0","","","","0","0","0","0","0","0"
"4476","","HS 2007","Harmonized System 2007","Gabon","266'","2019","1","84334000'","  "," - Presses ? paille ou ? fourrage, y compris les presses ramasseuses","84'","Nuclear reactors, boilers, machinery and mechanical appliances; parts thereof","8433'","Harvesting or threshing machinery, including straw or fodder balers; grass or hay mowers; machines f","843340'"," - Straw or fodder balers, including pick-up balers","8","1","R","0","0","","","","0","0","0","0","0","0"
"4477","","HS 2007","Harmonized System 2007","Gabon","266'","2019","1","84335100'","  "," -- Moissonneuses-batteuses","84'","Nuclear reactors, boilers, machinery and mechanical appliances; parts thereof","8433'","Harvesting or threshing machinery, including straw or fodder balers; grass or hay mowers; machines f","843351'"," -- Combine harvester-threshers","8","1","R","0","0","","","","0","0","0","0","0","0"
"4478","","HS 2007","Harmonized System 2007","Gabon","266'","2019","1","84335200'","  "," -- Autres machines et appareils pour le battage","84'","Nuclear reactors, boilers, machinery and mechanical appliances; parts thereof","8433'","Harvesting or threshing machinery, including straw or fodder balers; grass or hay mowers; machines f","843352'"," -- Other threshing machinery","8","1","R","0","0","","","","0","0","0","0","0","0"
"4479","","HS 2007","Harmonized System 2007","Gabon","266'","2019","1","84335300'","  "," -- Machines pour la r?colte des racines ou tubercules","84'","Nuclear reactors, boilers, machinery and mechanical appliances; parts thereof","8433'","Harvesting or threshing machinery, including straw or fodder balers; grass or hay mowers; machines f","843353'"," -- Root or tuber harvesting machines","8","1","R","0","0","","","","0","0","0","0","0","0"
"4480","","HS 2007","Harmonized System 2007","Gabon","266'","2019","1","84335900'","  "," -- Autres","84'","Nuclear reactors, boilers, machinery and mechanical appliances; parts thereof","8433'","Harvesting or threshing machinery, including straw or fodder balers; grass or hay mowers; machines f","843359'"," -- Other","8","1","R","0","0","","","","0","0","0","0","0","0"
"4481","","HS 2007","Harmonized System 2007","Gabon","266'","2019","1","84336000'","  "," - Machines pour le nettoyage ou le triage des oeufs, fruits ou autres produits agricoles","84'","Nuclear reactors, boilers, machinery and mechanical appliances; parts thereof","8433'","Harvesting or threshing machinery, including straw or fodder balers; grass or hay mowers; machines f","843360'"," - Machines for cleaning, sorting or grading eggs, fruit or other agricultural produce","8","1","R","0","0","","","","0","0","0","0","0","0"
"4482","","HS 2007","Harmonized System 2007","Gabon","266'","2019","1","84339000'","  "," - Parties","84'","Nuclear reactors, boilers, machinery and mechanical appliances; parts thereof","8433'","Harvesting or threshing machinery, including straw or fodder balers; grass or hay mowers; machines f","843390'"," - Parts","8","1","R","0","0","","","","0","0","0","0","0","0"
"4483","","HS 2007","Harmonized System 2007","Gabon","266'","2019","1","84341000'","  "," - Machines ? traire","84'","Nuclear reactors, boilers, machinery and mechanical appliances; parts thereof","8434'","Milking machines and dairy machinery.","843410'"," - Milking machines","8","1","R","0","0","","","","0","0","0","0","0","0"
"4484","","HS 2007","Harmonized System 2007","Gabon","266'","2019","1","84342000'","  "," - Machines et appareils de laiterie","84'","Nuclear reactors, boilers, machinery and mechanical appliances; parts thereof","8434'","Milking machines and dairy machinery.","843420'"," - Dairy machinery","8","1","R","0","0","","","","0","0","0","0","0","0"
"4485","","HS 2007","Harmonized System 2007","Gabon","266'","2019","1","84349000'","  "," - Parties","84'","Nuclear reactors, boilers, machinery and mechanical appliances; parts thereof","8434'","Milking machines and dairy machinery.","843490'"," - Parts","8","1","R","0","0","","","","0","0","0","0","0","0"
"4486","","HS 2007","Harmonized System 2007","Gabon","266'","2019","1","84351000'","  "," - Machines et appareils","84'","Nuclear reactors, boilers, machinery and mechanical appliances; parts thereof","8435'","Presses, crushers and similar machinery used in the manufacture of wine, cider, fruit juices or simi","843510'"," - Machinery","8","1","R","0","0","","","","0","0","0","0","0","0"
"4487","","HS 2007","Harmonized System 2007","Gabon","266'","2019","1","84359000'","  "," - Parties","84'","Nuclear reactors, boilers, machinery and mechanical appliances; parts thereof","8435'","Presses, crushers and similar machinery used in the manufacture of wine, cider, fruit juices or simi","843590'"," - Parts","8","1","R","0","0","","","","0","0","0","0","0","0"
"4488","","HS 2007","Harmonized System 2007","Gabon","266'","2019","1","84361000'","  "," - Machines et appareils pour la pr?paration des aliments ou provendes pour animaux","84'","Nuclear reactors, boilers, machinery and mechanical appliances; parts thereof","8436'","Other agricultural, horticultural, forestry, poultry-keeping or bee-keeping machinery, including ger","843610'"," - Machinery for preparing animal feeding stuffs","8","1","R","0","0","","","","0","0","0","0","0","0"
"4489","","HS 2007","Harmonized System 2007","Gabon","266'","2019","1","84362100'","  "," -- Couveuses et ?leveuses","84'","Nuclear reactors, boilers, machinery and mechanical appliances; parts thereof","8436'","Other agricultural, horticultural, forestry, poultry-keeping or bee-keeping machinery, including ger","843621'"," -- Poultry incubators and brooders","8","1","R","0","0","","","","0","0","0","0","0","0"
"4490","","HS 2007","Harmonized System 2007","Gabon","266'","2019","1","84362900'","  "," -- Autres","84'","Nuclear reactors, boilers, machinery and mechanical appliances; parts thereof","8436'","Other agricultural, horticultural, forestry, poultry-keeping or bee-keeping machinery, including ger","843629'"," -- Other","8","1","R","0","0","","","","0","0","0","0","0","0"
"4491","","HS 2007","Harmonized System 2007","Gabon","266'","2019","1","84368000'","  "," - Autres machines et appareils","84'","Nuclear reactors, boilers, machinery and mechanical appliances; parts thereof","8436'","Other agricultural, horticultural, forestry, poultry-keeping or bee-keeping machinery, including ger","843680'"," - Other machinery","8","1","R","0","0","","","","0","0","0","0","0","0"
"4492","","HS 2007","Harmonized System 2007","Gabon","266'","2019","1","84369100'","  "," -- De machines ou appareils d'aviculture","84'","Nuclear reactors, boilers, machinery and mechanical appliances; parts thereof","8436'","Other agricultural, horticultural, forestry, poultry-keeping or bee-keeping machinery, including ger","843691'"," -- Of poultry-keeping machinery or poultry incubators and brooders","8","1","R","0","0","","","","0","0","0","0","0","0"
"4493","","HS 2007","Harmonized System 2007","Gabon","266'","2019","1","84369900'","  "," -- Autres","84'","Nuclear reactors, boilers, machinery and mechanical appliances; parts thereof","8436'","Other agricultural, horticultural, forestry, poultry-keeping or bee-keeping machinery, including ger","843699'"," -- Other","8","1","R","0","0","","","","0","0","0","0","0","0"
"4494","","HS 2007","Harmonized System 2007","Gabon","266'","2019","1","84371010'","  "," machines pour le nettoyage,le triage ou lecriblage des grains","84'","Nuclear reactors, boilers, machinery and mechanical appliances; parts thereof","8437'","Machines for cleaning, sorting or grading seed, grain or dried leguminous vegetables; machinery used","843710'"," - Machines for cleaning, sorting or grading seed, grain or dried leguminous vegetables","8","1","R","0","0","","","","0","0","0","0","0","0"
"4495","","HS 2007","Harmonized System 2007","Gabon","266'","2019","1","84371090'","  "," machines pour nettoyage,triage,ou criblagedes l?gumes secs","84'","Nuclear reactors, boilers, machinery and mechanical appliances; parts thereof","8437'","Machines for cleaning, sorting or grading seed, grain or dried leguminous vegetables; machinery used","843710'"," - Machines for cleaning, sorting or grading seed, grain or dried leguminous vegetables","8","1","R","0","0","","","","0","0","0","0","0","0"
"4496","","HS 2007","Harmonized System 2007","Gabon","266'","2019","1","84378000'","  "," - Autres machines et appareils","84'","Nuclear reactors, boilers, machinery and mechanical appliances; parts thereof","8437'","Machines for cleaning, sorting or grading seed, grain or dried leguminous vegetables; machinery used","843780'"," - Other machinery","8","1","R","0","0","","","","0","0","0","0","0","0"
"4497","","HS 2007","Harmonized System 2007","Gabon","266'","2019","1","84379000'","  "," - Parties","84'","Nuclear reactors, boilers, machinery and mechanical appliances; parts thereof","8437'","Machines for cleaning, sorting or grading seed, grain or dried leguminous vegetables; machinery used","843790'"," - Parts","8","1","R","0","0","","","","0","0","0","0","0","0"
"4498","","HS 2007","Harmonized System 2007","Gabon","266'","2019","1","84381000'","  "," - Machines et appareils pour la boulangerie, la p?tisserie, la biscuiterie ou pour la fabrication des p?tes alimentaires","84'","Nuclear reactors, boilers, machinery and mechanical appliances; parts thereof","8438'","Machinery, not specified or included elsewhere in this Chapter, for the industrial preparation or ma","843810'"," - Bakery machinery and machinery for the manufacture of macaroni, spaghetti or similar products","8","1","R","0","0","","","","0","0","0","0","0","0"
"4499","","HS 2007","Harmonized System 2007","Gabon","266'","2019","1","84382000'","  "," - Machines et appareils pour la confiserie ou pour la fabrication du cacao ou du chocolat","84'","Nuclear reactors, boilers, machinery and mechanical appliances; parts thereof","8438'","Machinery, not specified or included elsewhere in this Chapter, for the industrial preparation or ma","843820'"," - Machinery for the manufacture of confectionery, cocoa or chocolate","8","1","R","0","0","","","","0","0","0","0","0","0"
"4500","","HS 2007","Harmonized System 2007","Gabon","266'","2019","1","84383000'","  "," - Machines et appareils pour la sucrerie","84'","Nuclear reactors, boilers, machinery and mechanical appliances; parts thereof","8438'","Machinery, not specified or included elsewhere in this Chapter, for the industrial preparation or ma","843830'"," - Machinery for sugar manufacture","8","1","R","0","0","","","","0","0","0","0","0","0"
"4501","","HS 2007","Harmonized System 2007","Gabon","266'","2019","1","84384000'","  "," - Machines et appareils pour la brasserie","84'","Nuclear reactors, boilers, machinery and mechanical appliances; parts thereof","8438'","Machinery, not specified or included elsewhere in this Chapter, for the industrial preparation or ma","843840'"," - Brewery machinery","8","1","R","0","0","","","","0","0","0","0","0","0"
"4502","","HS 2007","Harmonized System 2007","Gabon","266'","2019","1","84385000'","  "," - Machines et appareils pour le travail des viandes","84'","Nuclear reactors, boilers, machinery and mechanical appliances; parts thereof","8438'","Machinery, not specified or included elsewhere in this Chapter, for the industrial preparation or ma","843850'"," - Machinery for the preparation of meat or poultry","8","1","R","0","0","","","","0","0","0","0","0","0"
"4503","","HS 2007","Harmonized System 2007","Gabon","266'","2019","1","84386000'","  "," - Machines et appareils pour la pr?paration des fruits ou des l?gumes","84'","Nuclear reactors, boilers, machinery and mechanical appliances; parts thereof","8438'","Machinery, not specified or included elsewhere in this Chapter, for the industrial preparation or ma","843860'"," - Machinery for the preparation of fruits, nuts or vegetables","8","1","R","0","0","","","","0","0","0","0","0","0"
"4504","","HS 2007","Harmonized System 2007","Gabon","266'","2019","1","84388000'","  "," - Autres machines et appareils","84'","Nuclear reactors, boilers, machinery and mechanical appliances; parts thereof","8438'","Machinery, not specified or included elsewhere in this Chapter, for the industrial preparation or ma","843880'"," - Other machinery","8","1","R","0","0","","","","0","0","0","0","0","0"
"4505","","HS 2007","Harmonized System 2007","Gabon","266'","2019","1","84389000'","  "," - Parties","84'","Nuclear reactors, boilers, machinery and mechanical appliances; parts thereof","8438'","Machinery, not specified or included elsewhere in this Chapter, for the industrial preparation or ma","843890'"," - Parts","8","1","R","0","0","","","","0","0","0","0","0","0"
"4506","","HS 2007","Harmonized System 2007","Gabon","266'","2019","1","84391000'","  "," - Machines et appareils pour la fabrication de la p?te de mati?res fibreuses cellulosiques","84'","Nuclear reactors, boilers, machinery and mechanical appliances; parts thereof","8439'","Machinery for making pulp of fibrous cellulosic material or for making or finishing paper or paperbo","843910'"," - Machinery for making pulp of fibrous cellulosic material","8","1","R","0","0","","","","0","0","0","0","0","0"
"4507","","HS 2007","Harmonized System 2007","Gabon","266'","2019","1","84392000'","  "," - Machines et appareils pour la fabrication du papier ou du carton","84'","Nuclear reactors, boilers, machinery and mechanical appliances; parts thereof","8439'","Machinery for making pulp of fibrous cellulosic material or for making or finishing paper or paperbo","843920'"," - Machinery for making paper or paperboard","8","1","R","0","0","","","","0","0","0","0","0","0"
"4508","","HS 2007","Harmonized System 2007","Gabon","266'","2019","1","84393000'","  "," - Machines et appareils pour le finissage du papier ou du carton","84'","Nuclear reactors, boilers, machinery and mechanical appliances; parts thereof","8439'","Machinery for making pulp of fibrous cellulosic material or for making or finishing paper or paperbo","843930'"," - Machinery for finishing paper or paperboard","8","1","R","0","0","","","","0","0","0","0","0","0"
"4509","","HS 2007","Harmonized System 2007","Gabon","266'","2019","1","84399100'","  "," -- De machines ou appareils pour la fabrication de la p?te de mati?res fibreuses cellulosiques","84'","Nuclear reactors, boilers, machinery and mechanical appliances; parts thereof","8439'","Machinery for making pulp of fibrous cellulosic material or for making or finishing paper or paperbo","843991'"," -- Of machinery for making pulp of fibrous cellulosic material","8","1","R","0","0","","","","0","0","0","0","0","0"
"4510","","HS 2007","Harmonized System 2007","Gabon","266'","2019","1","84399900'","  "," -- Autres","84'","Nuclear reactors, boilers, machinery and mechanical appliances; parts thereof","8439'","Machinery for making pulp of fibrous cellulosic material or for making or finishing paper or paperbo","843999'"," -- Other","8","1","R","0","0","","","","0","0","0","0","0","0"
"4511","","HS 2007","Harmonized System 2007","Gabon","266'","2019","1","84401000'","  "," - Machines et appareils","84'","Nuclear reactors, boilers, machinery and mechanical appliances; parts thereof","8440'","Book-binding machinery, including book-sewing machines.","844010'"," - Machinery","8","1","R","0","0","","","","0","0","0","0","0","0"
"4512","","HS 2007","Harmonized System 2007","Gabon","266'","2019","1","84409000'","  "," - Parties","84'","Nuclear reactors, boilers, machinery and mechanical appliances; parts thereof","8440'","Book-binding machinery, including book-sewing machines.","844090'"," - Parts","8","1","R","0","0","","","","0","0","0","0","0","0"
"4513","","HS 2007","Harmonized System 2007","Gabon","266'","2019","1","84411010'","  "," cisailles,massicots, appareils pr coupagedes ?preuves photogr.sur papier? usagephoto","84'","Nuclear reactors, boilers, machinery and mechanical appliances; parts thereof","8441'","Other machinery for making up paper pulp, paper or paperboard, including cutting machines of all kin","844110'"," - Cutting machines","8","1","R","0","0","","","","0","0","0","0","0","0"
"4514","","HS 2007","Harmonized System 2007","Gabon","266'","2019","1","84411090'","  "," coupeuses autres que celles du 84411010","84'","Nuclear reactors, boilers, machinery and mechanical appliances; parts thereof","8441'","Other machinery for making up paper pulp, paper or paperboard, including cutting machines of all kin","844110'"," - Cutting machines","8","1","R","0","0","","","","0","0","0","0","0","0"
"4515","","HS 2007","Harmonized System 2007","Gabon","266'","2019","1","84412000'","  "," - Machines pour la fabrication de sacs, sachets ou enveloppes","84'","Nuclear reactors, boilers, machinery and mechanical appliances; parts thereof","8441'","Other machinery for making up paper pulp, paper or paperboard, including cutting machines of all kin","844120'"," - Machines for making bags, sacks or envelopes","8","1","R","0","0","","","","0","0","0","0","0","0"
"4516","","HS 2007","Harmonized System 2007","Gabon","266'","2019","1","84413000'","  "," - Machines pour la fabrication de bo?tes, caisses, tubes, tambours ou contenants similaires, autrement que par moulage","84'","Nuclear reactors, boilers, machinery and mechanical appliances; parts thereof","8441'","Other machinery for making up paper pulp, paper or paperboard, including cutting machines of all kin","844130'"," - Machines for making cartons, boxes, cases, tubes, drums or similar containers, other than by mould","8","1","R","0","0","","","","0","0","0","0","0","0"
"4517","","HS 2007","Harmonized System 2007","Gabon","266'","2019","1","84414000'","  "," - Machines ? mouler les articles en p?te ? papier, papier ou carton","84'","Nuclear reactors, boilers, machinery and mechanical appliances; parts thereof","8441'","Other machinery for making up paper pulp, paper or paperboard, including cutting machines of all kin","844140'"," - Machines for moulding articles in paper pulp, paper or paperboard","8","1","R","0","0","","","","0","0","0","0","0","0"
"4518","","HS 2007","Harmonized System 2007","Gabon","266'","2019","1","84418000'","  "," - Autres machines et appareils","84'","Nuclear reactors, boilers, machinery and mechanical appliances; parts thereof","8441'","Other machinery for making up paper pulp, paper or paperboard, including cutting machines of all kin","844180'"," - Other machinery","8","1","R","0","0","","","","0","0","0","0","0","0"
"4519","","HS 2007","Harmonized System 2007","Gabon","266'","2019","1","84419000'","  "," - Parties","84'","Nuclear reactors, boilers, machinery and mechanical appliances; parts thereof","8441'","Other machinery for making up paper pulp, paper or paperboard, including cutting machines of all kin","844190'"," - Parts","8","1","R","0","0","","","","0","0","0","0","0","0"
"4520","","HS 2007","Harmonized System 2007","Gabon","266'","2019","1","84423000'","  "," - Machines, appareils et mat?riel","84'","Nuclear reactors, boilers, machinery and mechanical appliances; parts thereof","8442'","Machinery, apparatus and equipment (other than the machine-tools of headings?84.56 to 84.65) for pre","844230'"," - Machinery, apparatus and equipment","8","1","R","0","0","","","","0","0","0","0","0","0"
"4521","","HS 2007","Harmonized System 2007","Gabon","266'","2019","1","84424000'","  "," - Parties de ces machines, appareils ou mat?riel","84'","Nuclear reactors, boilers, machinery and mechanical appliances; parts thereof","8442'","Machinery, apparatus and equipment (other than the machine-tools of headings?84.56 to 84.65) for pre","844240'"," - Parts of the foregoing machinery, apparatus or equipment","8","1","R","0","0","","","","0","0","0","0","0","0"
"4522","","HS 2007","Harmonized System 2007","Gabon","266'","2019","1","84425000'","  "," - Clich?s, planches, cylindres et autres organes imprimants; pierres lithographiques, planches, plaques et cylindres pr?par?s pour l'impression (plan?s, gren?s, polis, par exemple)","84'","Nuclear reactors, boilers, machinery and mechanical appliances; parts thereof","8442'","Machinery, apparatus and equipment (other than the machine-tools of headings?84.56 to 84.65) for pre","844250'"," - Plates, cylinders and other printing components; plates, cylinders and lithographic stones, prepar","8","1","R","0","0","","","","0","0","0","0","0","0"
"4523","","HS 2007","Harmonized System 2007","Gabon","266'","2019","1","84431100'","  "," -- Machines et appareils ? imprimer offset, aliment?s en bobines","84'","Nuclear reactors, boilers, machinery and mechanical appliances; parts thereof","8443'","Printing machinery used for printing by means of plates, cylinders and other printing components of ","844311'"," -- Offset printing machinery, reel-fed","8","1","R","0","0","","","","0","0","0","0","0","0"
"4524","","HS 2007","Harmonized System 2007","Gabon","266'","2019","1","84431200'","  "," -- Machines et appareils ? imprimer offset de bureau, aliment?s en feuilles d'un format ne d?passant pas","84'","Nuclear reactors, boilers, machinery and mechanical appliances; parts thereof","8443'","Printing machinery used for printing by means of plates, cylinders and other printing components of ","844312'"," -- Offset printing machinery, sheet-fed, office type (using sheets with one side not exceeding 22 cm","8","1","R","0","0","","","","0","0","0","0","0","0"
"4525","","HS 2007","Harmonized System 2007","Gabon","266'","2019","1","84431300'","  "," -- Autres machines et appareils ? imprimer offset","84'","Nuclear reactors, boilers, machinery and mechanical appliances; parts thereof","8443'","Printing machinery used for printing by means of plates, cylinders and other printing components of ","844313'"," -- Other offset printing machinery","8","1","R","0","0","","","","0","0","0","0","0","0"
"4526","","HS 2007","Harmonized System 2007","Gabon","266'","2019","1","84431400'","  "," -- Machines et appareils ? imprimer, typographiques, aliment?s en bobines, ? l'exclusion des machines et appareils flexographiques","84'","Nuclear reactors, boilers, machinery and mechanical appliances; parts thereof","8443'","Printing machinery used for printing by means of plates, cylinders and other printing components of ","844314'"," -- Letterpress printing machinery, reel fed, excluding flexographic printing","8","1","R","0","0","","","","0","0","0","0","0","0"
"4527","","HS 2007","Harmonized System 2007","Gabon","266'","2019","1","84431500'","  "," -- Machines et appareils ? imprimer, typographiques, autres qu?aliment?s en bobines, ? l'exclusion des machines et appareils flexographiques","84'","Nuclear reactors, boilers, machinery and mechanical appliances; parts thereof","8443'","Printing machinery used for printing by means of plates, cylinders and other printing components of ","844315'"," -- Letterpress printing machinery, other than reel fed, excluding flexographic printing","8","1","R","0","0","","","","0","0","0","0","0","0"
"4528","","HS 2007","Harmonized System 2007","Gabon","266'","2019","1","84431600'","  "," -- Machines et appareils ? imprimer, flexographiques","84'","Nuclear reactors, boilers, machinery and mechanical appliances; parts thereof","8443'","Printing machinery used for printing by means of plates, cylinders and other printing components of ","844316'"," -- Flexographic printing machinery","8","1","R","0","0","","","","0","0","0","0","0","0"
"4529","","HS 2007","Harmonized System 2007","Gabon","266'","2019","1","84431700'","  "," -- Machines et appareils ? imprimer, h?liographiques","84'","Nuclear reactors, boilers, machinery and mechanical appliances; parts thereof","8443'","Printing machinery used for printing by means of plates, cylinders and other printing components of ","844317'"," -- Gravure printing machinery","8","1","R","0","0","","","","0","0","0","0","0","0"
"4530","","HS 2007","Harmonized System 2007","Gabon","266'","2019","1","84431900'","  "," -- Autres","84'","Nuclear reactors, boilers, machinery and mechanical appliances; parts thereof","8443'","Printing machinery used for printing by means of plates, cylinders and other printing components of ","844319'"," -- Other","8","1","R","0","0","","","","0","0","0","0","0","0"
"4531","","HS 2007","Harmonized System 2007","Gabon","266'","2019","1","84433100'","  "," -- Machines qui assurent au moins deux des fonctions suivantes?: impression, copie ou transmission de t?l?copie, aptes ? ?tre connect?es ? une machine automatique de traitement de l?information ou ? un r?seau","84'","Nuclear reactors, boilers, machinery and mechanical appliances; parts thereof","8443'","Printing machinery used for printing by means of plates, cylinders and other printing components of ","844331'"," -- Machines which perform two or more of the functions of printing, copying or facsimile transmissio","8","1","R","0","0","","","","0","0","0","0","0","0"
"4532","","HS 2007","Harmonized System 2007","Gabon","266'","2019","1","84433200'","  "," -- Autres, aptes ? ?tre connect?es ? une machine automatique de traitement de l?information ou ? un r?seau","84'","Nuclear reactors, boilers, machinery and mechanical appliances; parts thereof","8443'","Printing machinery used for printing by means of plates, cylinders and other printing components of ","844332'"," -- Other, capable of connecting to an automatic data processing machine or to a network","8","1","R","0","0","","","","0","0","0","0","0","0"
"4533","","HS 2007","Harmonized System 2007","Gabon","266'","2019","1","84433910'","  "," appareils de photocopie systme optique&app.de thermocopie","84'","Nuclear reactors, boilers, machinery and mechanical appliances; parts thereof","8443'","Printing machinery used for printing by means of plates, cylinders and other printing components of ","844339'"," -- Other","8","1","R","0","0","","","","0","0","0","0","0","0"
"4534","","HS 2007","Harmonized System 2007","Gabon","266'","2019","1","84433990'","  "," autres","84'","Nuclear reactors, boilers, machinery and mechanical appliances; parts thereof","8443'","Printing machinery used for printing by means of plates, cylinders and other printing components of ","844339'"," -- Other","8","1","R","0","0","","","","0","0","0","0","0","0"
"4535","","HS 2007","Harmonized System 2007","Gabon","266'","2019","1","84439100'","  "," -- Parties et accessoires de machines et d?appareils servant ? l?impression au moyen de planches, cylindres et autres organes imprimants du n? 84.42","84'","Nuclear reactors, boilers, machinery and mechanical appliances; parts thereof","8443'","Printing machinery used for printing by means of plates, cylinders and other printing components of ","844391'"," -- Parts and accessories of printing machinery used for printing by means of plates, cylinders and o","8","1","R","0","0","","","","0","0","0","0","0","0"
"4536","","HS 2007","Harmonized System 2007","Gabon","266'","2019","1","84439910'","  "," parties&accessoires des app.de photocopie systeme optique ou par contact&app.de thermo","84'","Nuclear reactors, boilers, machinery and mechanical appliances; parts thereof","8443'","Printing machinery used for printing by means of plates, cylinders and other printing components of ","844399'"," -- Other","8","1","R","0","0","","","","0","0","0","0","0","0"
"4537","","HS 2007","Harmonized System 2007","Gabon","266'","2019","1","84439990'","  "," autres","84'","Nuclear reactors, boilers, machinery and mechanical appliances; parts thereof","8443'","Printing machinery used for printing by means of plates, cylinders and other printing components of ","844399'"," -- Other","8","1","R","0","0","","","","0","0","0","0","0","0"
"4538","","HS 2007","Harmonized System 2007","Gabon","266'","2019","1","84440000'","  "," Machines pour le filage (extrusion), l'?tirage, la texturation ou le tranchage des mati?res textiles synth?tiques ou artificielles.","84'","Nuclear reactors, boilers, machinery and mechanical appliances; parts thereof","8444'","Machines for extruding, drawing, texturing or cutting man-made textile materials.","844400'"," Machines for extruding, drawing, texturing or cutting man-made textile materials.","8","1","R","0","0","","","","0","0","0","0","0","0"
"4539","","HS 2007","Harmonized System 2007","Gabon","266'","2019","1","84451100'","  "," -- Cardes","84'","Nuclear reactors, boilers, machinery and mechanical appliances; parts thereof","8445'","Machines for preparing textile fibres; spinning, doubling or twisting machines and other machinery f","844511'"," -- Carding machines","8","1","R","0","0","","","","0","0","0","0","0","0"
"4540","","HS 2007","Harmonized System 2007","Gabon","266'","2019","1","84451200'","  "," -- Peigneuses","84'","Nuclear reactors, boilers, machinery and mechanical appliances; parts thereof","8445'","Machines for preparing textile fibres; spinning, doubling or twisting machines and other machinery f","844512'"," -- Combing machines","8","1","R","0","0","","","","0","0","0","0","0","0"
"4541","","HS 2007","Harmonized System 2007","Gabon","266'","2019","1","84451300'","  "," -- Bancs ? broches","84'","Nuclear reactors, boilers, machinery and mechanical appliances; parts thereof","8445'","Machines for preparing textile fibres; spinning, doubling or twisting machines and other machinery f","844513'"," -- Drawing or roving machines","8","1","R","0","0","","","","0","0","0","0","0","0"
"4542","","HS 2007","Harmonized System 2007","Gabon","266'","2019","1","84451910'","  "," Egreneuses ? coton","84'","Nuclear reactors, boilers, machinery and mechanical appliances; parts thereof","8445'","Machines for preparing textile fibres; spinning, doubling or twisting machines and other machinery f","844519'"," -- Other","8","1","R","0","0","","","","0","0","0","0","0","0"
"4543","","HS 2007","Harmonized System 2007","Gabon","266'","2019","1","84451990'","  "," machines pr la pr?paration des mati?restextiles autres que du 844511 ? 84451910","84'","Nuclear reactors, boilers, machinery and mechanical appliances; parts thereof","8445'","Machines for preparing textile fibres; spinning, doubling or twisting machines and other machinery f","844519'"," -- Other","8","1","R","0","0","","","","0","0","0","0","0","0"
"4544","","HS 2007","Harmonized System 2007","Gabon","266'","2019","1","84452000'","  "," - Machines pour la filature des mati?res textiles","84'","Nuclear reactors, boilers, machinery and mechanical appliances; parts thereof","8445'","Machines for preparing textile fibres; spinning, doubling or twisting machines and other machinery f","844520'"," - Textile spinning machines","8","1","R","0","0","","","","0","0","0","0","0","0"
"4545","","HS 2007","Harmonized System 2007","Gabon","266'","2019","1","84453000'","  "," - Machines pour le doublage ou le retordage des mati?res textiles","84'","Nuclear reactors, boilers, machinery and mechanical appliances; parts thereof","8445'","Machines for preparing textile fibres; spinning, doubling or twisting machines and other machinery f","844530'"," - Textile doubling or twisting machines","8","1","R","0","0","","","","0","0","0","0","0","0"
"4546","","HS 2007","Harmonized System 2007","Gabon","266'","2019","1","84454000'","  "," - Machines ? bobiner (y compris les caneti?res) ou ? d?vider les mati?res textiles","84'","Nuclear reactors, boilers, machinery and mechanical appliances; parts thereof","8445'","Machines for preparing textile fibres; spinning, doubling or twisting machines and other machinery f","844540'"," - Textile winding (including weft-winding) or reeling machines","8","1","R","0","0","","","","0","0","0","0","0","0"
"4547","","HS 2007","Harmonized System 2007","Gabon","266'","2019","1","84459000'","  "," - Autres","84'","Nuclear reactors, boilers, machinery and mechanical appliances; parts thereof","8445'","Machines for preparing textile fibres; spinning, doubling or twisting machines and other machinery f","844590'"," - Other","8","1","R","0","0","","","","0","0","0","0","0","0"
"4548","","HS 2007","Harmonized System 2007","Gabon","266'","2019","1","84461000'","  "," - Pour tissus d'une largeur n'exc?dant pas 30 cm","84'","Nuclear reactors, boilers, machinery and mechanical appliances; parts thereof","8446'","Weaving machines (looms).","844610'"," - For weaving fabrics of a width not exceeding 30 cm","8","1","R","0","0","","","","0","0","0","0","0","0"
"4549","","HS 2007","Harmonized System 2007","Gabon","266'","2019","1","84462100'","  "," -- A moteur","84'","Nuclear reactors, boilers, machinery and mechanical appliances; parts thereof","8446'","Weaving machines (looms).","844621'"," -- Power looms","8","1","R","0","0","","","","0","0","0","0","0","0"
"4550","","HS 2007","Harmonized System 2007","Gabon","266'","2019","1","84462900'","  "," -- Autres","84'","Nuclear reactors, boilers, machinery and mechanical appliances; parts thereof","8446'","Weaving machines (looms).","844629'"," -- Other","8","1","R","0","0","","","","0","0","0","0","0","0"
"4551","","HS 2007","Harmonized System 2007","Gabon","266'","2019","1","84463000'","  "," - Pour tissus d'une largeur exc?dant 30 cm, sans navettes","84'","Nuclear reactors, boilers, machinery and mechanical appliances; parts thereof","8446'","Weaving machines (looms).","844630'"," - For weaving fabrics of a width exceeding 30 cm, shuttleless type","8","1","R","0","0","","","","0","0","0","0","0","0"
"4552","","HS 2007","Harmonized System 2007","Gabon","266'","2019","1","84471100'","  "," -- Avec cylindre d'un diam?tre n'exc?dant pas 165 mm","84'","Nuclear reactors, boilers, machinery and mechanical appliances; parts thereof","8447'","Knitting machines, stitch-bonding machines and machines for making gimped yarn, tulle, lace, embroid","844711'"," -- With cylinder diameter not exceeding 165 mm","8","1","R","0","0","","","","0","0","0","0","0","0"
"4553","","HS 2007","Harmonized System 2007","Gabon","266'","2019","1","84471200'","  "," -- Avec cylindre d'un diam?tre exc?dant?165 mm","84'","Nuclear reactors, boilers, machinery and mechanical appliances; parts thereof","8447'","Knitting machines, stitch-bonding machines and machines for making gimped yarn, tulle, lace, embroid","844712'"," -- With cylinder diameter exceeding 165 mm","8","1","R","0","0","","","","0","0","0","0","0","0"
"4554","","HS 2007","Harmonized System 2007","Gabon","266'","2019","1","84472000'","  "," - M?tiers ? bonneterie rectilignes; machines de couture-tricotage","84'","Nuclear reactors, boilers, machinery and mechanical appliances; parts thereof","8447'","Knitting machines, stitch-bonding machines and machines for making gimped yarn, tulle, lace, embroid","844720'"," - Flat knitting machines; stitch-bonding machines","8","1","R","0","0","","","","0","0","0","0","0","0"
"4555","","HS 2007","Harmonized System 2007","Gabon","266'","2019","1","84479000'","  "," - Autres","84'","Nuclear reactors, boilers, machinery and mechanical appliances; parts thereof","8447'","Knitting machines, stitch-bonding machines and machines for making gimped yarn, tulle, lace, embroid","844790'"," - Other","8","1","R","0","0","","","","0","0","0","0","0","0"
"4556","","HS 2007","Harmonized System 2007","Gabon","266'","2019","1","84481100'","  "," -- Rati?res (m?caniques d'armures) et m?caniques Jacquard; r?ducteurs, perforatrices et copieuses de cartons; machines ? lacer les cartons apr?s perforation","84'","Nuclear reactors, boilers, machinery and mechanical appliances; parts thereof","8448'","Auxiliary machinery for use with machines of heading?84.44, 84.45, 84.46 or 84.47 (for example, dobb","844811'"," -- Dobbies and Jacquards; card reducing, copying, punching or assembling machines for use therewith","8","1","R","0","0","","","","0","0","0","0","0","0"
"4557","","HS 2007","Harmonized System 2007","Gabon","266'","2019","1","84481900'","  "," -- Autres","84'","Nuclear reactors, boilers, machinery and mechanical appliances; parts thereof","8448'","Auxiliary machinery for use with machines of heading?84.44, 84.45, 84.46 or 84.47 (for example, dobb","844819'"," -- Other","8","1","R","0","0","","","","0","0","0","0","0","0"
"4558","","HS 2007","Harmonized System 2007","Gabon","266'","2019","1","84482000'","  "," - Parties et accessoires des machines du n? 84.44 ou de leurs machines ou appareils auxiliaires","84'","Nuclear reactors, boilers, machinery and mechanical appliances; parts thereof","8448'","Auxiliary machinery for use with machines of heading?84.44, 84.45, 84.46 or 84.47 (for example, dobb","844820'"," - Parts and accessories of machines of heading 84.44 or of their auxiliary machinery","8","1","R","0","0","","","","0","0","0","0","0","0"
"4559","","HS 2007","Harmonized System 2007","Gabon","266'","2019","1","84483100'","  "," -- Garnitures de cardes","84'","Nuclear reactors, boilers, machinery and mechanical appliances; parts thereof","8448'","Auxiliary machinery for use with machines of heading?84.44, 84.45, 84.46 or 84.47 (for example, dobb","844831'"," -- Card clothing","8","1","R","0","0","","","","0","0","0","0","0","0"
"4560","","HS 2007","Harmonized System 2007","Gabon","266'","2019","1","84483210'","  "," paries & accessoires d'?greneuses ? coton","84'","Nuclear reactors, boilers, machinery and mechanical appliances; parts thereof","8448'","Auxiliary machinery for use with machines of heading?84.44, 84.45, 84.46 or 84.47 (for example, dobb","844832'"," -- Of machines for preparing textile fibres, other than card clothing","8","1","R","0","0","","","","0","0","0","0","0","0"
"4561","","HS 2007","Harmonized System 2007","Gabon","266'","2019","1","84483290'","  "," parties & accessoires des machines du 8445ou leurs auxiliaires,exclus 844831?84483210","84'","Nuclear reactors, boilers, machinery and mechanical appliances; parts thereof","8448'","Auxiliary machinery for use with machines of heading?84.44, 84.45, 84.46 or 84.47 (for example, dobb","844832'"," -- Of machines for preparing textile fibres, other than card clothing","8","1","R","0","0","","","","0","0","0","0","0","0"
"4562","","HS 2007","Harmonized System 2007","Gabon","266'","2019","1","84483300'","  "," -- Broches et leurs ailettes, anneaux et curseurs","84'","Nuclear reactors, boilers, machinery and mechanical appliances; parts thereof","8448'","Auxiliary machinery for use with machines of heading?84.44, 84.45, 84.46 or 84.47 (for example, dobb","844833'"," -- Spindles, spindle flyers, spinning rings and ring travellers","8","1","R","0","0","","","","0","0","0","0","0","0"
"4563","","HS 2007","Harmonized System 2007","Gabon","266'","2019","1","84483900'","  "," -- Autres","84'","Nuclear reactors, boilers, machinery and mechanical appliances; parts thereof","8448'","Auxiliary machinery for use with machines of heading?84.44, 84.45, 84.46 or 84.47 (for example, dobb","844839'"," -- Other","8","1","R","0","0","","","","0","0","0","0","0","0"
"4564","","HS 2007","Harmonized System 2007","Gabon","266'","2019","1","84484200'","  "," -- Peignes, lisses et cadres de lisses","84'","Nuclear reactors, boilers, machinery and mechanical appliances; parts thereof","8448'","Auxiliary machinery for use with machines of heading?84.44, 84.45, 84.46 or 84.47 (for example, dobb","844842'"," -- Reeds for looms, healds and heald-frames","8","1","R","0","0","","","","0","0","0","0","0","0"
"4565","","HS 2007","Harmonized System 2007","Gabon","266'","2019","1","84484900'","  "," -- Autres","84'","Nuclear reactors, boilers, machinery and mechanical appliances; parts thereof","8448'","Auxiliary machinery for use with machines of heading?84.44, 84.45, 84.46 or 84.47 (for example, dobb","844849'"," -- Other","8","1","R","0","0","","","","0","0","0","0","0","0"
"4566","","HS 2007","Harmonized System 2007","Gabon","266'","2019","1","84485100'","  "," -- Platines, aiguilles et autres articles participant ? la formation des mailles","84'","Nuclear reactors, boilers, machinery and mechanical appliances; parts thereof","8448'","Auxiliary machinery for use with machines of heading?84.44, 84.45, 84.46 or 84.47 (for example, dobb","844851'"," -- Sinkers, needles and other articles used in forming stitches","8","1","R","0","0","","","","0","0","0","0","0","0"
"4567","","HS 2007","Harmonized System 2007","Gabon","266'","2019","1","84485900'","  "," -- Autres","84'","Nuclear reactors, boilers, machinery and mechanical appliances; parts thereof","8448'","Auxiliary machinery for use with machines of heading?84.44, 84.45, 84.46 or 84.47 (for example, dobb","844859'"," -- Other","8","1","R","0","0","","","","0","0","0","0","0","0"
"4568","","HS 2007","Harmonized System 2007","Gabon","266'","2019","1","84490000'","  "," Machines et appareils pour la fabrication ou le finissage du feutre ou des nontiss?s, en pi?ce ou en forme, y compris les machines et appareils pour la fabrication de chapeaux en feutre; formes de chapellerie.","84'","Nuclear reactors, boilers, machinery and mechanical appliances; parts thereof","8449'","Machinery for the manufacture or finishing of felt or nonwovens in the piece or in shapes, including","844900'"," Machinery for the manufacture or finishing of felt or nonwovens in the piece or in shapes, including","8","1","R","0","0","","","","0","0","0","0","0","0"
"4569","","HS 2007","Harmonized System 2007","Gabon","266'","2019","1","84501100'","  "," -- Machines enti?rement automatiques","84'","Nuclear reactors, boilers, machinery and mechanical appliances; parts thereof","8450'","Household or laundry-type washing machines, including machines which both wash and dry.","845011'"," -- Fully-automatic machines","8","1","R","0","0","","","","0","0","0","0","0","0"
"4570","","HS 2007","Harmonized System 2007","Gabon","266'","2019","1","84501200'","  "," -- Autres machines, avec essoreuse centrifuge incorpor?e","84'","Nuclear reactors, boilers, machinery and mechanical appliances; parts thereof","8450'","Household or laundry-type washing machines, including machines which both wash and dry.","845012'"," -- Other machines, with built-in centrifugal drier","8","1","R","0","0","","","","0","0","0","0","0","0"
"4571","","HS 2007","Harmonized System 2007","Gabon","266'","2019","1","84501900'","  "," -- Autres","84'","Nuclear reactors, boilers, machinery and mechanical appliances; parts thereof","8450'","Household or laundry-type washing machines, including machines which both wash and dry.","845019'"," -- Other","8","1","R","0","0","","","","0","0","0","0","0","0"
"4572","","HS 2007","Harmonized System 2007","Gabon","266'","2019","1","84502000'","  "," - Machines d'une capacit? unitaire exprim?e en poids de linge sec exc?dant 10 kg","84'","Nuclear reactors, boilers, machinery and mechanical appliances; parts thereof","8450'","Household or laundry-type washing machines, including machines which both wash and dry.","845020'"," - Machines, each of a dry linen capacity exceeding 10 kg","8","1","R","0","0","","","","0","0","0","0","0","0"
"4573","","HS 2007","Harmonized System 2007","Gabon","266'","2019","1","84509000'","  "," - Parties","84'","Nuclear reactors, boilers, machinery and mechanical appliances; parts thereof","8450'","Household or laundry-type washing machines, including machines which both wash and dry.","845090'"," - Parts","8","1","R","0","0","","","","0","0","0","0","0","0"
"4574","","HS 2007","Harmonized System 2007","Gabon","266'","2019","1","84511000'","  "," - Machines pour le nettoyage ? sec","84'","Nuclear reactors, boilers, machinery and mechanical appliances; parts thereof","8451'","Machinery (other than machines of heading 84.50) for washing, cleaning, wringing, drying, ironing, p","845110'"," - Dry-cleaning machines","8","1","R","0","0","","","","0","0","0","0","0","0"
"4575","","HS 2007","Harmonized System 2007","Gabon","266'","2019","1","84512100'","  "," -- D'une capacit? unitaire exprim?e en poids de linge sec n'exc?dant pas 10 kg","84'","Nuclear reactors, boilers, machinery and mechanical appliances; parts thereof","8451'","Machinery (other than machines of heading 84.50) for washing, cleaning, wringing, drying, ironing, p","845121'"," -- Each of a dry linen capacity not exceeding 10 kg","8","1","R","0","0","","","","0","0","0","0","0","0"
"4576","","HS 2007","Harmonized System 2007","Gabon","266'","2019","1","84512900'","  "," -- Autres","84'","Nuclear reactors, boilers, machinery and mechanical appliances; parts thereof","8451'","Machinery (other than machines of heading 84.50) for washing, cleaning, wringing, drying, ironing, p","845129'"," -- Other","8","1","R","0","0","","","","0","0","0","0","0","0"
"4577","","HS 2007","Harmonized System 2007","Gabon","266'","2019","1","84513000'","  "," - Machines et presses ? repasser, y compris les presses ? fixer","84'","Nuclear reactors, boilers, machinery and mechanical appliances; parts thereof","8451'","Machinery (other than machines of heading 84.50) for washing, cleaning, wringing, drying, ironing, p","845130'"," - Ironing machines and presses (including fusing presses)","8","1","R","0","0","","","","0","0","0","0","0","0"
"4578","","HS 2007","Harmonized System 2007","Gabon","266'","2019","1","84514000'","  "," - Machines pour le lavage, le blanchiment ou la teinture","84'","Nuclear reactors, boilers, machinery and mechanical appliances; parts thereof","8451'","Machinery (other than machines of heading 84.50) for washing, cleaning, wringing, drying, ironing, p","845140'"," - Washing, bleaching or dyeing machines","8","1","R","0","0","","","","0","0","0","0","0","0"
"4579","","HS 2007","Harmonized System 2007","Gabon","266'","2019","1","84515000'","  "," - Machines ? enrouler, d?rouler, plier, couper ou denteler les tissus","84'","Nuclear reactors, boilers, machinery and mechanical appliances; parts thereof","8451'","Machinery (other than machines of heading 84.50) for washing, cleaning, wringing, drying, ironing, p","845150'"," - Machines for reeling, unreeling, folding, cutting or pinking textile fabrics","8","1","R","0","0","","","","0","0","0","0","0","0"
"4580","","HS 2007","Harmonized System 2007","Gabon","266'","2019","1","84518000'","  "," - Autres machines et appareils","84'","Nuclear reactors, boilers, machinery and mechanical appliances; parts thereof","8451'","Machinery (other than machines of heading 84.50) for washing, cleaning, wringing, drying, ironing, p","845180'"," - Other machinery","8","1","R","0","0","","","","0","0","0","0","0","0"
"4581","","HS 2007","Harmonized System 2007","Gabon","266'","2019","1","84519000'","  "," - Parties","84'","Nuclear reactors, boilers, machinery and mechanical appliances; parts thereof","8451'","Machinery (other than machines of heading 84.50) for washing, cleaning, wringing, drying, ironing, p","845190'"," - Parts","8","1","R","0","0","","","","0","0","0","0","0","0"
"4582","","HS 2007","Harmonized System 2007","Gabon","266'","2019","1","84521000'","  "," - Machines ? coudre de type m?nager","84'","Nuclear reactors, boilers, machinery and mechanical appliances; parts thereof","8452'","Sewing machines, other than book-sewing machines of heading 84.40; furniture, bases and covers speci","845210'"," - Sewing machines of the household type","8","1","R","0","0","","","","0","0","0","0","0","0"
"4583","","HS 2007","Harmonized System 2007","Gabon","266'","2019","1","84522100'","  "," -- Unit?s automatiques","84'","Nuclear reactors, boilers, machinery and mechanical appliances; parts thereof","8452'","Sewing machines, other than book-sewing machines of heading 84.40; furniture, bases and covers speci","845221'"," -- Automatic units","8","1","R","0","0","","","","0","0","0","0","0","0"
"4584","","HS 2007","Harmonized System 2007","Gabon","266'","2019","1","84522900'","  "," -- Autres","84'","Nuclear reactors, boilers, machinery and mechanical appliances; parts thereof","8452'","Sewing machines, other than book-sewing machines of heading 84.40; furniture, bases and covers speci","845229'"," -- Other","8","1","R","0","0","","","","0","0","0","0","0","0"
"4585","","HS 2007","Harmonized System 2007","Gabon","266'","2019","1","84523000'","  "," - Aiguilles pour machines ? coudre","84'","Nuclear reactors, boilers, machinery and mechanical appliances; parts thereof","8452'","Sewing machines, other than book-sewing machines of heading 84.40; furniture, bases and covers speci","845230'"," - Sewing machine needles","8","1","R","0","0","","","","0","0","0","0","0","0"
"4586","","HS 2007","Harmonized System 2007","Gabon","266'","2019","1","84524000'","  "," - Meubles, embases et couvercles pour machines ? coudre et leurs parties","84'","Nuclear reactors, boilers, machinery and mechanical appliances; parts thereof","8452'","Sewing machines, other than book-sewing machines of heading 84.40; furniture, bases and covers speci","845240'"," - Furniture, bases and covers for sewing machines and parts thereof","8","1","R","0","0","","","","0","0","0","0","0","0"
"4587","","HS 2007","Harmonized System 2007","Gabon","266'","2019","1","84529000'","  "," - Autres parties de machines ? coudre","84'","Nuclear reactors, boilers, machinery and mechanical appliances; parts thereof","8452'","Sewing machines, other than book-sewing machines of heading 84.40; furniture, bases and covers speci","845290'"," - Other parts of sewing machines","8","1","R","0","0","","","","0","0","0","0","0","0"
"4588","","HS 2007","Harmonized System 2007","Gabon","266'","2019","1","84531000'","  "," - Machines et appareils pour la pr?paration, le tannage ou le travail des cuirs ou peaux","84'","Nuclear reactors, boilers, machinery and mechanical appliances; parts thereof","8453'","Machinery for preparing, tanning or working hides, skins or leather or for making or repairing footw","845310'"," - Machinery for preparing, tanning or working hides, skins or leather","8","1","R","0","0","","","","0","0","0","0","0","0"
"4589","","HS 2007","Harmonized System 2007","Gabon","266'","2019","1","84532000'","  "," - Machines et appareils pour la fabrication ou la r?paration des chaussures","84'","Nuclear reactors, boilers, machinery and mechanical appliances; parts thereof","8453'","Machinery for preparing, tanning or working hides, skins or leather or for making or repairing footw","845320'"," - Machinery for making or repairing footwear","8","1","R","0","0","","","","0","0","0","0","0","0"
"4590","","HS 2007","Harmonized System 2007","Gabon","266'","2019","1","84538000'","  "," - Autres machines et appareils","84'","Nuclear reactors, boilers, machinery and mechanical appliances; parts thereof","8453'","Machinery for preparing, tanning or working hides, skins or leather or for making or repairing footw","845380'"," - Other machinery","8","1","R","0","0","","","","0","0","0","0","0","0"
"4591","","HS 2007","Harmonized System 2007","Gabon","266'","2019","1","84539000'","  "," - Parties","84'","Nuclear reactors, boilers, machinery and mechanical appliances; parts thereof","8453'","Machinery for preparing, tanning or working hides, skins or leather or for making or repairing footw","845390'"," - Parts","8","1","R","0","0","","","","0","0","0","0","0","0"
"4592","","HS 2007","Harmonized System 2007","Gabon","266'","2019","1","84541000'","  "," - Convertisseurs","84'","Nuclear reactors, boilers, machinery and mechanical appliances; parts thereof","8454'","Converters, ladles, ingot moulds and casting machines, of a kind used in metallurgy or in metal foun","845410'"," - Converters","8","1","R","0","0","","","","0","0","0","0","0","0"
"4593","","HS 2007","Harmonized System 2007","Gabon","266'","2019","1","84542000'","  "," - Lingoti?res et poches de coul?e","84'","Nuclear reactors, boilers, machinery and mechanical appliances; parts thereof","8454'","Converters, ladles, ingot moulds and casting machines, of a kind used in metallurgy or in metal foun","845420'"," - Ingot moulds and ladles","8","1","R","0","0","","","","0","0","0","0","0","0"
"4594","","HS 2007","Harmonized System 2007","Gabon","266'","2019","1","84543000'","  "," - Machines ? couler (mouler)","84'","Nuclear reactors, boilers, machinery and mechanical appliances; parts thereof","8454'","Converters, ladles, ingot moulds and casting machines, of a kind used in metallurgy or in metal foun","845430'"," - Casting machines","8","1","R","0","0","","","","0","0","0","0","0","0"
"4595","","HS 2007","Harmonized System 2007","Gabon","266'","2019","1","84549000'","  "," - Parties","84'","Nuclear reactors, boilers, machinery and mechanical appliances; parts thereof","8454'","Converters, ladles, ingot moulds and casting machines, of a kind used in metallurgy or in metal foun","845490'"," - Parts","8","1","R","0","0","","","","0","0","0","0","0","0"
"4596","","HS 2007","Harmonized System 2007","Gabon","266'","2019","1","84551000'","  "," - Laminoirs ? tubes","84'","Nuclear reactors, boilers, machinery and mechanical appliances; parts thereof","8455'","Metal-rolling mills and rolls therefor.","845510'"," - Tube mills","8","1","R","0","0","","","","0","0","0","0","0","0"
"4597","","HS 2007","Harmonized System 2007","Gabon","266'","2019","1","84552100'","  "," -- Laminoirs ? chaud et laminoirs combin?s ? chaud et ? froid","84'","Nuclear reactors, boilers, machinery and mechanical appliances; parts thereof","8455'","Metal-rolling mills and rolls therefor.","845521'"," -- Hot or combination hot and cold","8","1","R","0","0","","","","0","0","0","0","0","0"
"4598","","HS 2007","Harmonized System 2007","Gabon","266'","2019","1","84552200'","  "," -- Laminoirs ? froid","84'","Nuclear reactors, boilers, machinery and mechanical appliances; parts thereof","8455'","Metal-rolling mills and rolls therefor.","845522'"," -- Cold","8","1","R","0","0","","","","0","0","0","0","0","0"
"4599","","HS 2007","Harmonized System 2007","Gabon","266'","2019","1","84553000'","  "," - Cylindres de laminoirs","84'","Nuclear reactors, boilers, machinery and mechanical appliances; parts thereof","8455'","Metal-rolling mills and rolls therefor.","845530'"," - Rolls for rolling mills","8","1","R","0","0","","","","0","0","0","0","0","0"
"4600","","HS 2007","Harmonized System 2007","Gabon","266'","2019","1","84559000'","  "," - Autres parties","84'","Nuclear reactors, boilers, machinery and mechanical appliances; parts thereof","8455'","Metal-rolling mills and rolls therefor.","845590'"," - Other parts","8","1","R","0","0","","","","0","0","0","0","0","0"
"4601","","HS 2007","Harmonized System 2007","Gabon","266'","2019","1","84561000'","  "," - Op?rant par laser ou autre faisceau de lumi?re ou de photons","84'","Nuclear reactors, boilers, machinery and mechanical appliances; parts thereof","8456'","Machine-tools for working any material by removal of material, by laser or other light or photon bea","845610'"," - Operated by laser or other light or photon beam processes","8","1","R","0","0","","","","0","0","0","0","0","0"
"4602","","HS 2007","Harmonized System 2007","Gabon","266'","2019","1","84562000'","  "," - Op?rant par ultra-sons","84'","Nuclear reactors, boilers, machinery and mechanical appliances; parts thereof","8456'","Machine-tools for working any material by removal of material, by laser or other light or photon bea","845620'"," - Operated by ultrasonic processes","8","1","R","0","0","","","","0","0","0","0","0","0"
"4603","","HS 2007","Harmonized System 2007","Gabon","266'","2019","1","84563000'","  "," - Op?rant par ?lectro-?rosion","84'","Nuclear reactors, boilers, machinery and mechanical appliances; parts thereof","8456'","Machine-tools for working any material by removal of material, by laser or other light or photon bea","845630'"," - Operated by electro-discharge processes","8","1","R","0","0","","","","0","0","0","0","0","0"
"4604","","HS 2007","Harmonized System 2007","Gabon","266'","2019","1","84569000'","  "," - Autres","84'","Nuclear reactors, boilers, machinery and mechanical appliances; parts thereof","8456'","Machine-tools for working any material by removal of material, by laser or other light or photon bea","845690'"," - Other","8","1","R","0","0","","","","0","0","0","0","0","0"
"4605","","HS 2007","Harmonized System 2007","Gabon","266'","2019","1","84571000'","  "," - Centres d'usinage","84'","Nuclear reactors, boilers, machinery and mechanical appliances; parts thereof","8457'","Machining centres, unit construction machines (single station) and multi-station transfer machines, ","845710'"," - Machining centres","8","1","R","0","0","","","","0","0","0","0","0","0"
"4606","","HS 2007","Harmonized System 2007","Gabon","266'","2019","1","84572000'","  "," - Machines ? poste fixe","84'","Nuclear reactors, boilers, machinery and mechanical appliances; parts thereof","8457'","Machining centres, unit construction machines (single station) and multi-station transfer machines, ","845720'"," - Unit construction machines (single station)","8","1","R","0","0","","","","0","0","0","0","0","0"
"4607","","HS 2007","Harmonized System 2007","Gabon","266'","2019","1","84573000'","  "," - Machines ? stations multiples","84'","Nuclear reactors, boilers, machinery and mechanical appliances; parts thereof","8457'","Machining centres, unit construction machines (single station) and multi-station transfer machines, ","845730'"," - Multi-station transfer machines","8","1","R","0","0","","","","0","0","0","0","0","0"
"4608","","HS 2007","Harmonized System 2007","Gabon","266'","2019","1","84581100'","  "," -- A commande num?rique","84'","Nuclear reactors, boilers, machinery and mechanical appliances; parts thereof","8458'","Lathes (including turning centres) for removing metal.","845811'"," -- Numerically controlled","8","1","R","0","0","","","","0","0","0","0","0","0"
"4609","","HS 2007","Harmonized System 2007","Gabon","266'","2019","1","84581900'","  "," -- Autres","84'","Nuclear reactors, boilers, machinery and mechanical appliances; parts thereof","8458'","Lathes (including turning centres) for removing metal.","845819'"," -- Other","8","1","R","0","0","","","","0","0","0","0","0","0"
"4610","","HS 2007","Harmonized System 2007","Gabon","266'","2019","1","84589100'","  "," -- A commande num?rique","84'","Nuclear reactors, boilers, machinery and mechanical appliances; parts thereof","8458'","Lathes (including turning centres) for removing metal.","845891'"," -- Numerically controlled","8","1","R","0","0","","","","0","0","0","0","0","0"
"4611","","HS 2007","Harmonized System 2007","Gabon","266'","2019","1","84589900'","  "," -- Autres","84'","Nuclear reactors, boilers, machinery and mechanical appliances; parts thereof","8458'","Lathes (including turning centres) for removing metal.","845899'"," -- Other","8","1","R","0","0","","","","0","0","0","0","0","0"
"4612","","HS 2007","Harmonized System 2007","Gabon","266'","2019","1","84591000'","  "," - Unit?s d'usinage ? glissi?res","84'","Nuclear reactors, boilers, machinery and mechanical appliances; parts thereof","8459'","Machine-tools (including way-type unit head machines) for drilling, boring, milling, threading or ta","845910'"," - Way-type unit head machines","8","1","R","0","0","","","","0","0","0","0","0","0"
"4613","","HS 2007","Harmonized System 2007","Gabon","266'","2019","1","84592100'","  "," -- A commande num?rique","84'","Nuclear reactors, boilers, machinery and mechanical appliances; parts thereof","8459'","Machine-tools (including way-type unit head machines) for drilling, boring, milling, threading or ta","845921'"," -- Numerically controlled","8","1","R","0","0","","","","0","0","0","0","0","0"
"4614","","HS 2007","Harmonized System 2007","Gabon","266'","2019","1","84592900'","  "," -- Autres","84'","Nuclear reactors, boilers, machinery and mechanical appliances; parts thereof","8459'","Machine-tools (including way-type unit head machines) for drilling, boring, milling, threading or ta","845929'"," -- Other","8","1","R","0","0","","","","0","0","0","0","0","0"
"4615","","HS 2007","Harmonized System 2007","Gabon","266'","2019","1","84593100'","  "," -- A commande num?rique","84'","Nuclear reactors, boilers, machinery and mechanical appliances; parts thereof","8459'","Machine-tools (including way-type unit head machines) for drilling, boring, milling, threading or ta","845931'"," -- Numerically controlled","8","1","R","0","0","","","","0","0","0","0","0","0"
"4616","","HS 2007","Harmonized System 2007","Gabon","266'","2019","1","84593900'","  "," -- Autres","84'","Nuclear reactors, boilers, machinery and mechanical appliances; parts thereof","8459'","Machine-tools (including way-type unit head machines) for drilling, boring, milling, threading or ta","845939'"," -- Other","8","1","R","0","0","","","","0","0","0","0","0","0"
"4617","","HS 2007","Harmonized System 2007","Gabon","266'","2019","1","84594000'","  "," - Autres machines ? al?ser","84'","Nuclear reactors, boilers, machinery and mechanical appliances; parts thereof","8459'","Machine-tools (including way-type unit head machines) for drilling, boring, milling, threading or ta","845940'"," - Other boring machines","8","1","R","0","0","","","","0","0","0","0","0","0"
"4618","","HS 2007","Harmonized System 2007","Gabon","266'","2019","1","84595100'","  "," -- A commande num?rique","84'","Nuclear reactors, boilers, machinery and mechanical appliances; parts thereof","8459'","Machine-tools (including way-type unit head machines) for drilling, boring, milling, threading or ta","845951'"," -- Numerically controlled","8","1","R","0","0","","","","0","0","0","0","0","0"
"4619","","HS 2007","Harmonized System 2007","Gabon","266'","2019","1","84595900'","  "," -- Autres","84'","Nuclear reactors, boilers, machinery and mechanical appliances; parts thereof","8459'","Machine-tools (including way-type unit head machines) for drilling, boring, milling, threading or ta","845959'"," -- Other","8","1","R","0","0","","","","0","0","0","0","0","0"
"4620","","HS 2007","Harmonized System 2007","Gabon","266'","2019","1","84596100'","  "," -- A commande num?rique","84'","Nuclear reactors, boilers, machinery and mechanical appliances; parts thereof","8459'","Machine-tools (including way-type unit head machines) for drilling, boring, milling, threading or ta","845961'"," -- Numerically controlled","8","1","R","0","0","","","","0","0","0","0","0","0"
"4621","","HS 2007","Harmonized System 2007","Gabon","266'","2019","1","84596900'","  "," -- Autres","84'","Nuclear reactors, boilers, machinery and mechanical appliances; parts thereof","8459'","Machine-tools (including way-type unit head machines) for drilling, boring, milling, threading or ta","845969'"," -- Other","8","1","R","0","0","","","","0","0","0","0","0","0"
"4622","","HS 2007","Harmonized System 2007","Gabon","266'","2019","1","84597000'","  "," - Autres machines ? fileter ou ? tarauder","84'","Nuclear reactors, boilers, machinery and mechanical appliances; parts thereof","8459'","Machine-tools (including way-type unit head machines) for drilling, boring, milling, threading or ta","845970'"," - Other threading or tapping machines","8","1","R","0","0","","","","0","0","0","0","0","0"
"4623","","HS 2007","Harmonized System 2007","Gabon","266'","2019","1","84601100'","  "," -- A commande num?rique","84'","Nuclear reactors, boilers, machinery and mechanical appliances; parts thereof","8460'","Machine-tools for deburring, sharpening, grinding, honing, lapping, polishing or otherwise finishing","846011'"," -- Numerically controlled","8","1","R","0","0","","","","0","0","0","0","0","0"
"4624","","HS 2007","Harmonized System 2007","Gabon","266'","2019","1","84601900'","  "," -- Autres","84'","Nuclear reactors, boilers, machinery and mechanical appliances; parts thereof","8460'","Machine-tools for deburring, sharpening, grinding, honing, lapping, polishing or otherwise finishing","846019'"," -- Other","8","1","R","0","0","","","","0","0","0","0","0","0"
"4625","","HS 2007","Harmonized System 2007","Gabon","266'","2019","1","84602100'","  "," -- A commande num?rique","84'","Nuclear reactors, boilers, machinery and mechanical appliances; parts thereof","8460'","Machine-tools for deburring, sharpening, grinding, honing, lapping, polishing or otherwise finishing","846021'"," -- Numerically controlled","8","1","R","0","0","","","","0","0","0","0","0","0"
"4626","","HS 2007","Harmonized System 2007","Gabon","266'","2019","1","84602900'","  "," -- Autres","84'","Nuclear reactors, boilers, machinery and mechanical appliances; parts thereof","8460'","Machine-tools for deburring, sharpening, grinding, honing, lapping, polishing or otherwise finishing","846029'"," -- Other","8","1","R","0","0","","","","0","0","0","0","0","0"
"4627","","HS 2007","Harmonized System 2007","Gabon","266'","2019","1","84603100'","  "," -- A commande num?rique","84'","Nuclear reactors, boilers, machinery and mechanical appliances; parts thereof","8460'","Machine-tools for deburring, sharpening, grinding, honing, lapping, polishing or otherwise finishing","846031'"," -- Numerically controlled","8","1","R","0","0","","","","0","0","0","0","0","0"
"4628","","HS 2007","Harmonized System 2007","Gabon","266'","2019","1","84603900'","  "," -- Autres","84'","Nuclear reactors, boilers, machinery and mechanical appliances; parts thereof","8460'","Machine-tools for deburring, sharpening, grinding, honing, lapping, polishing or otherwise finishing","846039'"," -- Other","8","1","R","0","0","","","","0","0","0","0","0","0"
"4629","","HS 2007","Harmonized System 2007","Gabon","266'","2019","1","84604000'","  "," - Machines ? glacer ou ? roder","84'","Nuclear reactors, boilers, machinery and mechanical appliances; parts thereof","8460'","Machine-tools for deburring, sharpening, grinding, honing, lapping, polishing or otherwise finishing","846040'"," - Honing or lapping machines","8","1","R","0","0","","","","0","0","0","0","0","0"
"4630","","HS 2007","Harmonized System 2007","Gabon","266'","2019","1","84609000'","  "," - Autres","84'","Nuclear reactors, boilers, machinery and mechanical appliances; parts thereof","8460'","Machine-tools for deburring, sharpening, grinding, honing, lapping, polishing or otherwise finishing","846090'"," - Other","8","1","R","0","0","","","","0","0","0","0","0","0"
"4631","","HS 2007","Harmonized System 2007","Gabon","266'","2019","1","84612000'","  "," - Etaux-limeurs et machines ? mortaiser","84'","Nuclear reactors, boilers, machinery and mechanical appliances; parts thereof","8461'","Machine-tools for planing, shaping, slotting, broaching, gear cutting, gear grinding or gear finishi","846120'"," - Shaping or slotting machines","8","1","R","0","0","","","","0","0","0","0","0","0"
"4632","","HS 2007","Harmonized System 2007","Gabon","266'","2019","1","84613000'","  "," - Machines ? brocher","84'","Nuclear reactors, boilers, machinery and mechanical appliances; parts thereof","8461'","Machine-tools for planing, shaping, slotting, broaching, gear cutting, gear grinding or gear finishi","846130'"," - Broaching machines","8","1","R","0","0","","","","0","0","0","0","0","0"
"4633","","HS 2007","Harmonized System 2007","Gabon","266'","2019","1","84614000'","  "," - Machines ? tailler ou ? finir les engrenages","84'","Nuclear reactors, boilers, machinery and mechanical appliances; parts thereof","8461'","Machine-tools for planing, shaping, slotting, broaching, gear cutting, gear grinding or gear finishi","846140'"," - Gear cutting, gear grinding or gear finishing machines","8","1","R","0","0","","","","0","0","0","0","0","0"
"4634","","HS 2007","Harmonized System 2007","Gabon","266'","2019","1","84615000'","  "," - Machines ? scier ou ? tron?onner","84'","Nuclear reactors, boilers, machinery and mechanical appliances; parts thereof","8461'","Machine-tools for planing, shaping, slotting, broaching, gear cutting, gear grinding or gear finishi","846150'"," - Sawing or cutting-off machines","8","1","R","0","0","","","","0","0","0","0","0","0"
"4635","","HS 2007","Harmonized System 2007","Gabon","266'","2019","1","84619000'","  "," - Autres","84'","Nuclear reactors, boilers, machinery and mechanical appliances; parts thereof","8461'","Machine-tools for planing, shaping, slotting, broaching, gear cutting, gear grinding or gear finishi","846190'"," - Other","8","1","R","0","0","","","","0","0","0","0","0","0"
"4636","","HS 2007","Harmonized System 2007","Gabon","266'","2019","1","84621000'","  "," - Machines (y compris les presses) ? forger ou ? estamper, moutons, marteaux-pilons et martinets","84'","Nuclear reactors, boilers, machinery and mechanical appliances; parts thereof","8462'","Machine-tools (including presses) for working metal by forging, hammering or die-stamping; machine-t","846210'"," - Forging or die-stamping machines (including presses) and hammers","8","1","R","0","0","","","","0","0","0","0","0","0"
"4637","","HS 2007","Harmonized System 2007","Gabon","266'","2019","1","84622100'","  "," -- A commande num?rique","84'","Nuclear reactors, boilers, machinery and mechanical appliances; parts thereof","8462'","Machine-tools (including presses) for working metal by forging, hammering or die-stamping; machine-t","846221'"," -- Numerically controlled","8","1","R","0","0","","","","0","0","0","0","0","0"
"4638","","HS 2007","Harmonized System 2007","Gabon","266'","2019","1","84622900'","  "," -- Autres","84'","Nuclear reactors, boilers, machinery and mechanical appliances; parts thereof","8462'","Machine-tools (including presses) for working metal by forging, hammering or die-stamping; machine-t","846229'"," -- Other","8","1","R","0","0","","","","0","0","0","0","0","0"
"4639","","HS 2007","Harmonized System 2007","Gabon","266'","2019","1","84623100'","  "," -- A commande num?rique","84'","Nuclear reactors, boilers, machinery and mechanical appliances; parts thereof","8462'","Machine-tools (including presses) for working metal by forging, hammering or die-stamping; machine-t","846231'"," -- Numerically controlled","8","1","R","0","0","","","","0","0","0","0","0","0"
"4640","","HS 2007","Harmonized System 2007","Gabon","266'","2019","1","84623900'","  "," -- Autres","84'","Nuclear reactors, boilers, machinery and mechanical appliances; parts thereof","8462'","Machine-tools (including presses) for working metal by forging, hammering or die-stamping; machine-t","846239'"," -- Other","8","1","R","0","0","","","","0","0","0","0","0","0"
"4641","","HS 2007","Harmonized System 2007","Gabon","266'","2019","1","84624100'","  "," -- A commande num?rique","84'","Nuclear reactors, boilers, machinery and mechanical appliances; parts thereof","8462'","Machine-tools (including presses) for working metal by forging, hammering or die-stamping; machine-t","846241'"," -- Numerically controlled","8","1","R","0","0","","","","0","0","0","0","0","0"
"4642","","HS 2007","Harmonized System 2007","Gabon","266'","2019","1","84624900'","  "," -- Autres","84'","Nuclear reactors, boilers, machinery and mechanical appliances; parts thereof","8462'","Machine-tools (including presses) for working metal by forging, hammering or die-stamping; machine-t","846249'"," -- Other","8","1","R","0","0","","","","0","0","0","0","0","0"
"4643","","HS 2007","Harmonized System 2007","Gabon","266'","2019","1","84629100'","  "," -- Presses hydrauliques","84'","Nuclear reactors, boilers, machinery and mechanical appliances; parts thereof","8462'","Machine-tools (including presses) for working metal by forging, hammering or die-stamping; machine-t","846291'"," -- Hydraulic presses","8","1","R","0","0","","","","0","0","0","0","0","0"
"4644","","HS 2007","Harmonized System 2007","Gabon","266'","2019","1","84629900'","  "," -- Autres","84'","Nuclear reactors, boilers, machinery and mechanical appliances; parts thereof","8462'","Machine-tools (including presses) for working metal by forging, hammering or die-stamping; machine-t","846299'"," -- Other","8","1","R","0","0","","","","0","0","0","0","0","0"
"4645","","HS 2007","Harmonized System 2007","Gabon","266'","2019","1","84631000'","  "," - Bancs ? ?tirer les barres, tubes, profil?s, fils ou similaires","84'","Nuclear reactors, boilers, machinery and mechanical appliances; parts thereof","8463'","Other machine-tools for working metal or cermets, without removing material.","846310'"," - Draw-benches for bars, tubes, profiles, wire or the like","8","1","R","0","0","","","","0","0","0","0","0","0"
"4646","","HS 2007","Harmonized System 2007","Gabon","266'","2019","1","84632000'","  "," - Machines pour ex?cuter un filetage ext?rieur ou int?rieur par roulage ou laminage","84'","Nuclear reactors, boilers, machinery and mechanical appliances; parts thereof","8463'","Other machine-tools for working metal or cermets, without removing material.","846320'"," - Thread rolling machines","8","1","R","0","0","","","","0","0","0","0","0","0"
"4647","","HS 2007","Harmonized System 2007","Gabon","266'","2019","1","84633000'","  "," - Machines pour le travail des m?taux sous forme de fil","84'","Nuclear reactors, boilers, machinery and mechanical appliances; parts thereof","8463'","Other machine-tools for working metal or cermets, without removing material.","846330'"," - Machines for working wire","8","1","R","0","0","","","","0","0","0","0","0","0"
"4648","","HS 2007","Harmonized System 2007","Gabon","266'","2019","1","84639000'","  "," - Autres","84'","Nuclear reactors, boilers, machinery and mechanical appliances; parts thereof","8463'","Other machine-tools for working metal or cermets, without removing material.","846390'"," - Other","8","1","R","0","0","","","","0","0","0","0","0","0"
"4649","","HS 2007","Harmonized System 2007","Gabon","266'","2019","1","84641000'","  "," - Machines ? scier","84'","Nuclear reactors, boilers, machinery and mechanical appliances; parts thereof","8464'","Machine-tools for working stone, ceramics, concrete, asbestos-cement or like mineral materials or fo","846410'"," - Sawing machines","8","1","R","0","0","","","","0","0","0","0","0","0"
"4650","","HS 2007","Harmonized System 2007","Gabon","266'","2019","1","84642000'","  "," - Machines ? meuler ou ? polir","84'","Nuclear reactors, boilers, machinery and mechanical appliances; parts thereof","8464'","Machine-tools for working stone, ceramics, concrete, asbestos-cement or like mineral materials or fo","846420'"," - Grinding or polishing machines","8","1","R","0","0","","","","0","0","0","0","0","0"
"4651","","HS 2007","Harmonized System 2007","Gabon","266'","2019","1","84649000'","  "," - Autres","84'","Nuclear reactors, boilers, machinery and mechanical appliances; parts thereof","8464'","Machine-tools for working stone, ceramics, concrete, asbestos-cement or like mineral materials or fo","846490'"," - Other","8","1","R","0","0","","","","0","0","0","0","0","0"
"4652","","HS 2007","Harmonized System 2007","Gabon","266'","2019","1","84651000'","  "," - Machines pouvant effectuer diff?rents types d'op?rations d'usinage, sans changement d'outils entre ces op?rations","84'","Nuclear reactors, boilers, machinery and mechanical appliances; parts thereof","8465'","Machine-tools (including machines for nailing, stapling, glueing or otherwise assembling) for workin","846510'"," - Machines which can carry out different types of machining operations without tool change between s","8","1","R","0","0","","","","0","0","0","0","0","0"
"4653","","HS 2007","Harmonized System 2007","Gabon","266'","2019","1","84659100'","  "," -- Machines ? scier","84'","Nuclear reactors, boilers, machinery and mechanical appliances; parts thereof","8465'","Machine-tools (including machines for nailing, stapling, glueing or otherwise assembling) for workin","846591'"," -- Sawing machines","8","1","R","0","0","","","","0","0","0","0","0","0"
"4654","","HS 2007","Harmonized System 2007","Gabon","266'","2019","1","84659200'","  "," -- Machines ? d?gauchir ou ? raboter; machines ? fraiser ou ? moulurer","84'","Nuclear reactors, boilers, machinery and mechanical appliances; parts thereof","8465'","Machine-tools (including machines for nailing, stapling, glueing or otherwise assembling) for workin","846592'"," -- Planing, milling or moulding (by cutting) machines","8","1","R","0","0","","","","0","0","0","0","0","0"
"4655","","HS 2007","Harmonized System 2007","Gabon","266'","2019","1","84659300'","  "," -- Machines ? meuler, ? poncer ou ? polir","84'","Nuclear reactors, boilers, machinery and mechanical appliances; parts thereof","8465'","Machine-tools (including machines for nailing, stapling, glueing or otherwise assembling) for workin","846593'"," -- Grinding, sanding or polishing machines","8","1","R","0","0","","","","0","0","0","0","0","0"
"4656","","HS 2007","Harmonized System 2007","Gabon","266'","2019","1","84659400'","  "," -- Machines ? cintrer ou ? assembler","84'","Nuclear reactors, boilers, machinery and mechanical appliances; parts thereof","8465'","Machine-tools (including machines for nailing, stapling, glueing or otherwise assembling) for workin","846594'"," -- Bending or assembling machines","8","1","R","0","0","","","","0","0","0","0","0","0"
"4657","","HS 2007","Harmonized System 2007","Gabon","266'","2019","1","84659500'","  "," -- Machines ? percer ou ? mortaiser","84'","Nuclear reactors, boilers, machinery and mechanical appliances; parts thereof","8465'","Machine-tools (including machines for nailing, stapling, glueing or otherwise assembling) for workin","846595'"," -- Drilling or morticing machines","8","1","R","0","0","","","","0","0","0","0","0","0"
"4658","","HS 2007","Harmonized System 2007","Gabon","266'","2019","1","84659600'","  "," -- Machines ? fendre, ? trancher ou ? d?rouler","84'","Nuclear reactors, boilers, machinery and mechanical appliances; parts thereof","8465'","Machine-tools (including machines for nailing, stapling, glueing or otherwise assembling) for workin","846596'"," -- Splitting, slicing or paring machines","8","1","R","0","0","","","","0","0","0","0","0","0"
"4659","","HS 2007","Harmonized System 2007","Gabon","266'","2019","1","84659900'","  "," -- Autres","84'","Nuclear reactors, boilers, machinery and mechanical appliances; parts thereof","8465'","Machine-tools (including machines for nailing, stapling, glueing or otherwise assembling) for workin","846599'"," -- Other","8","1","R","0","0","","","","0","0","0","0","0","0"
"4660","","HS 2007","Harmonized System 2007","Gabon","266'","2019","1","84661000'","  "," - Porte-outils et fili?res ? d?clenchement automatique","84'","Nuclear reactors, boilers, machinery and mechanical appliances; parts thereof","8466'","Parts and accessories suitable for use solely or principally with the machines of headings 84.56 to ","846610'"," - Tool holders and self-opening dieheads","8","1","R","0","0","","","","0","0","0","0","0","0"
"4661","","HS 2007","Harmonized System 2007","Gabon","266'","2019","1","84662000'","  "," - Porte-pi?ces","84'","Nuclear reactors, boilers, machinery and mechanical appliances; parts thereof","8466'","Parts and accessories suitable for use solely or principally with the machines of headings 84.56 to ","846620'"," - Work holders","8","1","R","0","0","","","","0","0","0","0","0","0"
"4662","","HS 2007","Harmonized System 2007","Gabon","266'","2019","1","84663000'","  "," - Dispositifs diviseurs et autres dispositifs sp?ciaux se montant sur machines-outils","84'","Nuclear reactors, boilers, machinery and mechanical appliances; parts thereof","8466'","Parts and accessories suitable for use solely or principally with the machines of headings 84.56 to ","846630'"," - Dividing heads and other special attachments for machine-tools","8","1","R","0","0","","","","0","0","0","0","0","0"
"4663","","HS 2007","Harmonized System 2007","Gabon","266'","2019","1","84669100'","  "," -- Pour machines du n? 84.64","84'","Nuclear reactors, boilers, machinery and mechanical appliances; parts thereof","8466'","Parts and accessories suitable for use solely or principally with the machines of headings 84.56 to ","846691'"," -- For machines of heading 84.64","8","1","R","0","0","","","","0","0","0","0","0","0"
"4664","","HS 2007","Harmonized System 2007","Gabon","266'","2019","1","84669200'","  "," -- Pour machines du n? 84.65","84'","Nuclear reactors, boilers, machinery and mechanical appliances; parts thereof","8466'","Parts and accessories suitable for use solely or principally with the machines of headings 84.56 to ","846692'"," -- For machines of heading 84.65","8","1","R","0","0","","","","0","0","0","0","0","0"
"4665","","HS 2007","Harmonized System 2007","Gabon","266'","2019","1","84669300'","  "," -- Pour machines des n?s 84.56 ? 84.61","84'","Nuclear reactors, boilers, machinery and mechanical appliances; parts thereof","8466'","Parts and accessories suitable for use solely or principally with the machines of headings 84.56 to ","846693'"," -- For machines of headings 84.56 to 84.61","8","1","R","0","0","","","","0","0","0","0","0","0"
"4666","","HS 2007","Harmonized System 2007","Gabon","266'","2019","1","84669400'","  "," -- Pour machines des n?s 84.62 ou 84.63","84'","Nuclear reactors, boilers, machinery and mechanical appliances; parts thereof","8466'","Parts and accessories suitable for use solely or principally with the machines of headings 84.56 to ","846694'"," -- For machines of heading 84.62 or 84.63","8","1","R","0","0","","","","0","0","0","0","0","0"
"4667","","HS 2007","Harmonized System 2007","Gabon","266'","2019","1","84671100'","  "," -- Rotatifs (m?me ? percussion)","84'","Nuclear reactors, boilers, machinery and mechanical appliances; parts thereof","8467'","Tools for working in the hand, pneumatic, hydraulic or with self-contained electric or non-electric ","846711'"," -- Rotary type (including combined rotary-percussion)","8","1","R","0","0","","","","0","0","0","0","0","0"
"4668","","HS 2007","Harmonized System 2007","Gabon","266'","2019","1","84671900'","  "," -- Autres","84'","Nuclear reactors, boilers, machinery and mechanical appliances; parts thereof","8467'","Tools for working in the hand, pneumatic, hydraulic or with self-contained electric or non-electric ","846719'"," -- Other","8","1","R","0","0","","","","0","0","0","0","0","0"
"4669","","HS 2007","Harmonized System 2007","Gabon","266'","2019","1","84672100'","  "," -- Perceuses de tous genres, y compris les perforatrices rotatives","84'","Nuclear reactors, boilers, machinery and mechanical appliances; parts thereof","8467'","Tools for working in the hand, pneumatic, hydraulic or with self-contained electric or non-electric ","846721'"," -- Drills of all kinds","8","1","R","0","0","","","","0","0","0","0","0","0"
"4670","","HS 2007","Harmonized System 2007","Gabon","266'","2019","1","84672200'","  "," -- Scies et tron?onneuses","84'","Nuclear reactors, boilers, machinery and mechanical appliances; parts thereof","8467'","Tools for working in the hand, pneumatic, hydraulic or with self-contained electric or non-electric ","846722'"," -- Saws","8","1","R","0","0","","","","0","0","0","0","0","0"
"4671","","HS 2007","Harmonized System 2007","Gabon","266'","2019","1","84672900'","  "," -- Autres","84'","Nuclear reactors, boilers, machinery and mechanical appliances; parts thereof","8467'","Tools for working in the hand, pneumatic, hydraulic or with self-contained electric or non-electric ","846729'"," -- Other","8","1","R","0","0","","","","0","0","0","0","0","0"
"4672","","HS 2007","Harmonized System 2007","Gabon","266'","2019","1","84678100'","  "," -- Tron?onneuses ? cha?ne","84'","Nuclear reactors, boilers, machinery and mechanical appliances; parts thereof","8467'","Tools for working in the hand, pneumatic, hydraulic or with self-contained electric or non-electric ","846781'"," -- Chain saws","8","1","R","0","0","","","","0","0","0","0","0","0"
"4673","","HS 2007","Harmonized System 2007","Gabon","266'","2019","1","84678900'","  "," -- Autres","84'","Nuclear reactors, boilers, machinery and mechanical appliances; parts thereof","8467'","Tools for working in the hand, pneumatic, hydraulic or with self-contained electric or non-electric ","846789'"," -- Other","8","1","R","0","0","","","","0","0","0","0","0","0"
"4674","","HS 2007","Harmonized System 2007","Gabon","266'","2019","1","84679100'","  "," -- De tron?onneuses ? cha?ne","84'","Nuclear reactors, boilers, machinery and mechanical appliances; parts thereof","8467'","Tools for working in the hand, pneumatic, hydraulic or with self-contained electric or non-electric ","846791'"," -- Of chain saws","8","1","R","0","0","","","","0","0","0","0","0","0"
"4675","","HS 2007","Harmonized System 2007","Gabon","266'","2019","1","84679200'","  "," -- D'outils pneumatiques","84'","Nuclear reactors, boilers, machinery and mechanical appliances; parts thereof","8467'","Tools for working in the hand, pneumatic, hydraulic or with self-contained electric or non-electric ","846792'"," -- Of pneumatic tools","8","1","R","0","0","","","","0","0","0","0","0","0"
"4676","","HS 2007","Harmonized System 2007","Gabon","266'","2019","1","84679900'","  "," -- Autres","84'","Nuclear reactors, boilers, machinery and mechanical appliances; parts thereof","8467'","Tools for working in the hand, pneumatic, hydraulic or with self-contained electric or non-electric ","846799'"," -- Other","8","1","R","0","0","","","","0","0","0","0","0","0"
"4677","","HS 2007","Harmonized System 2007","Gabon","266'","2019","1","84681000'","  "," - Chalumeaux guid?s ? la main","84'","Nuclear reactors, boilers, machinery and mechanical appliances; parts thereof","8468'","Machinery and apparatus for soldering, brazing or welding, whether or not capable of cutting, other ","846810'"," - Hand-held blow pipes","8","1","R","0","0","","","","0","0","0","0","0","0"
"4678","","HS 2007","Harmonized System 2007","Gabon","266'","2019","1","84682000'","  "," - Autres machines et appareils aux gaz","84'","Nuclear reactors, boilers, machinery and mechanical appliances; parts thereof","8468'","Machinery and apparatus for soldering, brazing or welding, whether or not capable of cutting, other ","846820'"," - Other gas-operated machinery and apparatus","8","1","R","0","0","","","","0","0","0","0","0","0"
"4679","","HS 2007","Harmonized System 2007","Gabon","266'","2019","1","84688000'","  "," - Autres machines et appareils","84'","Nuclear reactors, boilers, machinery and mechanical appliances; parts thereof","8468'","Machinery and apparatus for soldering, brazing or welding, whether or not capable of cutting, other ","846880'"," - Other machinery and apparatus","8","1","R","0","0","","","","0","0","0","0","0","0"
"4680","","HS 2007","Harmonized System 2007","Gabon","266'","2019","1","84689000'","  "," - Parties","84'","Nuclear reactors, boilers, machinery and mechanical appliances; parts thereof","8468'","Machinery and apparatus for soldering, brazing or welding, whether or not capable of cutting, other ","846890'"," - Parts","8","1","R","0","0","","","","0","0","0","0","0","0"
"4681","","HS 2007","Harmonized System 2007","Gabon","266'","2019","1","84690010'","  "," machines pr le traitement de texte, machines crire automatiques","84'","Nuclear reactors, boilers, machinery and mechanical appliances; parts thereof","8469'","Typewriters other than printers of heading 84.43; word-processing machines.","846900'"," Typewriters other than printers of heading 84.43; word-processing machines.","8","1","R","0","0","","","","0","0","0","0","0","0"
"4682","","HS 2007","Harmonized System 2007","Gabon","266'","2019","1","84690090'","  "," Autres machines crire","84'","Nuclear reactors, boilers, machinery and mechanical appliances; parts thereof","8469'","Typewriters other than printers of heading 84.43; word-processing machines.","846900'"," Typewriters other than printers of heading 84.43; word-processing machines.","8","1","R","0","0","","","","0","0","0","0","0","0"
"4683","","HS 2007","Harmonized System 2007","Gabon","266'","2019","1","84701000'","  "," - Calculatrices ?lectroniques pouvant fonctionner sans source d'?nergie ?lectrique ext?rieure et machines de poche comportant une fonction de calcul permettant d'enregistrer, de reproduire et d'afficher des informations","84'","Nuclear reactors, boilers, machinery and mechanical appliances; parts thereof","8470'","Calculating machines and pocket-size data recording, reproducing and displaying machines with calcul","847010'"," - Electronic calculators capable of operation without an external source of electric power and pocke","8","1","R","0","0","","","","0","0","0","0","0","0"
"4684","","HS 2007","Harmonized System 2007","Gabon","266'","2019","1","84702100'","  "," -- Comportant un organe imprimant","84'","Nuclear reactors, boilers, machinery and mechanical appliances; parts thereof","8470'","Calculating machines and pocket-size data recording, reproducing and displaying machines with calcul","847021'"," -- Incorporating a printing device","8","1","R","0","0","","","","0","0","0","0","0","0"
"4685","","HS 2007","Harmonized System 2007","Gabon","266'","2019","1","84702900'","  "," -- Autres","84'","Nuclear reactors, boilers, machinery and mechanical appliances; parts thereof","8470'","Calculating machines and pocket-size data recording, reproducing and displaying machines with calcul","847029'"," -- Other","8","1","R","0","0","","","","0","0","0","0","0","0"
"4686","","HS 2007","Harmonized System 2007","Gabon","266'","2019","1","84703000'","  "," - Autres machines ? calculer","84'","Nuclear reactors, boilers, machinery and mechanical appliances; parts thereof","8470'","Calculating machines and pocket-size data recording, reproducing and displaying machines with calcul","847030'"," - Other calculating machines","8","1","R","0","0","","","","0","0","0","0","0","0"
"4687","","HS 2007","Harmonized System 2007","Gabon","266'","2019","1","84705000'","  "," - Caisses enregistreuses","84'","Nuclear reactors, boilers, machinery and mechanical appliances; parts thereof","8470'","Calculating machines and pocket-size data recording, reproducing and displaying machines with calcul","847050'"," - Cash registers","8","1","R","0","0","","","","0","0","0","0","0","0"
"4688","","HS 2007","Harmonized System 2007","Gabon","266'","2019","1","84709000'","  "," - Autres","84'","Nuclear reactors, boilers, machinery and mechanical appliances; parts thereof","8470'","Calculating machines and pocket-size data recording, reproducing and displaying machines with calcul","847090'"," - Other","8","1","R","0","0","","","","0","0","0","0","0","0"
"4689","","HS 2007","Harmonized System 2007","Gabon","266'","2019","1","84713000'","  "," - Machines automatiques de traitement de l'information portatives, d'un poids n'exc?dant pas 10 kg, comportant au moins une unit? centrale de traitement, un clavier et un ?cran","84'","Nuclear reactors, boilers, machinery and mechanical appliances; parts thereof","8471'","Automatic data processing machines and units thereof; magnetic or optical readers, machines for tran","847130'"," - Portable automatic data processing machines, weighing not more than 10 kg, consisting of a least a","8","1","R","0","0","","","","0","0","0","0","0","0"
"4690","","HS 2007","Harmonized System 2007","Gabon","266'","2019","1","84714100'","  "," -- Comportant, sous une m?me enveloppe, au moins une unit? centrale de traitement et, qu'elles soient ou non combin?es, une unit? d'entr?e et une unit? de sortie","84'","Nuclear reactors, boilers, machinery and mechanical appliances; parts thereof","8471'","Automatic data processing machines and units thereof; magnetic or optical readers, machines for tran","847141'"," -- Comprising in the same housing at least a central processing unit and an input and output unit, w","8","1","R","0","0","","","","0","0","0","0","0","0"
"4691","","HS 2007","Harmonized System 2007","Gabon","266'","2019","1","84714900'","  "," -- Autres, se pr?sentant sous forme de syst?mes","84'","Nuclear reactors, boilers, machinery and mechanical appliances; parts thereof","8471'","Automatic data processing machines and units thereof; magnetic or optical readers, machines for tran","847149'"," -- Other, presented in the form of systems","8","1","R","0","0","","","","0","0","0","0","0","0"
"4692","","HS 2007","Harmonized System 2007","Gabon","266'","2019","1","84715000'","  "," - Unit?s de traitement autres que celles des n?s?8471.41 ou 8471.49, pouvant comporter, sous une m?me enveloppe, un ou deux des types d'unit?s suivants: unit? de m?moire, unit? d'entr?e et unit? de sortie","84'","Nuclear reactors, boilers, machinery and mechanical appliances; parts thereof","8471'","Automatic data processing machines and units thereof; magnetic or optical readers, machines for tran","847150'"," - Processing units other than those of sub-heading?8471.41 or 8471.49, whether or not containing in ","8","1","R","0","0","","","","0","0","0","0","0","0"
"4693","","HS 2007","Harmonized System 2007","Gabon","266'","2019","1","84716000'","  "," - Unit?s d'entr?e ou de sortie, pouvant comporter, sous la m?me enveloppe, des unit?s de m?moire","84'","Nuclear reactors, boilers, machinery and mechanical appliances; parts thereof","8471'","Automatic data processing machines and units thereof; magnetic or optical readers, machines for tran","847160'"," - Input or output units, whether or not containing storage units in the same housing","8","1","R","0","0","","","","0","0","0","0","0","0"
"4694","","HS 2007","Harmonized System 2007","Gabon","266'","2019","1","84717000'","  "," - Unit?s de m?moire","84'","Nuclear reactors, boilers, machinery and mechanical appliances; parts thereof","8471'","Automatic data processing machines and units thereof; magnetic or optical readers, machines for tran","847170'"," - Storage units","8","1","R","0","0","","","","0","0","0","0","0","0"
"4695","","HS 2007","Harmonized System 2007","Gabon","266'","2019","1","84718000'","  "," - Autres unit?s de machines automatiques de traitement de l'information","84'","Nuclear reactors, boilers, machinery and mechanical appliances; parts thereof","8471'","Automatic data processing machines and units thereof; magnetic or optical readers, machines for tran","847180'"," - Other units of automatic data processing machines","8","1","R","0","0","","","","0","0","0","0","0","0"
"4696","","HS 2007","Harmonized System 2007","Gabon","266'","2019","1","84719000'","  "," - Autres","84'","Nuclear reactors, boilers, machinery and mechanical appliances; parts thereof","8471'","Automatic data processing machines and units thereof; magnetic or optical readers, machines for tran","847190'"," - Other","8","1","R","0","0","","","","0","0","0","0","0","0"
"4697","","HS 2007","Harmonized System 2007","Gabon","266'","2019","1","84721000'","  "," - Duplicateurs","84'","Nuclear reactors, boilers, machinery and mechanical appliances; parts thereof","8472'","Other office machines (for example, hectograph or stencil duplicating machines, addressing machines,","847210'"," - Duplicating machines","8","1","R","0","0","","","","0","0","0","0","0","0"
"4698","","HS 2007","Harmonized System 2007","Gabon","266'","2019","1","84723000'","  "," - Machines pour le triage, le pliage, la mise sous enveloppe ou sous bande du courrier, machines ? ouvrir, fermer ou sceller la correspondance et machines ? apposer ou ? oblit?rer les timbres","84'","Nuclear reactors, boilers, machinery and mechanical appliances; parts thereof","8472'","Other office machines (for example, hectograph or stencil duplicating machines, addressing machines,","847230'"," - Machines for sorting or folding mail or for inserting mail in envelopes or bands, machines for ope","8","1","R","0","0","","","","0","0","0","0","0","0"
"4699","","HS 2007","Harmonized System 2007","Gabon","266'","2019","1","84729000'","  "," - Autres","84'","Nuclear reactors, boilers, machinery and mechanical appliances; parts thereof","8472'","Other office machines (for example, hectograph or stencil duplicating machines, addressing machines,","847290'"," - Other","8","1","R","0","0","","","","0","0","0","0","0","0"
"4700","","HS 2007","Harmonized System 2007","Gabon","266'","2019","1","84731000'","  "," - Parties et accessoires des machines du n? 84.69","84'","Nuclear reactors, boilers, machinery and mechanical appliances; parts thereof","8473'","Parts and accessories (other than covers, carrying cases and the like) suitable for use solely or pr","847310'"," - Parts and accessories of the machines of heading?84.69","8","1","R","0","0","","","","0","0","0","0","0","0"
"4701","","HS 2007","Harmonized System 2007","Gabon","266'","2019","1","84732100'","  "," -- Des machines ? calculer ?lectroniques des n?s 8470.10, 8470.21 ou 8470.29","84'","Nuclear reactors, boilers, machinery and mechanical appliances; parts thereof","8473'","Parts and accessories (other than covers, carrying cases and the like) suitable for use solely or pr","847321'"," -- Of the electronic calculating machines of subheading 8470.10, 8470.21 or 8470.29","8","1","R","0","0","","","","0","0","0","0","0","0"
"4702","","HS 2007","Harmonized System 2007","Gabon","266'","2019","1","84732900'","  "," -- Autres","84'","Nuclear reactors, boilers, machinery and mechanical appliances; parts thereof","8473'","Parts and accessories (other than covers, carrying cases and the like) suitable for use solely or pr","847329'"," -- Other","8","1","R","0","0","","","","0","0","0","0","0","0"
"4703","","HS 2007","Harmonized System 2007","Gabon","266'","2019","1","84733000'","  "," - Parties et accessoires des machines du n? 84.71","84'","Nuclear reactors, boilers, machinery and mechanical appliances; parts thereof","8473'","Parts and accessories (other than covers, carrying cases and the like) suitable for use solely or pr","847330'"," - Parts and accessories of the machines of heading?84.71","8","1","R","0","0","","","","0","0","0","0","0","0"
"4704","","HS 2007","Harmonized System 2007","Gabon","266'","2019","1","84734000'","  "," - Parties et accessoires des machines du n? 84.72","84'","Nuclear reactors, boilers, machinery and mechanical appliances; parts thereof","8473'","Parts and accessories (other than covers, carrying cases and the like) suitable for use solely or pr","847340'"," - Parts and accessories of the machines of heading?84.72","8","1","R","0","0","","","","0","0","0","0","0","0"
"4705","","HS 2007","Harmonized System 2007","Gabon","266'","2019","1","84735000'","  "," - Parties et accessoires qui peuvent ?tre utilis?s indiff?remment avec les machines ou appareils de plusieurs des n?s 84.69 ? 84.72","84'","Nuclear reactors, boilers, machinery and mechanical appliances; parts thereof","8473'","Parts and accessories (other than covers, carrying cases and the like) suitable for use solely or pr","847350'"," - Parts and accessories equally suitable for use with machines of two or more of the headings 84.69 ","8","1","R","0","0","","","","0","0","0","0","0","0"
"4706","","HS 2007","Harmonized System 2007","Gabon","266'","2019","1","84741000'","  "," - Machines et appareils ? trier, cribler, s?parer ou laver","84'","Nuclear reactors, boilers, machinery and mechanical appliances; parts thereof","8474'","Machinery for sorting, screening, separating, washing, crushing, grinding, mixing or kneading earth,","847410'"," - Sorting, screening, separating or washing machines","8","1","R","0","0","","","","0","0","0","0","0","0"
"4707","","HS 2007","Harmonized System 2007","Gabon","266'","2019","1","84742000'","  "," - Machines et appareils ? concasser, broyer ou pulv?riser","84'","Nuclear reactors, boilers, machinery and mechanical appliances; parts thereof","8474'","Machinery for sorting, screening, separating, washing, crushing, grinding, mixing or kneading earth,","847420'"," - Crushing or grinding machines","8","1","R","0","0","","","","0","0","0","0","0","0"
"4708","","HS 2007","Harmonized System 2007","Gabon","266'","2019","1","84743100'","  "," -- B?tonni?res et appareils ? g?cher le ciment","84'","Nuclear reactors, boilers, machinery and mechanical appliances; parts thereof","8474'","Machinery for sorting, screening, separating, washing, crushing, grinding, mixing or kneading earth,","847431'"," -- Concrete or mortar mixers","8","1","R","0","0","","","","0","0","0","0","0","0"
"4709","","HS 2007","Harmonized System 2007","Gabon","266'","2019","1","84743200'","  "," -- Machines ? m?langer les mati?res min?rales au bitume","84'","Nuclear reactors, boilers, machinery and mechanical appliances; parts thereof","8474'","Machinery for sorting, screening, separating, washing, crushing, grinding, mixing or kneading earth,","847432'"," -- Machines for mixing mineral substances with bitumen","8","1","R","0","0","","","","0","0","0","0","0","0"
"4710","","HS 2007","Harmonized System 2007","Gabon","266'","2019","1","84743900'","  "," -- Autres","84'","Nuclear reactors, boilers, machinery and mechanical appliances; parts thereof","8474'","Machinery for sorting, screening, separating, washing, crushing, grinding, mixing or kneading earth,","847439'"," -- Other","8","1","R","0","0","","","","0","0","0","0","0","0"
"4711","","HS 2007","Harmonized System 2007","Gabon","266'","2019","1","84748000'","  "," - Autres machines et appareils","84'","Nuclear reactors, boilers, machinery and mechanical appliances; parts thereof","8474'","Machinery for sorting, screening, separating, washing, crushing, grinding, mixing or kneading earth,","847480'"," - Other machinery","8","1","R","0","0","","","","0","0","0","0","0","0"
"4712","","HS 2007","Harmonized System 2007","Gabon","266'","2019","1","84749000'","  "," - Parties","84'","Nuclear reactors, boilers, machinery and mechanical appliances; parts thereof","8474'","Machinery for sorting, screening, separating, washing, crushing, grinding, mixing or kneading earth,","847490'"," - Parts","8","1","R","0","0","","","","0","0","0","0","0","0"
"4713","","HS 2007","Harmonized System 2007","Gabon","266'","2019","1","84751000'","  "," - Machines pour l'assemblage des lampes, tubes ou valves ?lectriques ou ?lectroniques ou des lampes pour la production de la lumi?re-?clair, qui comportent une enveloppe en verre","84'","Nuclear reactors, boilers, machinery and mechanical appliances; parts thereof","8475'","Machines for assembling electric or electronic lamps, tubes or valves or flashbulbs, in glass envelo","847510'"," - Machines for assembling electric or electronic lamps, tubes or valves or flashbulbs, in glass enve","8","1","R","0","0","","","","0","0","0","0","0","0"
"4714","","HS 2007","Harmonized System 2007","Gabon","266'","2019","1","84752100'","  "," -- Machines pour la fabrication des fibres optiques et de leurs ?bauches","84'","Nuclear reactors, boilers, machinery and mechanical appliances; parts thereof","8475'","Machines for assembling electric or electronic lamps, tubes or valves or flashbulbs, in glass envelo","847521'"," -- Machines for making optical fibres and preforms thereof","8","1","R","0","0","","","","0","0","0","0","0","0"
"4715","","HS 2007","Harmonized System 2007","Gabon","266'","2019","1","84752900'","  "," -- Autres","84'","Nuclear reactors, boilers, machinery and mechanical appliances; parts thereof","8475'","Machines for assembling electric or electronic lamps, tubes or valves or flashbulbs, in glass envelo","847529'"," -- Other","8","1","R","0","0","","","","0","0","0","0","0","0"
"4716","","HS 2007","Harmonized System 2007","Gabon","266'","2019","1","84759000'","  "," - Parties","84'","Nuclear reactors, boilers, machinery and mechanical appliances; parts thereof","8475'","Machines for assembling electric or electronic lamps, tubes or valves or flashbulbs, in glass envelo","847590'"," - Parts","8","1","R","0","0","","","","0","0","0","0","0","0"
"4717","","HS 2007","Harmonized System 2007","Gabon","266'","2019","1","84762100'","  "," -- Comportant un dispositif de chauffage ou de r?frig?ration","84'","Nuclear reactors, boilers, machinery and mechanical appliances; parts thereof","8476'","Automatic goods-vending machines (for example, postage stamp, cigarette, food or beverage machines),","847621'"," -- Incorporating heating or refrigerating devices","8","1","R","0","0","","","","0","0","0","0","0","0"
"4718","","HS 2007","Harmonized System 2007","Gabon","266'","2019","1","84762900'","  "," -- Autres","84'","Nuclear reactors, boilers, machinery and mechanical appliances; parts thereof","8476'","Automatic goods-vending machines (for example, postage stamp, cigarette, food or beverage machines),","847629'"," -- Other","8","1","R","0","0","","","","0","0","0","0","0","0"
"4719","","HS 2007","Harmonized System 2007","Gabon","266'","2019","1","84768100'","  "," -- Comportant un dispositif de chauffage ou de r?frig?ration","84'","Nuclear reactors, boilers, machinery and mechanical appliances; parts thereof","8476'","Automatic goods-vending machines (for example, postage stamp, cigarette, food or beverage machines),","847681'"," -- Incorporating heating or refrigerating devices","8","1","R","0","0","","","","0","0","0","0","0","0"
"4720","","HS 2007","Harmonized System 2007","Gabon","266'","2019","1","84768900'","  "," -- Autres","84'","Nuclear reactors, boilers, machinery and mechanical appliances; parts thereof","8476'","Automatic goods-vending machines (for example, postage stamp, cigarette, food or beverage machines),","847689'"," -- Other","8","1","R","0","0","","","","0","0","0","0","0","0"
"4721","","HS 2007","Harmonized System 2007","Gabon","266'","2019","1","84769000'","  "," - Parties","84'","Nuclear reactors, boilers, machinery and mechanical appliances; parts thereof","8476'","Automatic goods-vending machines (for example, postage stamp, cigarette, food or beverage machines),","847690'"," - Parts","8","1","R","0","0","","","","0","0","0","0","0","0"
"4722","","HS 2007","Harmonized System 2007","Gabon","266'","2019","1","84771000'","  "," - Machines ? mouler par injection","84'","Nuclear reactors, boilers, machinery and mechanical appliances; parts thereof","8477'","Machinery for working rubber or plastics or for the manufacture of products from these materials, no","847710'"," - Injection-moulding machines","8","1","R","0","0","","","","0","0","0","0","0","0"
"4723","","HS 2007","Harmonized System 2007","Gabon","266'","2019","1","84772000'","  "," - Extrudeuses","84'","Nuclear reactors, boilers, machinery and mechanical appliances; parts thereof","8477'","Machinery for working rubber or plastics or for the manufacture of products from these materials, no","847720'"," - Extruders","8","1","R","0","0","","","","0","0","0","0","0","0"
"4724","","HS 2007","Harmonized System 2007","Gabon","266'","2019","1","84773000'","  "," - Machines ? mouler par soufflage","84'","Nuclear reactors, boilers, machinery and mechanical appliances; parts thereof","8477'","Machinery for working rubber or plastics or for the manufacture of products from these materials, no","847730'"," - Blow moulding machines","8","1","R","0","0","","","","0","0","0","0","0","0"
"4725","","HS 2007","Harmonized System 2007","Gabon","266'","2019","1","84774000'","  "," - Machines ? mouler sous vide et autres machines ? thermoformer","84'","Nuclear reactors, boilers, machinery and mechanical appliances; parts thereof","8477'","Machinery for working rubber or plastics or for the manufacture of products from these materials, no","847740'"," - Vacuum moulding machines and other thermoforming machines","8","1","R","0","0","","","","0","0","0","0","0","0"
"4726","","HS 2007","Harmonized System 2007","Gabon","266'","2019","1","84775100'","  "," -- A mouler ou ? rechaper les pneumatiques ou ? mouler ou ? former les chambres ? air","84'","Nuclear reactors, boilers, machinery and mechanical appliances; parts thereof","8477'","Machinery for working rubber or plastics or for the manufacture of products from these materials, no","847751'"," -- For moulding or retreading pneumatic tyres or for moulding or otherwise forming inner tubes","8","1","R","0","0","","","","0","0","0","0","0","0"
"4727","","HS 2007","Harmonized System 2007","Gabon","266'","2019","1","84775900'","  "," -- Autres","84'","Nuclear reactors, boilers, machinery and mechanical appliances; parts thereof","8477'","Machinery for working rubber or plastics or for the manufacture of products from these materials, no","847759'"," -- Other","8","1","R","0","0","","","","0","0","0","0","0","0"
"4728","","HS 2007","Harmonized System 2007","Gabon","266'","2019","1","84778000'","  "," - Autres machines et appareils","84'","Nuclear reactors, boilers, machinery and mechanical appliances; parts thereof","8477'","Machinery for working rubber or plastics or for the manufacture of products from these materials, no","847780'"," - Other machinery","8","1","R","0","0","","","","0","0","0","0","0","0"
"4729","","HS 2007","Harmonized System 2007","Gabon","266'","2019","1","84779000'","  "," - Parties","84'","Nuclear reactors, boilers, machinery and mechanical appliances; parts thereof","8477'","Machinery for working rubber or plastics or for the manufacture of products from these materials, no","847790'"," - Parts","8","1","R","0","0","","","","0","0","0","0","0","0"
"4730","","HS 2007","Harmonized System 2007","Gabon","266'","2019","1","84781000'","  "," - Machines et appareils","84'","Nuclear reactors, boilers, machinery and mechanical appliances; parts thereof","8478'","Machinery for preparing or making up tobacco, not specified or included elsewhere in this Chapter.","847810'"," - Machinery","8","1","R","0","0","","","","0","0","0","0","0","0"
"4731","","HS 2007","Harmonized System 2007","Gabon","266'","2019","1","84789000'","  "," - Parties","84'","Nuclear reactors, boilers, machinery and mechanical appliances; parts thereof","8478'","Machinery for preparing or making up tobacco, not specified or included elsewhere in this Chapter.","847890'"," - Parts","8","1","R","0","0","","","","0","0","0","0","0","0"
"4732","","HS 2007","Harmonized System 2007","Gabon","266'","2019","1","84791000'","  "," - Machines et appareils pour les travaux publics, le b?timent ou les travaux analogues","84'","Nuclear reactors, boilers, machinery and mechanical appliances; parts thereof","8479'","Machines and mechanical appliances having individual functions, not specified or included elsewhere ","847910'"," - Machinery for public works, building or the like","8","1","R","0","0","","","","0","0","0","0","0","0"
"4733","","HS 2007","Harmonized System 2007","Gabon","266'","2019","1","84792000'","  "," - Machines et appareils pour l'extraction ou la pr?paration des huiles ou graisses v?g?tales fixes ou animales","84'","Nuclear reactors, boilers, machinery and mechanical appliances; parts thereof","8479'","Machines and mechanical appliances having individual functions, not specified or included elsewhere ","847920'"," - Machinery for the extraction or preparation of animal or fixed vegetable fats or oils","8","1","R","0","0","","","","0","0","0","0","0","0"
"4734","","HS 2007","Harmonized System 2007","Gabon","266'","2019","1","84793000'","  "," - Presses pour la fabrication de panneaux de particules ou de fibres de bois ou d'autres mati?res ligneuses et autres machines et appareils pour le traitement du bois ou du li?ge","84'","Nuclear reactors, boilers, machinery and mechanical appliances; parts thereof","8479'","Machines and mechanical appliances having individual functions, not specified or included elsewhere ","847930'"," - Presses for the manufacture of particle board or fibre building board of wood or other ligneous ma","8","1","R","0","0","","","","0","0","0","0","0","0"
"4735","","HS 2007","Harmonized System 2007","Gabon","266'","2019","1","84794000'","  "," - Machines de corderie ou de c?blerie","84'","Nuclear reactors, boilers, machinery and mechanical appliances; parts thereof","8479'","Machines and mechanical appliances having individual functions, not specified or included elsewhere ","847940'"," - Rope or cable-making machines","8","1","R","0","0","","","","0","0","0","0","0","0"
"4736","","HS 2007","Harmonized System 2007","Gabon","266'","2019","1","84795000'","  "," - Robots industriels, non d?nomm?s ni compris ailleurs","84'","Nuclear reactors, boilers, machinery and mechanical appliances; parts thereof","8479'","Machines and mechanical appliances having individual functions, not specified or included elsewhere ","847950'"," - Industrial robots, not elsewhere specified or included","8","1","R","0","0","","","","0","0","0","0","0","0"
"4737","","HS 2007","Harmonized System 2007","Gabon","266'","2019","1","84796000'","  "," - Appareils ? ?vaporation pour le rafra?chissement de l'air","84'","Nuclear reactors, boilers, machinery and mechanical appliances; parts thereof","8479'","Machines and mechanical appliances having individual functions, not specified or included elsewhere ","847960'"," - Evaporative air coolers","8","1","R","0","0","","","","0","0","0","0","0","0"
"4738","","HS 2007","Harmonized System 2007","Gabon","266'","2019","1","84798100'","  "," -- Pour le traitement des m?taux, y compris les bobineuses pour enroulements ?lectriques","84'","Nuclear reactors, boilers, machinery and mechanical appliances; parts thereof","8479'","Machines and mechanical appliances having individual functions, not specified or included elsewhere ","847981'"," -- For treating metal, including electric wire coil-winders","8","1","R","0","0","","","","0","0","0","0","0","0"
"4739","","HS 2007","Harmonized System 2007","Gabon","266'","2019","1","84798200'","  "," -- A m?langer, malaxer, concasser, broyer, cribler, tamiser, homog?n?iser, ?mulsionner ou brasser","84'","Nuclear reactors, boilers, machinery and mechanical appliances; parts thereof","8479'","Machines and mechanical appliances having individual functions, not specified or included elsewhere ","847982'"," -- Mixing, kneading, crushing, grinding, screening, sifting, homogenising, emulsifying or stirring m","8","1","R","0","0","","","","0","0","0","0","0","0"
"4740","","HS 2007","Harmonized System 2007","Gabon","266'","2019","1","84798900'","  "," -- Autres","84'","Nuclear reactors, boilers, machinery and mechanical appliances; parts thereof","8479'","Machines and mechanical appliances having individual functions, not specified or included elsewhere ","847989'"," -- Other","8","1","R","0","0","","","","0","0","0","0","0","0"
"4741","","HS 2007","Harmonized System 2007","Gabon","266'","2019","1","84799000'","  "," - Parties","84'","Nuclear reactors, boilers, machinery and mechanical appliances; parts thereof","8479'","Machines and mechanical appliances having individual functions, not specified or included elsewhere ","847990'"," - Parts","8","1","R","0","0","","","","0","0","0","0","0","0"
"4742","","HS 2007","Harmonized System 2007","Gabon","266'","2019","1","84801000'","  "," - Ch?ssis de fonderie","84'","Nuclear reactors, boilers, machinery and mechanical appliances; parts thereof","8480'","Moulding boxes for metal foundry; mould bases; moulding patterns; moulds for metal (other than ingot","848010'"," - Moulding boxes for metal foundry","8","1","R","0","0","","","","0","0","0","0","0","0"
"4743","","HS 2007","Harmonized System 2007","Gabon","266'","2019","1","84802000'","  "," - Plaques de fond pour moules","84'","Nuclear reactors, boilers, machinery and mechanical appliances; parts thereof","8480'","Moulding boxes for metal foundry; mould bases; moulding patterns; moulds for metal (other than ingot","848020'"," - Mould bases","8","1","R","0","0","","","","0","0","0","0","0","0"
"4744","","HS 2007","Harmonized System 2007","Gabon","266'","2019","1","84803000'","  "," - Mod?les pour moules","84'","Nuclear reactors, boilers, machinery and mechanical appliances; parts thereof","8480'","Moulding boxes for metal foundry; mould bases; moulding patterns; moulds for metal (other than ingot","848030'"," - Moulding patterns","8","1","R","0","0","","","","0","0","0","0","0","0"
"4745","","HS 2007","Harmonized System 2007","Gabon","266'","2019","1","84804100'","  "," -- Pour le moulage par injection ou par compression","84'","Nuclear reactors, boilers, machinery and mechanical appliances; parts thereof","8480'","Moulding boxes for metal foundry; mould bases; moulding patterns; moulds for metal (other than ingot","848041'"," -- Injection or compression types","8","1","R","0","0","","","","0","0","0","0","0","0"
"4746","","HS 2007","Harmonized System 2007","Gabon","266'","2019","1","84804900'","  "," -- Autres","84'","Nuclear reactors, boilers, machinery and mechanical appliances; parts thereof","8480'","Moulding boxes for metal foundry; mould bases; moulding patterns; moulds for metal (other than ingot","848049'"," -- Other","8","1","R","0","0","","","","0","0","0","0","0","0"
"4747","","HS 2007","Harmonized System 2007","Gabon","266'","2019","1","84805000'","  "," - Moules pour le verre","84'","Nuclear reactors, boilers, machinery and mechanical appliances; parts thereof","8480'","Moulding boxes for metal foundry; mould bases; moulding patterns; moulds for metal (other than ingot","848050'"," - Moulds for glass","8","1","R","0","0","","","","0","0","0","0","0","0"
"4748","","HS 2007","Harmonized System 2007","Gabon","266'","2019","1","84806000'","  "," - Moules pour les mati?res min?rales","84'","Nuclear reactors, boilers, machinery and mechanical appliances; parts thereof","8480'","Moulding boxes for metal foundry; mould bases; moulding patterns; moulds for metal (other than ingot","848060'"," - Moulds for mineral materials","8","1","R","0","0","","","","0","0","0","0","0","0"
"4749","","HS 2007","Harmonized System 2007","Gabon","266'","2019","1","84807100'","  "," -- Pour le moulage par injection ou par compression","84'","Nuclear reactors, boilers, machinery and mechanical appliances; parts thereof","8480'","Moulding boxes for metal foundry; mould bases; moulding patterns; moulds for metal (other than ingot","848071'"," -- Injection or compression types","8","1","R","0","0","","","","0","0","0","0","0","0"
"4750","","HS 2007","Harmonized System 2007","Gabon","266'","2019","1","84807900'","  "," -- Autres","84'","Nuclear reactors, boilers, machinery and mechanical appliances; parts thereof","8480'","Moulding boxes for metal foundry; mould bases; moulding patterns; moulds for metal (other than ingot","848079'"," -- Other","8","1","R","0","0","","","","0","0","0","0","0","0"
"4751","","HS 2007","Harmonized System 2007","Gabon","266'","2019","1","84811000'","  "," - D?tendeurs","84'","Nuclear reactors, boilers, machinery and mechanical appliances; parts thereof","8481'","Taps, cocks, valves and similar appliances for pipes, boiler shells, tanks, vats or the like, includ","848110'"," - Pressure-reducing valves","8","1","R","0","0","","","","0","0","0","0","0","0"
"4752","","HS 2007","Harmonized System 2007","Gabon","266'","2019","1","84812000'","  "," - Valves pour transmissions ol?ohydrauliques ou pneumatiques","84'","Nuclear reactors, boilers, machinery and mechanical appliances; parts thereof","8481'","Taps, cocks, valves and similar appliances for pipes, boiler shells, tanks, vats or the like, includ","848120'"," - Valves for oleohydraulic or pneumatic transmissions","8","1","R","0","0","","","","0","0","0","0","0","0"
"4753","","HS 2007","Harmonized System 2007","Gabon","266'","2019","1","84813000'","  "," - Clapets et soupapes de retenue","84'","Nuclear reactors, boilers, machinery and mechanical appliances; parts thereof","8481'","Taps, cocks, valves and similar appliances for pipes, boiler shells, tanks, vats or the like, includ","848130'"," - Check (nonreturn) valves","8","1","R","0","0","","","","0","0","0","0","0","0"
"4754","","HS 2007","Harmonized System 2007","Gabon","266'","2019","1","84814000'","  "," - Soupapes de trop-plein ou de s?ret?","84'","Nuclear reactors, boilers, machinery and mechanical appliances; parts thereof","8481'","Taps, cocks, valves and similar appliances for pipes, boiler shells, tanks, vats or the like, includ","848140'"," - Safety or relief valves","8","1","R","0","0","","","","0","0","0","0","0","0"
"4755","","HS 2007","Harmonized System 2007","Gabon","266'","2019","1","84818000'","  "," - Autres articles de robinetterie et organes similaires","84'","Nuclear reactors, boilers, machinery and mechanical appliances; parts thereof","8481'","Taps, cocks, valves and similar appliances for pipes, boiler shells, tanks, vats or the like, includ","848180'"," - Other appliances","8","1","R","0","0","","","","0","0","0","0","0","0"
"4756","","HS 2007","Harmonized System 2007","Gabon","266'","2019","1","84819000'","  "," - Parties","84'","Nuclear reactors, boilers, machinery and mechanical appliances; parts thereof","8481'","Taps, cocks, valves and similar appliances for pipes, boiler shells, tanks, vats or the like, includ","848190'"," - Parts","8","1","R","0","0","","","","0","0","0","0","0","0"
"4757","","HS 2007","Harmonized System 2007","Gabon","266'","2019","1","84821000'","  "," - Roulements ? billes","84'","Nuclear reactors, boilers, machinery and mechanical appliances; parts thereof","8482'","Ball or roller bearings.","848210'"," - Ball bearings","8","1","R","0","0","","","","0","0","0","0","0","0"
"4758","","HS 2007","Harmonized System 2007","Gabon","266'","2019","1","84822000'","  "," - Roulements ? rouleaux coniques, y compris les assemblages de c?nes et rouleaux coniques","84'","Nuclear reactors, boilers, machinery and mechanical appliances; parts thereof","8482'","Ball or roller bearings.","848220'"," - Tapered roller bearings, including cone and tapered roller assemblies","8","1","R","0","0","","","","0","0","0","0","0","0"
"4759","","HS 2007","Harmonized System 2007","Gabon","266'","2019","1","84823000'","  "," - Roulements ? rouleaux en forme de tonneau","84'","Nuclear reactors, boilers, machinery and mechanical appliances; parts thereof","8482'","Ball or roller bearings.","848230'"," - Spherical roller bearings","8","1","R","0","0","","","","0","0","0","0","0","0"
"4760","","HS 2007","Harmonized System 2007","Gabon","266'","2019","1","84824000'","  "," - Roulements ? aiguilles","84'","Nuclear reactors, boilers, machinery and mechanical appliances; parts thereof","8482'","Ball or roller bearings.","848240'"," - Needle roller bearings","8","1","R","0","0","","","","0","0","0","0","0","0"
"4761","","HS 2007","Harmonized System 2007","Gabon","266'","2019","1","84825000'","  "," - Roulements ? rouleaux cylindriques","84'","Nuclear reactors, boilers, machinery and mechanical appliances; parts thereof","8482'","Ball or roller bearings.","848250'"," - Other cylindrical roller bearings","8","1","R","0","0","","","","0","0","0","0","0","0"
"4762","","HS 2007","Harmonized System 2007","Gabon","266'","2019","1","84828000'","  "," - Autres, y compris les roulements combin?s","84'","Nuclear reactors, boilers, machinery and mechanical appliances; parts thereof","8482'","Ball or roller bearings.","848280'"," - Other, including combined ball/roller bearings","8","1","R","0","0","","","","0","0","0","0","0","0"
"4763","","HS 2007","Harmonized System 2007","Gabon","266'","2019","1","84829100'","  "," -- Billes, galets, rouleaux et aiguilles","84'","Nuclear reactors, boilers, machinery and mechanical appliances; parts thereof","8482'","Ball or roller bearings.","848291'"," -- Balls, needles and rollers","8","1","R","0","0","","","","0","0","0","0","0","0"
"4764","","HS 2007","Harmonized System 2007","Gabon","266'","2019","1","84829900'","  "," -- Autres","84'","Nuclear reactors, boilers, machinery and mechanical appliances; parts thereof","8482'","Ball or roller bearings.","848299'"," -- Other","8","1","R","0","0","","","","0","0","0","0","0","0"
"4765","","HS 2007","Harmonized System 2007","Gabon","266'","2019","1","84831000'","  "," - Arbres de transmission (y compris les arbres ? cames et les vilebrequins) et manivelles","84'","Nuclear reactors, boilers, machinery and mechanical appliances; parts thereof","8483'","Transmission shafts (including cam shafts and crank shafts) and cranks; bearing housings and plain s","848310'"," - Transmission shafts (including cam shafts and crank shafts) and cranks","8","1","R","0","0","","","","0","0","0","0","0","0"
"4766","","HS 2007","Harmonized System 2007","Gabon","266'","2019","1","84832000'","  "," - Paliers ? roulements incorpor?s","84'","Nuclear reactors, boilers, machinery and mechanical appliances; parts thereof","8483'","Transmission shafts (including cam shafts and crank shafts) and cranks; bearing housings and plain s","848320'"," - Bearing housings, incorporating ball or roller bearings","8","1","R","0","0","","","","0","0","0","0","0","0"
"4767","","HS 2007","Harmonized System 2007","Gabon","266'","2019","1","84833000'","  "," - Paliers, autres qu'? roulements incorpor?s; coussinets","84'","Nuclear reactors, boilers, machinery and mechanical appliances; parts thereof","8483'","Transmission shafts (including cam shafts and crank shafts) and cranks; bearing housings and plain s","848330'"," - Bearing housings, not incorporating ball or roller bearings; plain shaft bearings","8","1","R","0","0","","","","0","0","0","0","0","0"
"4768","","HS 2007","Harmonized System 2007","Gabon","266'","2019","1","84834000'","  "," - Engrenages et roues de friction, autres que les roues dent?es et autres organes ?l?mentaires de transmission pr?sent?s s?par?ment; broches filet?es ? billes ou ? rouleaux; r?ducteurs, multiplicateurs et variateurs de vitesse, y compris les con","84'","Nuclear reactors, boilers, machinery and mechanical appliances; parts thereof","8483'","Transmission shafts (including cam shafts and crank shafts) and cranks; bearing housings and plain s","848340'"," - Gears and gearing, other than toothed wheels, chain sprockets and other transmission elements pres","8","1","R","0","0","","","","0","0","0","0","0","0"
"4769","","HS 2007","Harmonized System 2007","Gabon","266'","2019","1","84835000'","  "," - Volants et poulies, y compris les poulies ? moufles","84'","Nuclear reactors, boilers, machinery and mechanical appliances; parts thereof","8483'","Transmission shafts (including cam shafts and crank shafts) and cranks; bearing housings and plain s","848350'"," - Flywheels and pulleys, including pulley blocks","8","1","R","0","0","","","","0","0","0","0","0","0"
"4770","","HS 2007","Harmonized System 2007","Gabon","266'","2019","1","84836000'","  "," - Embrayages et organes d'accouplement, y compris les joints d'articulation","84'","Nuclear reactors, boilers, machinery and mechanical appliances; parts thereof","8483'","Transmission shafts (including cam shafts and crank shafts) and cranks; bearing housings and plain s","848360'"," - Clutches and shaft couplings (including universal joints)","8","1","R","0","0","","","","0","0","0","0","0","0"
"4771","","HS 2007","Harmonized System 2007","Gabon","266'","2019","1","84839000'","  "," - Roues dent?es et autres organes ?l?mentaires de transmission pr?sent?s s?par?ment; parties","84'","Nuclear reactors, boilers, machinery and mechanical appliances; parts thereof","8483'","Transmission shafts (including cam shafts and crank shafts) and cranks; bearing housings and plain s","848390'"," - Toothed wheels, chain sprockets and other transmission elements presented separately; parts","8","1","R","0","0","","","","0","0","0","0","0","0"
"4772","","HS 2007","Harmonized System 2007","Gabon","266'","2019","1","84841000'","  "," - Joints m?talloplastiques","84'","Nuclear reactors, boilers, machinery and mechanical appliances; parts thereof","8484'","Gaskets and similar joints of metal sheeting combined with other material or of two or more layers o","848410'"," - Gaskets and similar joints of metal sheeting combined with other material or of two or more layers","8","1","R","0","0","","","","0","0","0","0","0","0"
"4773","","HS 2007","Harmonized System 2007","Gabon","266'","2019","1","84842000'","  "," - Joints d'?tanch?it? m?caniques","84'","Nuclear reactors, boilers, machinery and mechanical appliances; parts thereof","8484'","Gaskets and similar joints of metal sheeting combined with other material or of two or more layers o","848420'"," - Mechanical seals","8","1","R","0","0","","","","0","0","0","0","0","0"
"4774","","HS 2007","Harmonized System 2007","Gabon","266'","2019","1","84849000'","  "," - Autres","84'","Nuclear reactors, boilers, machinery and mechanical appliances; parts thereof","8484'","Gaskets and similar joints of metal sheeting combined with other material or of two or more layers o","848490'"," - Other","8","1","R","0","0","","","","0","0","0","0","0","0"
"4775","","HS 2007","Harmonized System 2007","Gabon","266'","2019","1","84861000'","  "," - Machines et appareils pour la fabrication de lingots ou de plaquettes","84'","Nuclear reactors, boilers, machinery and mechanical appliances; parts thereof","8486'","Machines and apparatus of a kind used solely or principally for the manufacture of semiconductor bou","848610'"," - Machines and apparatus for the manufacture of boules or wafers","8","1","R","0","0","","","","0","0","0","0","0","0"
"4776","","HS 2007","Harmonized System 2007","Gabon","266'","2019","1","84862010'","  "," photos repeteurs","84'","Nuclear reactors, boilers, machinery and mechanical appliances; parts thereof","8486'","Machines and apparatus of a kind used solely or principally for the manufacture of semiconductor bou","848620'"," - Machines and apparatus for the manufacture of semiconductor devices or of electronic integrated ci","8","1","R","0","0","","","","0","0","0","0","0","0"
"4777","","HS 2007","Harmonized System 2007","Gabon","266'","2019","1","84862020'","  "," appareils pr l'ecriture directe sur disque","84'","Nuclear reactors, boilers, machinery and mechanical appliances; parts thereof","8486'","Machines and apparatus of a kind used solely or principally for the manufacture of semiconductor bou","848620'"," - Machines and apparatus for the manufacture of semiconductor devices or of electronic integrated ci","8","1","R","0","0","","","","0","0","0","0","0","0"
"4778","","HS 2007","Harmonized System 2007","Gabon","266'","2019","1","84862030'","  "," appareils pr la projection ou ralisation de trac de circuit","84'","Nuclear reactors, boilers, machinery and mechanical appliances; parts thereof","8486'","Machines and apparatus of a kind used solely or principally for the manufacture of semiconductor bou","848620'"," - Machines and apparatus for the manufacture of semiconductor devices or of electronic integrated ci","8","1","R","0","0","","","","0","0","0","0","0","0"
"4779","","HS 2007","Harmonized System 2007","Gabon","266'","2019","1","84862090'","  "," Autres","84'","Nuclear reactors, boilers, machinery and mechanical appliances; parts thereof","8486'","Machines and apparatus of a kind used solely or principally for the manufacture of semiconductor bou","848620'"," - Machines and apparatus for the manufacture of semiconductor devices or of electronic integrated ci","8","1","R","0","0","","","","0","0","0","0","0","0"
"4780","","HS 2007","Harmonized System 2007","Gabon","266'","2019","1","84863000'","  "," - Machines et appareils pour la fabrication de dispositifs d'affichage ? ?cran plat","84'","Nuclear reactors, boilers, machinery and mechanical appliances; parts thereof","8486'","Machines and apparatus of a kind used solely or principally for the manufacture of semiconductor bou","848630'"," - Machines and apparatus for the manufacture of flat panel displays","8","1","R","0","0","","","","0","0","0","0","0","0"
"4781","","HS 2007","Harmonized System 2007","Gabon","266'","2019","1","84864000'","  "," - Machines et appareils vis?s ? la Note 9 C) du pr?sent Chapitre","84'","Nuclear reactors, boilers, machinery and mechanical appliances; parts thereof","8486'","Machines and apparatus of a kind used solely or principally for the manufacture of semiconductor bou","848640'"," - Machines and apparatus specified in Note 9 (C) to this Chapter","8","1","R","0","0","","","","0","0","0","0","0","0"
"4782","","HS 2007","Harmonized System 2007","Gabon","266'","2019","1","84869000'","  "," - Parties et accessoires","84'","Nuclear reactors, boilers, machinery and mechanical appliances; parts thereof","8486'","Machines and apparatus of a kind used solely or principally for the manufacture of semiconductor bou","848690'"," - Parts and accessories","8","1","R","0","0","","","","0","0","0","0","0","0"
"4783","","HS 2007","Harmonized System 2007","Gabon","266'","2019","1","84871000'","  "," - H?lices pour bateaux et leurs pales","84'","Nuclear reactors, boilers, machinery and mechanical appliances; parts thereof","8487'","Machinery parts, not containing electrical connectors, insulators, coils, contacts or other electric","848710'"," - Ships' or boats' propellers and blades therefor","8","1","R","0","0","","","","0","0","0","0","0","0"
"4784","","HS 2007","Harmonized System 2007","Gabon","266'","2019","1","84879010'","  "," Batis et socles de machines","84'","Nuclear reactors, boilers, machinery and mechanical appliances; parts thereof","8487'","Machinery parts, not containing electrical connectors, insulators, coils, contacts or other electric","848790'"," - Other","8","1","R","0","0","","","","0","0","0","0","0","0"
"4785","","HS 2007","Harmonized System 2007","Gabon","266'","2019","1","84879090'","  "," Parties du 8485 pour machines autres que batis et socle","84'","Nuclear reactors, boilers, machinery and mechanical appliances; parts thereof","8487'","Machinery parts, not containing electrical connectors, insulators, coils, contacts or other electric","848790'"," - Other","8","1","R","0","0","","","","0","0","0","0","0","0"
"4786","","HS 2007","Harmonized System 2007","Gabon","266'","2019","1","85011000'","  "," - Moteurs d'une puissance n'exc?dant pas 37,5 W","85'","Electrical machinery and equipment and parts thereof; sound recorders and reproducers, television im","8501'","Electric motors and generators (excluding generating sets).","850110'"," - Motors of an output not exceeding 37.5 W","8","1","R","0","0","","","","0","0","0","0","0","0"
"4787","","HS 2007","Harmonized System 2007","Gabon","266'","2019","1","85012000'","  "," - Moteurs universels d'une puissance exc?dant 37,5 W","85'","Electrical machinery and equipment and parts thereof; sound recorders and reproducers, television im","8501'","Electric motors and generators (excluding generating sets).","850120'"," - Universal AC/DC motors of an output exceeding 37.5 W","8","1","R","0","0","","","","0","0","0","0","0","0"
"4788","","HS 2007","Harmonized System 2007","Gabon","266'","2019","1","85013100'","  "," -- D'une puissance n'exc?dant pas 750 W","85'","Electrical machinery and equipment and parts thereof; sound recorders and reproducers, television im","8501'","Electric motors and generators (excluding generating sets).","850131'"," -- Of an output not exceeding 750 W","8","1","R","0","0","","","","0","0","0","0","0","0"
"4789","","HS 2007","Harmonized System 2007","Gabon","266'","2019","1","85013200'","  "," -- D'une puissance exc?dant 750 W mais n'exc?dant pas 75 kW","85'","Electrical machinery and equipment and parts thereof; sound recorders and reproducers, television im","8501'","Electric motors and generators (excluding generating sets).","850132'"," -- Of an output exceeding 750 W but not exceeding 75 kW","8","1","R","0","0","","","","0","0","0","0","0","0"
"4790","","HS 2007","Harmonized System 2007","Gabon","266'","2019","1","85013300'","  "," -- D'une puissance exc?dant 75 kW mais n'exc?dant pas 375?kW","85'","Electrical machinery and equipment and parts thereof; sound recorders and reproducers, television im","8501'","Electric motors and generators (excluding generating sets).","850133'"," -- Of an output exceeding 75 kW but not exceeding 375 kW","8","1","R","0","0","","","","0","0","0","0","0","0"
"4791","","HS 2007","Harmonized System 2007","Gabon","266'","2019","1","85013400'","  "," -- D'une puissance exc?dant 375 kW","85'","Electrical machinery and equipment and parts thereof; sound recorders and reproducers, television im","8501'","Electric motors and generators (excluding generating sets).","850134'"," -- Of an output exceeding 375 kW","8","1","R","0","0","","","","0","0","0","0","0","0"
"4792","","HS 2007","Harmonized System 2007","Gabon","266'","2019","1","85014000'","  "," - Autres moteurs ? courant alternatif, monophas?s","85'","Electrical machinery and equipment and parts thereof; sound recorders and reproducers, television im","8501'","Electric motors and generators (excluding generating sets).","850140'"," - Other AC motors, single-phase","8","1","R","0","0","","","","0","0","0","0","0","0"
"4793","","HS 2007","Harmonized System 2007","Gabon","266'","2019","1","85015100'","  "," -- D'une puissance n'exc?dant pas 750 W","85'","Electrical machinery and equipment and parts thereof; sound recorders and reproducers, television im","8501'","Electric motors and generators (excluding generating sets).","850151'"," -- Of an output not exceeding 750 W","8","1","R","0","0","","","","0","0","0","0","0","0"
"4794","","HS 2007","Harmonized System 2007","Gabon","266'","2019","1","85015200'","  "," -- D'une puissance exc?dant 750 W mais n'exc?dant pas 75 kW","85'","Electrical machinery and equipment and parts thereof; sound recorders and reproducers, television im","8501'","Electric motors and generators (excluding generating sets).","850152'"," -- Of an output exceeding 750 W but not exceeding 75 kW","8","1","R","0","0","","","","0","0","0","0","0","0"
"4795","","HS 2007","Harmonized System 2007","Gabon","266'","2019","1","85015300'","  "," -- D'une puissance exc?dant 75 kW","85'","Electrical machinery and equipment and parts thereof; sound recorders and reproducers, television im","8501'","Electric motors and generators (excluding generating sets).","850153'"," -- Of an output exceeding 75 kW","8","1","R","0","0","","","","0","0","0","0","0","0"
"4796","","HS 2007","Harmonized System 2007","Gabon","266'","2019","1","85016100'","  "," -- D'une puissance n'exc?dant pas 75 kVA","85'","Electrical machinery and equipment and parts thereof; sound recorders and reproducers, television im","8501'","Electric motors and generators (excluding generating sets).","850161'"," -- Of an output not exceeding 75 kVA","8","1","R","0","0","","","","0","0","0","0","0","0"
"4797","","HS 2007","Harmonized System 2007","Gabon","266'","2019","1","85016200'","  "," -- D'une puissance exc?dant 75 kVA mais n'exc?dant pas 375?kVA","85'","Electrical machinery and equipment and parts thereof; sound recorders and reproducers, television im","8501'","Electric motors and generators (excluding generating sets).","850162'"," -- Of an output exceeding 75 kVA but not exceeding 375 kVA","8","1","R","0","0","","","","0","0","0","0","0","0"
"4798","","HS 2007","Harmonized System 2007","Gabon","266'","2019","1","85016300'","  "," -- D'une puissance exc?dant 375 kVA mais n'exc?dant pas 750?kVA","85'","Electrical machinery and equipment and parts thereof; sound recorders and reproducers, television im","8501'","Electric motors and generators (excluding generating sets).","850163'"," -- Of an output exceeding 375 kVA but not exceeding 750?kVA","8","1","R","0","0","","","","0","0","0","0","0","0"
"4799","","HS 2007","Harmonized System 2007","Gabon","266'","2019","1","85016400'","  "," -- D'une puissance exc?dant 750 kVA","85'","Electrical machinery and equipment and parts thereof; sound recorders and reproducers, television im","8501'","Electric motors and generators (excluding generating sets).","850164'"," -- Of an output exceeding 750 kVA","8","1","R","0","0","","","","0","0","0","0","0","0"
"4800","","HS 2007","Harmonized System 2007","Gabon","266'","2019","1","85021100'","  "," -- D'une puissance n'exc?dant pas 75 kVA","85'","Electrical machinery and equipment and parts thereof; sound recorders and reproducers, television im","8502'","Electric generating sets and rotary converters.","850211'"," -- Of an output not exceeding 75 kVA","8","1","R","0","0","","","","0","0","0","0","0","0"
"4801","","HS 2007","Harmonized System 2007","Gabon","266'","2019","1","85021200'","  "," -- D'une puissance exc?dant 75 kVA mais n'exc?dant pas 375?kVA","85'","Electrical machinery and equipment and parts thereof; sound recorders and reproducers, television im","8502'","Electric generating sets and rotary converters.","850212'"," -- Of an output exceeding 75 kVA but not exceeding 375 kVA","8","1","R","0","0","","","","0","0","0","0","0","0"
"4802","","HS 2007","Harmonized System 2007","Gabon","266'","2019","1","85021300'","  "," -- D'une puissance exc?dant 375 kVA","85'","Electrical machinery and equipment and parts thereof; sound recorders and reproducers, television im","8502'","Electric generating sets and rotary converters.","850213'"," -- Of an output exceeding 375 kVA","8","1","R","0","0","","","","0","0","0","0","0","0"
"4803","","HS 2007","Harmonized System 2007","Gabon","266'","2019","1","85022000'","  "," - Groupes ?lectrog?nes ? moteur ? piston ? allumage par ?tincelles (moteurs ? explosion)","85'","Electrical machinery and equipment and parts thereof; sound recorders and reproducers, television im","8502'","Electric generating sets and rotary converters.","850220'"," - Generating sets with spark-ignition internal combustion piston engines","8","1","R","0","0","","","","0","0","0","0","0","0"
"4804","","HS 2007","Harmonized System 2007","Gabon","266'","2019","1","85023100'","  "," -- A ?nergie ?olienne","85'","Electrical machinery and equipment and parts thereof; sound recorders and reproducers, television im","8502'","Electric generating sets and rotary converters.","850231'"," -- Wind-powered","8","1","R","0","0","","","","0","0","0","0","0","0"
"4805","","HS 2007","Harmonized System 2007","Gabon","266'","2019","1","85023900'","  "," -- Autres","85'","Electrical machinery and equipment and parts thereof; sound recorders and reproducers, television im","8502'","Electric generating sets and rotary converters.","850239'"," -- Other","8","1","R","0","0","","","","0","0","0","0","0","0"
"4806","","HS 2007","Harmonized System 2007","Gabon","266'","2019","1","85024000'","  "," - Convertisseurs rotatifs ?lectriques","85'","Electrical machinery and equipment and parts thereof; sound recorders and reproducers, television im","8502'","Electric generating sets and rotary converters.","850240'"," - Electric rotary converters","8","1","R","0","0","","","","0","0","0","0","0","0"
"4807","","HS 2007","Harmonized System 2007","Gabon","266'","2019","1","85030000'","  "," Parties reconnaissables comme ?tant exclusivement ou principalement destin?es aux machines des n?s 85.01 ou 85.02.","85'","Electrical machinery and equipment and parts thereof; sound recorders and reproducers, television im","8503'","Parts suitable for use solely or principally with the machines of heading 85.01 or 85.02.","850300'"," Parts suitable for use solely or principally with the machines of heading 85.01 or 85.02.","8","1","R","0","0","","","","0","0","0","0","0","0"
"4808","","HS 2007","Harmonized System 2007","Gabon","266'","2019","1","85041000'","  "," - Ballasts pour lampes ou tubes ? d?charge","85'","Electrical machinery and equipment and parts thereof; sound recorders and reproducers, television im","8504'","Electrical transformers, static converters (for example, rectifiers) and inductors.","850410'"," - Ballasts for discharge lamps or tubes","8","1","R","0","0","","","","0","0","0","0","0","0"
"4809","","HS 2007","Harmonized System 2007","Gabon","266'","2019","1","85042100'","  "," -- D'une puissance n'exc?dant pas 650 kVA","85'","Electrical machinery and equipment and parts thereof; sound recorders and reproducers, television im","8504'","Electrical transformers, static converters (for example, rectifiers) and inductors.","850421'"," -- Having a power handling capacity not exceeding 650 kVA","8","1","R","0","0","","","","0","0","0","0","0","0"
"4810","","HS 2007","Harmonized System 2007","Gabon","266'","2019","1","85042200'","  "," -- D'une puissance exc?dant 650 kVA mais n'exc?dant pas 10.000 kVA","85'","Electrical machinery and equipment and parts thereof; sound recorders and reproducers, television im","8504'","Electrical transformers, static converters (for example, rectifiers) and inductors.","850422'"," -- Having a power handling capacity exceeding 650 kVA but not exceeding 10,000 kVA","8","1","R","0","0","","","","0","0","0","0","0","0"
"4811","","HS 2007","Harmonized System 2007","Gabon","266'","2019","1","85042300'","  "," -- D'une puissance exc?dant 10.000 kVA","85'","Electrical machinery and equipment and parts thereof; sound recorders and reproducers, television im","8504'","Electrical transformers, static converters (for example, rectifiers) and inductors.","850423'"," -- Having a power handling capacity exceeding 10,000 kVA","8","1","R","0","0","","","","0","0","0","0","0","0"
"4812","","HS 2007","Harmonized System 2007","Gabon","266'","2019","1","85043100'","  "," -- D'une puissance n'exc?dant pas 1 kVA","85'","Electrical machinery and equipment and parts thereof; sound recorders and reproducers, television im","8504'","Electrical transformers, static converters (for example, rectifiers) and inductors.","850431'"," -- Having a power handling capacity not exceeding 1 kVA","8","1","R","0","0","","","","0","0","0","0","0","0"
"4813","","HS 2007","Harmonized System 2007","Gabon","266'","2019","1","85043200'","  "," -- D'une puissance exc?dant 1 kVA mais n'exc?dant pas 16?kVA","85'","Electrical machinery and equipment and parts thereof; sound recorders and reproducers, television im","8504'","Electrical transformers, static converters (for example, rectifiers) and inductors.","850432'"," -- Having a power handling capacity exceeding 1 kVA but not exceeding 16 kVA","8","1","R","0","0","","","","0","0","0","0","0","0"
"4814","","HS 2007","Harmonized System 2007","Gabon","266'","2019","1","85043300'","  "," -- D'une puissance exc?dant 16 kVA mais n'exc?dant pas 500?kVA","85'","Electrical machinery and equipment and parts thereof; sound recorders and reproducers, television im","8504'","Electrical transformers, static converters (for example, rectifiers) and inductors.","850433'"," -- Having a power handling capacity exceeding 16 kVA but not exceeding 500 kVA","8","1","R","0","0","","","","0","0","0","0","0","0"
"4815","","HS 2007","Harmonized System 2007","Gabon","266'","2019","1","85043400'","  "," -- D'une puissance exc?dant 500 kVA","85'","Electrical machinery and equipment and parts thereof; sound recorders and reproducers, television im","8504'","Electrical transformers, static converters (for example, rectifiers) and inductors.","850434'"," -- Having a power handling capacity exceeding 500 kVA","8","1","R","0","0","","","","0","0","0","0","0","0"
"4816","","HS 2007","Harmonized System 2007","Gabon","266'","2019","1","85044000'","  "," - Convertisseurs statiques","85'","Electrical machinery and equipment and parts thereof; sound recorders and reproducers, television im","8504'","Electrical transformers, static converters (for example, rectifiers) and inductors.","850440'"," - Static converters","8","1","R","0","0","","","","0","0","0","0","0","0"
"4817","","HS 2007","Harmonized System 2007","Gabon","266'","2019","1","85045000'","  "," - Autres bobines de r?actance et autres selfs","85'","Electrical machinery and equipment and parts thereof; sound recorders and reproducers, television im","8504'","Electrical transformers, static converters (for example, rectifiers) and inductors.","850450'"," - Other inductors","8","1","R","0","0","","","","0","0","0","0","0","0"
"4818","","HS 2007","Harmonized System 2007","Gabon","266'","2019","1","85049000'","  "," - Parties","85'","Electrical machinery and equipment and parts thereof; sound recorders and reproducers, television im","8504'","Electrical transformers, static converters (for example, rectifiers) and inductors.","850490'"," - Parts","8","1","R","0","0","","","","0","0","0","0","0","0"
"4819","","HS 2007","Harmonized System 2007","Gabon","266'","2019","1","85051100'","  "," -- En m?tal","85'","Electrical machinery and equipment and parts thereof; sound recorders and reproducers, television im","8505'","Electro-magnets; permanent magnets and articles intended to become permanent magnets after magnetisa","850511'"," -- Of metal","8","1","R","0","0","","","","0","0","0","0","0","0"
"4820","","HS 2007","Harmonized System 2007","Gabon","266'","2019","1","85051900'","  "," -- Autres","85'","Electrical machinery and equipment and parts thereof; sound recorders and reproducers, television im","8505'","Electro-magnets; permanent magnets and articles intended to become permanent magnets after magnetisa","850519'"," -- Other","8","1","R","0","0","","","","0","0","0","0","0","0"
"4821","","HS 2007","Harmonized System 2007","Gabon","266'","2019","1","85052000'","  "," - Accouplements, embrayages, variateurs de vitesse et freins ?lectromagn?tiques","85'","Electrical machinery and equipment and parts thereof; sound recorders and reproducers, television im","8505'","Electro-magnets; permanent magnets and articles intended to become permanent magnets after magnetisa","850520'"," - Electro-magnetic couplings, clutches and brakes","8","1","R","0","0","","","","0","0","0","0","0","0"
"4822","","HS 2007","Harmonized System 2007","Gabon","266'","2019","1","85059000'","  "," - Autres, y compris les parties","85'","Electrical machinery and equipment and parts thereof; sound recorders and reproducers, television im","8505'","Electro-magnets; permanent magnets and articles intended to become permanent magnets after magnetisa","850590'"," - Other, including parts","8","1","R","0","0","","","","0","0","0","0","0","0"
"4823","","HS 2007","Harmonized System 2007","Gabon","266'","2019","1","85061000'","  "," - Au bioxyde de mangan?se","85'","Electrical machinery and equipment and parts thereof; sound recorders and reproducers, television im","8506'","Primary cells and primary batteries.","850610'"," - Manganese dioxide","8","1","R","0","0","","","","0","0","0","0","0","0"
"4824","","HS 2007","Harmonized System 2007","Gabon","266'","2019","1","85063000'","  "," - A l'oxyde de mercure","85'","Electrical machinery and equipment and parts thereof; sound recorders and reproducers, television im","8506'","Primary cells and primary batteries.","850630'"," - Mercuric oxide","8","1","R","0","0","","","","0","0","0","0","0","0"
"4825","","HS 2007","Harmonized System 2007","Gabon","266'","2019","1","85064000'","  "," - A l'oxyde d'argent","85'","Electrical machinery and equipment and parts thereof; sound recorders and reproducers, television im","8506'","Primary cells and primary batteries.","850640'"," - Silver oxide","8","1","R","0","0","","","","0","0","0","0","0","0"
"4826","","HS 2007","Harmonized System 2007","Gabon","266'","2019","1","85065000'","  "," - Au lithium","85'","Electrical machinery and equipment and parts thereof; sound recorders and reproducers, television im","8506'","Primary cells and primary batteries.","850650'"," - Lithium","8","1","R","0","0","","","","0","0","0","0","0","0"
"4827","","HS 2007","Harmonized System 2007","Gabon","266'","2019","1","85066000'","  "," - A l'air-zinc","85'","Electrical machinery and equipment and parts thereof; sound recorders and reproducers, television im","8506'","Primary cells and primary batteries.","850660'"," - Air-zinc","8","1","R","0","0","","","","0","0","0","0","0","0"
"4828","","HS 2007","Harmonized System 2007","Gabon","266'","2019","1","85068000'","  "," - Autres piles et batteries de piles","85'","Electrical machinery and equipment and parts thereof; sound recorders and reproducers, television im","8506'","Primary cells and primary batteries.","850680'"," - Other primary cells and primary batteries","8","1","R","0","0","","","","0","0","0","0","0","0"
"4829","","HS 2007","Harmonized System 2007","Gabon","266'","2019","1","85069000'","  "," - Parties","85'","Electrical machinery and equipment and parts thereof; sound recorders and reproducers, television im","8506'","Primary cells and primary batteries.","850690'"," - Parts","8","1","R","0","0","","","","0","0","0","0","0","0"
"4830","","HS 2007","Harmonized System 2007","Gabon","266'","2019","1","85071000'","  "," - Au plomb, des types utilis?s pour le d?marrage des moteurs ? piston","85'","Electrical machinery and equipment and parts thereof; sound recorders and reproducers, television im","8507'","Electric accumulators, including separators therefor, whether or not rectangular (including square).","850710'"," - Lead-acid, of a kind used for starting piston engines","8","1","R","0","0","","","","0","0","0","0","0","0"
"4831","","HS 2007","Harmonized System 2007","Gabon","266'","2019","1","85072000'","  "," - Autres accumulateurs au plomb","85'","Electrical machinery and equipment and parts thereof; sound recorders and reproducers, television im","8507'","Electric accumulators, including separators therefor, whether or not rectangular (including square).","850720'"," - Other lead-acid accumulators","8","1","R","0","0","","","","0","0","0","0","0","0"
"4832","","HS 2007","Harmonized System 2007","Gabon","266'","2019","1","85073000'","  "," - Au nickel-cadmium","85'","Electrical machinery and equipment and parts thereof; sound recorders and reproducers, television im","8507'","Electric accumulators, including separators therefor, whether or not rectangular (including square).","850730'"," - Nickel-cadmium","8","1","R","0","0","","","","0","0","0","0","0","0"
"4833","","HS 2007","Harmonized System 2007","Gabon","266'","2019","1","85074000'","  "," - Au nickel-fer","85'","Electrical machinery and equipment and parts thereof; sound recorders and reproducers, television im","8507'","Electric accumulators, including separators therefor, whether or not rectangular (including square).","850740'"," - Nickel-iron","8","1","R","0","0","","","","0","0","0","0","0","0"
"4834","","HS 2007","Harmonized System 2007","Gabon","266'","2019","1","85078000'","  "," - Autres accumulateurs","85'","Electrical machinery and equipment and parts thereof; sound recorders and reproducers, television im","8507'","Electric accumulators, including separators therefor, whether or not rectangular (including square).","850780'"," - Other accumulators","8","1","R","0","0","","","","0","0","0","0","0","0"
"4835","","HS 2007","Harmonized System 2007","Gabon","266'","2019","1","85079000'","  "," - Parties","85'","Electrical machinery and equipment and parts thereof; sound recorders and reproducers, television im","8507'","Electric accumulators, including separators therefor, whether or not rectangular (including square).","850790'"," - Parts","8","1","R","0","0","","","","0","0","0","0","0","0"
"4836","","HS 2007","Harmonized System 2007","Gabon","266'","2019","1","85081100'","  "," -- D'une puissance n'exc?dant pas 1.500 W et dont le volume du r?servoir n'exc?de pas 20 l","85'","Electrical machinery and equipment and parts thereof; sound recorders and reproducers, television im","8508'","Vacuum cleaners.","850811'"," -- Of a power not exceeding 1,500 W and having a dust bag or other receptacle capacity not exceeding","8","1","R","0","0","","","","0","0","0","0","0","0"
"4837","","HS 2007","Harmonized System 2007","Gabon","266'","2019","1","85081900'","  "," -- Autres","85'","Electrical machinery and equipment and parts thereof; sound recorders and reproducers, television im","8508'","Vacuum cleaners.","850819'"," -- Other","8","1","R","0","0","","","","0","0","0","0","0","0"
"4838","","HS 2007","Harmonized System 2007","Gabon","266'","2019","1","85086000'","  "," - Autres aspirateurs","85'","Electrical machinery and equipment and parts thereof; sound recorders and reproducers, television im","8508'","Vacuum cleaners.","850860'"," - Other vacuum cleaners","8","1","R","0","0","","","","0","0","0","0","0","0"
"4839","","HS 2007","Harmonized System 2007","Gabon","266'","2019","1","85087000'","  "," - Parties","85'","Electrical machinery and equipment and parts thereof; sound recorders and reproducers, television im","8508'","Vacuum cleaners.","850870'"," - Parts","8","1","R","0","0","","","","0","0","0","0","0","0"
"4840","","HS 2007","Harmonized System 2007","Gabon","266'","2019","1","85094000'","  "," - Broyeurs et m?langeurs pour aliments; presse-fruits et presse-l?gumes","85'","Electrical machinery and equipment and parts thereof; sound recorders and reproducers, television im","8509'","Electro-mechanical domestic appliances, with self-contained electric motor, other than vacuum cleane","850940'"," - Food grinders and mixers; fruit or vegetable juice extractors","8","1","R","0","0","","","","0","0","0","0","0","0"
"4841","","HS 2007","Harmonized System 2007","Gabon","266'","2019","1","85098000'","  "," - Autres appareils","85'","Electrical machinery and equipment and parts thereof; sound recorders and reproducers, television im","8509'","Electro-mechanical domestic appliances, with self-contained electric motor, other than vacuum cleane","850980'"," - Other appliances","8","1","R","0","0","","","","0","0","0","0","0","0"
"4842","","HS 2007","Harmonized System 2007","Gabon","266'","2019","1","85099000'","  "," - Parties","85'","Electrical machinery and equipment and parts thereof; sound recorders and reproducers, television im","8509'","Electro-mechanical domestic appliances, with self-contained electric motor, other than vacuum cleane","850990'"," - Parts","8","1","R","0","0","","","","0","0","0","0","0","0"
"4843","","HS 2007","Harmonized System 2007","Gabon","266'","2019","1","85101000'","  "," - Rasoirs","85'","Electrical machinery and equipment and parts thereof; sound recorders and reproducers, television im","8510'","Shavers, hair clippers and hair-removing appliances, with self-contained electric motor.","851010'"," - Shavers","8","1","R","0","0","","","","0","0","0","0","0","0"
"4844","","HS 2007","Harmonized System 2007","Gabon","266'","2019","1","85102000'","  "," - Tondeuses","85'","Electrical machinery and equipment and parts thereof; sound recorders and reproducers, television im","8510'","Shavers, hair clippers and hair-removing appliances, with self-contained electric motor.","851020'"," - Hair clippers","8","1","R","0","0","","","","0","0","0","0","0","0"
"4845","","HS 2007","Harmonized System 2007","Gabon","266'","2019","1","85103000'","  "," - Appareils ? ?piler","85'","Electrical machinery and equipment and parts thereof; sound recorders and reproducers, television im","8510'","Shavers, hair clippers and hair-removing appliances, with self-contained electric motor.","851030'"," - Hair-removing appliances","8","1","R","0","0","","","","0","0","0","0","0","0"
"4846","","HS 2007","Harmonized System 2007","Gabon","266'","2019","1","85109000'","  "," - Parties","85'","Electrical machinery and equipment and parts thereof; sound recorders and reproducers, television im","8510'","Shavers, hair clippers and hair-removing appliances, with self-contained electric motor.","851090'"," - Parts","8","1","R","0","0","","","","0","0","0","0","0","0"
"4847","","HS 2007","Harmonized System 2007","Gabon","266'","2019","1","85111000'","  "," - Bougies d'allumage","85'","Electrical machinery and equipment and parts thereof; sound recorders and reproducers, television im","8511'","Electrical ignition or starting equipment of a kind used for spark-ignition or compression-ignition ","851110'"," - Sparking plugs","8","1","R","0","0","","","","0","0","0","0","0","0"
"4848","","HS 2007","Harmonized System 2007","Gabon","266'","2019","1","85112000'","  "," - Magn?tos; dynamos-magn?tos; volants magn?tiques","85'","Electrical machinery and equipment and parts thereof; sound recorders and reproducers, television im","8511'","Electrical ignition or starting equipment of a kind used for spark-ignition or compression-ignition ","851120'"," - Ignition magnetos; magneto-dynamos; magnetic flywheels","8","1","R","0","0","","","","0","0","0","0","0","0"
"4849","","HS 2007","Harmonized System 2007","Gabon","266'","2019","1","85113000'","  "," - Distributeurs; bobines d'allumage","85'","Electrical machinery and equipment and parts thereof; sound recorders and reproducers, television im","8511'","Electrical ignition or starting equipment of a kind used for spark-ignition or compression-ignition ","851130'"," - Distributors; ignition coils","8","1","R","0","0","","","","0","0","0","0","0","0"
"4850","","HS 2007","Harmonized System 2007","Gabon","266'","2019","1","85114000'","  "," - D?marreurs, m?me fonctionnant comme g?n?ratrices","85'","Electrical machinery and equipment and parts thereof; sound recorders and reproducers, television im","8511'","Electrical ignition or starting equipment of a kind used for spark-ignition or compression-ignition ","851140'"," - Starter motors and dual purpose starter-generators","8","1","R","0","0","","","","0","0","0","0","0","0"
"4851","","HS 2007","Harmonized System 2007","Gabon","266'","2019","1","85115000'","  "," - Autres g?n?ratrices","85'","Electrical machinery and equipment and parts thereof; sound recorders and reproducers, television im","8511'","Electrical ignition or starting equipment of a kind used for spark-ignition or compression-ignition ","851150'"," - Other generators","8","1","R","0","0","","","","0","0","0","0","0","0"
"4852","","HS 2007","Harmonized System 2007","Gabon","266'","2019","1","85118000'","  "," - Autres appareils et dispositifs","85'","Electrical machinery and equipment and parts thereof; sound recorders and reproducers, television im","8511'","Electrical ignition or starting equipment of a kind used for spark-ignition or compression-ignition ","851180'"," - Other equipment","8","1","R","0","0","","","","0","0","0","0","0","0"
"4853","","HS 2007","Harmonized System 2007","Gabon","266'","2019","1","85119000'","  "," - Parties","85'","Electrical machinery and equipment and parts thereof; sound recorders and reproducers, television im","8511'","Electrical ignition or starting equipment of a kind used for spark-ignition or compression-ignition ","851190'"," - Parts","8","1","R","0","0","","","","0","0","0","0","0","0"
"4854","","HS 2007","Harmonized System 2007","Gabon","266'","2019","1","85121000'","  "," - Appareils d'?clairage ou de signalisation visuelle des types utilis?s pour les bicyclettes","85'","Electrical machinery and equipment and parts thereof; sound recorders and reproducers, television im","8512'","Electrical lighting or signalling equipment (excluding articles of heading 85.39), windscreen wipers","851210'"," - Lighting or visual signalling equipment of a kind used on bicycles","8","1","R","0","0","","","","0","0","0","0","0","0"
"4855","","HS 2007","Harmonized System 2007","Gabon","266'","2019","1","85122000'","  "," - Autres appareils d'?clairage ou de signalisation visuelle","85'","Electrical machinery and equipment and parts thereof; sound recorders and reproducers, television im","8512'","Electrical lighting or signalling equipment (excluding articles of heading 85.39), windscreen wipers","851220'"," - Other lighting or visual signalling equipment","8","1","R","0","0","","","","0","0","0","0","0","0"
"4856","","HS 2007","Harmonized System 2007","Gabon","266'","2019","1","85123000'","  "," - Appareils de signalisation acoustique","85'","Electrical machinery and equipment and parts thereof; sound recorders and reproducers, television im","8512'","Electrical lighting or signalling equipment (excluding articles of heading 85.39), windscreen wipers","851230'"," - Sound signalling equipment","8","1","R","0","0","","","","0","0","0","0","0","0"
"4857","","HS 2007","Harmonized System 2007","Gabon","266'","2019","1","85124000'","  "," - Essuie-glaces, d?givreurs et dispositifs antibu?e","85'","Electrical machinery and equipment and parts thereof; sound recorders and reproducers, television im","8512'","Electrical lighting or signalling equipment (excluding articles of heading 85.39), windscreen wipers","851240'"," - Windscreen wipers, defrosters and demisters","8","1","R","0","0","","","","0","0","0","0","0","0"
"4858","","HS 2007","Harmonized System 2007","Gabon","266'","2019","1","85129000'","  "," - Parties","85'","Electrical machinery and equipment and parts thereof; sound recorders and reproducers, television im","8512'","Electrical lighting or signalling equipment (excluding articles of heading 85.39), windscreen wipers","851290'"," - Parts","8","1","R","0","0","","","","0","0","0","0","0","0"
"4859","","HS 2007","Harmonized System 2007","Gabon","266'","2019","1","85131000'","  "," - Lampes","85'","Electrical machinery and equipment and parts thereof; sound recorders and reproducers, television im","8513'","Portable electric lamps designed to function by their own source of energy (for example, dry batteri","851310'"," - Lamps","8","1","R","0","0","","","","0","0","0","0","0","0"
"4860","","HS 2007","Harmonized System 2007","Gabon","266'","2019","1","85139000'","  "," - Parties","85'","Electrical machinery and equipment and parts thereof; sound recorders and reproducers, television im","8513'","Portable electric lamps designed to function by their own source of energy (for example, dry batteri","851390'"," - Parts","8","1","R","0","0","","","","0","0","0","0","0","0"
"4861","","HS 2007","Harmonized System 2007","Gabon","266'","2019","1","85141000'","  "," - Fours ? r?sistance (? chauffage indirect)","85'","Electrical machinery and equipment and parts thereof; sound recorders and reproducers, television im","8514'","Industrial or laboratory electric furnaces and ovens (including those functioning by induction or di","851410'"," - Resistance heated furnaces and ovens","8","1","R","0","0","","","","0","0","0","0","0","0"
"4862","","HS 2007","Harmonized System 2007","Gabon","266'","2019","1","85142000'","  "," - Fours fonctionnant par induction ou par pertes di?lectriques","85'","Electrical machinery and equipment and parts thereof; sound recorders and reproducers, television im","8514'","Industrial or laboratory electric furnaces and ovens (including those functioning by induction or di","851420'"," - Furnaces and ovens functioning by induction or dielectric loss","8","1","R","0","0","","","","0","0","0","0","0","0"
"4863","","HS 2007","Harmonized System 2007","Gabon","266'","2019","1","85143000'","  "," - Autres fours","85'","Electrical machinery and equipment and parts thereof; sound recorders and reproducers, television im","8514'","Industrial or laboratory electric furnaces and ovens (including those functioning by induction or di","851430'"," - Other furnaces and ovens","8","1","R","0","0","","","","0","0","0","0","0","0"
"4864","","HS 2007","Harmonized System 2007","Gabon","266'","2019","1","85144000'","  "," - Autres appareils pour le traitement thermique des mati?res par induction ou par pertes di?lectriques","85'","Electrical machinery and equipment and parts thereof; sound recorders and reproducers, television im","8514'","Industrial or laboratory electric furnaces and ovens (including those functioning by induction or di","851440'"," - Other equipment for the heat treatment of materials by induction or dielectric loss","8","1","R","0","0","","","","0","0","0","0","0","0"
"4865","","HS 2007","Harmonized System 2007","Gabon","266'","2019","1","85149000'","  "," - Parties","85'","Electrical machinery and equipment and parts thereof; sound recorders and reproducers, television im","8514'","Industrial or laboratory electric furnaces and ovens (including those functioning by induction or di","851490'"," - Parts","8","1","R","0","0","","","","0","0","0","0","0","0"
"4866","","HS 2007","Harmonized System 2007","Gabon","266'","2019","1","85151100'","  "," -- Fers et pistolets ? braser","85'","Electrical machinery and equipment and parts thereof; sound recorders and reproducers, television im","8515'","Electric (including electrically heated gas), laser or other light or photon beam, ultrasonic, elect","851511'"," -- Soldering irons and guns","8","1","R","0","0","","","","0","0","0","0","0","0"
"4867","","HS 2007","Harmonized System 2007","Gabon","266'","2019","1","85151900'","  "," -- Autres","85'","Electrical machinery and equipment and parts thereof; sound recorders and reproducers, television im","8515'","Electric (including electrically heated gas), laser or other light or photon beam, ultrasonic, elect","851519'"," -- Other","8","1","R","0","0","","","","0","0","0","0","0","0"
"4868","","HS 2007","Harmonized System 2007","Gabon","266'","2019","1","85152100'","  "," -- Enti?rement ou partiellement automatiques","85'","Electrical machinery and equipment and parts thereof; sound recorders and reproducers, television im","8515'","Electric (including electrically heated gas), laser or other light or photon beam, ultrasonic, elect","851521'"," -- Fully or partly automatic","8","1","R","0","0","","","","0","0","0","0","0","0"
"4869","","HS 2007","Harmonized System 2007","Gabon","266'","2019","1","85152900'","  "," -- Autres","85'","Electrical machinery and equipment and parts thereof; sound recorders and reproducers, television im","8515'","Electric (including electrically heated gas), laser or other light or photon beam, ultrasonic, elect","851529'"," -- Other","8","1","R","0","0","","","","0","0","0","0","0","0"
"4870","","HS 2007","Harmonized System 2007","Gabon","266'","2019","1","85153100'","  "," -- Enti?rement ou partiellement automatiques","85'","Electrical machinery and equipment and parts thereof; sound recorders and reproducers, television im","8515'","Electric (including electrically heated gas), laser or other light or photon beam, ultrasonic, elect","851531'"," -- Fully or partly automatic","8","1","R","0","0","","","","0","0","0","0","0","0"
"4871","","HS 2007","Harmonized System 2007","Gabon","266'","2019","1","85153900'","  "," -- Autres","85'","Electrical machinery and equipment and parts thereof; sound recorders and reproducers, television im","8515'","Electric (including electrically heated gas), laser or other light or photon beam, ultrasonic, elect","851539'"," -- Other","8","1","R","0","0","","","","0","0","0","0","0","0"
"4872","","HS 2007","Harmonized System 2007","Gabon","266'","2019","1","85158000'","  "," - Autres machines et appareils","85'","Electrical machinery and equipment and parts thereof; sound recorders and reproducers, television im","8515'","Electric (including electrically heated gas), laser or other light or photon beam, ultrasonic, elect","851580'"," - Other machines and apparatus","8","1","R","0","0","","","","0","0","0","0","0","0"
"4873","","HS 2007","Harmonized System 2007","Gabon","266'","2019","1","85159000'","  "," - Parties","85'","Electrical machinery and equipment and parts thereof; sound recorders and reproducers, television im","8515'","Electric (including electrically heated gas), laser or other light or photon beam, ultrasonic, elect","851590'"," - Parts","8","1","R","0","0","","","","0","0","0","0","0","0"
"4874","","HS 2007","Harmonized System 2007","Gabon","266'","2019","1","85161000'","  "," - Chauffe-eau et thermoplongeurs ?lectriques","85'","Electrical machinery and equipment and parts thereof; sound recorders and reproducers, television im","8516'","Electric instantaneous or storage water heaters and immersion heaters; electric space heating appara","851610'"," - Electric instantaneous or storage water heaters and immersion heaters","8","1","R","0","0","","","","0","0","0","0","0","0"
"4875","","HS 2007","Harmonized System 2007","Gabon","266'","2019","1","85162100'","  "," -- Radiateurs ? accumulation","85'","Electrical machinery and equipment and parts thereof; sound recorders and reproducers, television im","8516'","Electric instantaneous or storage water heaters and immersion heaters; electric space heating appara","851621'"," -- Storage heating radiators","8","1","R","0","0","","","","0","0","0","0","0","0"
"4876","","HS 2007","Harmonized System 2007","Gabon","266'","2019","1","85162900'","  "," -- Autres","85'","Electrical machinery and equipment and parts thereof; sound recorders and reproducers, television im","8516'","Electric instantaneous or storage water heaters and immersion heaters; electric space heating appara","851629'"," -- Other","8","1","R","0","0","","","","0","0","0","0","0","0"
"4877","","HS 2007","Harmonized System 2007","Gabon","266'","2019","1","85163100'","  "," -- S?che-cheveux","85'","Electrical machinery and equipment and parts thereof; sound recorders and reproducers, television im","8516'","Electric instantaneous or storage water heaters and immersion heaters; electric space heating appara","851631'"," -- Hair dryers","8","1","R","0","0","","","","0","0","0","0","0","0"
"4878","","HS 2007","Harmonized System 2007","Gabon","266'","2019","1","85163200'","  "," -- Autres appareils pour la coiffure","85'","Electrical machinery and equipment and parts thereof; sound recorders and reproducers, television im","8516'","Electric instantaneous or storage water heaters and immersion heaters; electric space heating appara","851632'"," -- Other hair-dressing apparatus","8","1","R","0","0","","","","0","0","0","0","0","0"
"4879","","HS 2007","Harmonized System 2007","Gabon","266'","2019","1","85163300'","  "," -- Appareils pour s?cher les mains","85'","Electrical machinery and equipment and parts thereof; sound recorders and reproducers, television im","8516'","Electric instantaneous or storage water heaters and immersion heaters; electric space heating appara","851633'"," -- Hand-drying apparatus","8","1","R","0","0","","","","0","0","0","0","0","0"
"4880","","HS 2007","Harmonized System 2007","Gabon","266'","2019","1","85164000'","  "," - Fers ? repasser ?lectriques","85'","Electrical machinery and equipment and parts thereof; sound recorders and reproducers, television im","8516'","Electric instantaneous or storage water heaters and immersion heaters; electric space heating appara","851640'"," - Electric smoothing irons","8","1","R","0","0","","","","0","0","0","0","0","0"
"4881","","HS 2007","Harmonized System 2007","Gabon","266'","2019","1","85165000'","  "," - Fours ? micro-ondes","85'","Electrical machinery and equipment and parts thereof; sound recorders and reproducers, television im","8516'","Electric instantaneous or storage water heaters and immersion heaters; electric space heating appara","851650'"," - Microwave ovens","8","1","R","0","0","","","","0","0","0","0","0","0"
"4882","","HS 2007","Harmonized System 2007","Gabon","266'","2019","1","85166000'","  "," - Autres fours; cuisini?res, r?chauds (y compris les tables de cuisson), grils et r?tissoires","85'","Electrical machinery and equipment and parts thereof; sound recorders and reproducers, television im","8516'","Electric instantaneous or storage water heaters and immersion heaters; electric space heating appara","851660'"," - Other ovens; cookers, cooking plates, boiling rings, grillers and roasters","8","1","R","0","0","","","","0","0","0","0","0","0"
"4883","","HS 2007","Harmonized System 2007","Gabon","266'","2019","1","85167100'","  "," -- Appareils pour la pr?paration du caf? ou du th?","85'","Electrical machinery and equipment and parts thereof; sound recorders and reproducers, television im","8516'","Electric instantaneous or storage water heaters and immersion heaters; electric space heating appara","851671'"," -- Coffee or tea makers","8","1","R","0","0","","","","0","0","0","0","0","0"
"4884","","HS 2007","Harmonized System 2007","Gabon","266'","2019","1","85167200'","  "," -- Grille-pain","85'","Electrical machinery and equipment and parts thereof; sound recorders and reproducers, television im","8516'","Electric instantaneous or storage water heaters and immersion heaters; electric space heating appara","851672'"," -- Toasters","8","1","R","0","0","","","","0","0","0","0","0","0"
"4885","","HS 2007","Harmonized System 2007","Gabon","266'","2019","1","85167900'","  "," -- Autres","85'","Electrical machinery and equipment and parts thereof; sound recorders and reproducers, television im","8516'","Electric instantaneous or storage water heaters and immersion heaters; electric space heating appara","851679'"," -- Other","8","1","R","0","0","","","","0","0","0","0","0","0"
"4886","","HS 2007","Harmonized System 2007","Gabon","266'","2019","1","85168000'","  "," - R?sistances chauffantes","85'","Electrical machinery and equipment and parts thereof; sound recorders and reproducers, television im","8516'","Electric instantaneous or storage water heaters and immersion heaters; electric space heating appara","851680'"," - Electric heating resistors","8","1","R","0","0","","","","0","0","0","0","0","0"
"4887","","HS 2007","Harmonized System 2007","Gabon","266'","2019","1","85169000'","  "," - Parties","85'","Electrical machinery and equipment and parts thereof; sound recorders and reproducers, television im","8516'","Electric instantaneous or storage water heaters and immersion heaters; electric space heating appara","851690'"," - Parts","8","1","R","0","0","","","","0","0","0","0","0","0"
"4888","","HS 2007","Harmonized System 2007","Gabon","266'","2019","1","85171100'","  "," -- Postes t?l?phoniques d'usagers par fil ? combin?s sans fil","85'","Electrical machinery and equipment and parts thereof; sound recorders and reproducers, television im","8517'","Telephone sets, including telephones for cellular networks or for other wireless networks; other app","851711'"," -- Line telephone sets with cordless handsets","8","1","R","0","0","","","","0","0","0","0","0","0"
"4889","","HS 2007","Harmonized System 2007","Gabon","266'","2019","1","85171200'","  "," -- T?l?phones pour r?seaux cellulaires et pour autres r?seaux sans fil","85'","Electrical machinery and equipment and parts thereof; sound recorders and reproducers, television im","8517'","Telephone sets, including telephones for cellular networks or for other wireless networks; other app","851712'"," -- Telephones for cellular networks or for other wireless networks","8","1","R","0","0","","","","0","0","0","0","0","0"
"4890","","HS 2007","Harmonized System 2007","Gabon","266'","2019","1","85171800'","  "," -- Autres","85'","Electrical machinery and equipment and parts thereof; sound recorders and reproducers, television im","8517'","Telephone sets, including telephones for cellular networks or for other wireless networks; other app","851718'"," -- Other","8","1","R","0","0","","","","0","0","0","0","0","0"
"4891","","HS 2007","Harmonized System 2007","Gabon","266'","2019","1","85176100'","  "," -- Stations de base","85'","Electrical machinery and equipment and parts thereof; sound recorders and reproducers, television im","8517'","Telephone sets, including telephones for cellular networks or for other wireless networks; other app","851761'"," -- Base stations","8","1","R","0","0","","","","0","0","0","0","0","0"
"4892","","HS 2007","Harmonized System 2007","Gabon","266'","2019","1","85176200'","  "," -- Appareils pour la r?ception, la conversion et la transmission ou la r?g?n?ration de la voix, d'images ou d'autres donn?es, y compris les appareils de commutation et de routage","85'","Electrical machinery and equipment and parts thereof; sound recorders and reproducers, television im","8517'","Telephone sets, including telephones for cellular networks or for other wireless networks; other app","851762'"," -- Machines for the reception, conversion and transmission or regeneration of voice, images or other","8","1","R","0","0","","","","0","0","0","0","0","0"
"4893","","HS 2007","Harmonized System 2007","Gabon","266'","2019","1","85176900'","  "," -- Autres","85'","Electrical machinery and equipment and parts thereof; sound recorders and reproducers, television im","8517'","Telephone sets, including telephones for cellular networks or for other wireless networks; other app","851769'"," -- Other","8","1","R","0","0","","","","0","0","0","0","0","0"
"4894","","HS 2007","Harmonized System 2007","Gabon","266'","2019","1","85177000'","  "," - Parties","85'","Electrical machinery and equipment and parts thereof; sound recorders and reproducers, television im","8517'","Telephone sets, including telephones for cellular networks or for other wireless networks; other app","851770'"," - Parts","8","1","R","0","0","","","","0","0","0","0","0","0"
"4895","","HS 2007","Harmonized System 2007","Gabon","266'","2019","1","85181000'","  "," - Microphones et leurs supports","85'","Electrical machinery and equipment and parts thereof; sound recorders and reproducers, television im","8518'","Microphones and stands therefor; loudspeakers, whether or not mounted in their enclosures; headphone","851810'"," - Microphones and stands therefor","8","1","R","0","0","","","","0","0","0","0","0","0"
"4896","","HS 2007","Harmonized System 2007","Gabon","266'","2019","1","85182100'","  "," -- Haut-parleur unique mont? dans son enceinte","85'","Electrical machinery and equipment and parts thereof; sound recorders and reproducers, television im","8518'","Microphones and stands therefor; loudspeakers, whether or not mounted in their enclosures; headphone","851821'"," -- Single loudspeakers, mounted in their enclosures","8","1","R","0","0","","","","0","0","0","0","0","0"
"4897","","HS 2007","Harmonized System 2007","Gabon","266'","2019","1","85182200'","  "," -- Haut-parleurs multiples mont?s dans la m?me enceinte","85'","Electrical machinery and equipment and parts thereof; sound recorders and reproducers, television im","8518'","Microphones and stands therefor; loudspeakers, whether or not mounted in their enclosures; headphone","851822'"," -- Multiple loudspeakers, mounted in the same enclosure","8","1","R","0","0","","","","0","0","0","0","0","0"
"4898","","HS 2007","Harmonized System 2007","Gabon","266'","2019","1","85182900'","  "," -- Autres","85'","Electrical machinery and equipment and parts thereof; sound recorders and reproducers, television im","8518'","Microphones and stands therefor; loudspeakers, whether or not mounted in their enclosures; headphone","851829'"," -- Other","8","1","R","0","0","","","","0","0","0","0","0","0"
"4899","","HS 2007","Harmonized System 2007","Gabon","266'","2019","1","85183000'","  "," - Casques d'?coute et ?couteurs, m?me combin?s avec un microphone, et ensembles ou assortiments constitu?s par un microphone et un ou plusieurs haut-parleurs","85'","Electrical machinery and equipment and parts thereof; sound recorders and reproducers, television im","8518'","Microphones and stands therefor; loudspeakers, whether or not mounted in their enclosures; headphone","851830'"," - Headphones and earphones, whether or not combined with a microphone, and sets consisting of a micr","8","1","R","0","0","","","","0","0","0","0","0","0"
"4900","","HS 2007","Harmonized System 2007","Gabon","266'","2019","1","85184000'","  "," - Amplificateurs ?lectriques d'audiofr?quence","85'","Electrical machinery and equipment and parts thereof; sound recorders and reproducers, television im","8518'","Microphones and stands therefor; loudspeakers, whether or not mounted in their enclosures; headphone","851840'"," - Audio-frequency electric amplifiers","8","1","R","0","0","","","","0","0","0","0","0","0"
"4901","","HS 2007","Harmonized System 2007","Gabon","266'","2019","1","85185000'","  "," - Appareils ?lectriques d'amplification du son","85'","Electrical machinery and equipment and parts thereof; sound recorders and reproducers, television im","8518'","Microphones and stands therefor; loudspeakers, whether or not mounted in their enclosures; headphone","851850'"," - Electric sound amplifier sets","8","1","R","0","0","","","","0","0","0","0","0","0"
"4902","","HS 2007","Harmonized System 2007","Gabon","266'","2019","1","85189000'","  "," - Parties","85'","Electrical machinery and equipment and parts thereof; sound recorders and reproducers, television im","8518'","Microphones and stands therefor; loudspeakers, whether or not mounted in their enclosures; headphone","851890'"," - Parts","8","1","R","0","0","","","","0","0","0","0","0","0"
"4903","","HS 2007","Harmonized System 2007","Gabon","266'","2019","1","85192000'","  "," - Appareils fonctionnant par l'introduction d'une pi?ce de monnaie, d'un billet de banque, d'une carte bancaire, d'un jeton ou par d'autres moyens de paiement","85'","Electrical machinery and equipment and parts thereof; sound recorders and reproducers, television im","8519'","Sound recording or reproducing apparatus.","851920'"," - Apparatus operated by coins, banknotes, bank cards, tokens or by other means of payment","8","1","R","0","0","","","","0","0","0","0","0","0"
"4904","","HS 2007","Harmonized System 2007","Gabon","266'","2019","1","85193000'","  "," - Platines tourne-disques","85'","Electrical machinery and equipment and parts thereof; sound recorders and reproducers, television im","8519'","Sound recording or reproducing apparatus.","851930'"," - Turntables (record-decks)","8","1","R","0","0","","","","0","0","0","0","0","0"
"4905","","HS 2007","Harmonized System 2007","Gabon","266'","2019","1","85195000'","  "," - R?pondeurs t?l?phoniques","85'","Electrical machinery and equipment and parts thereof; sound recorders and reproducers, television im","8519'","Sound recording or reproducing apparatus.","851950'"," - Telephone answering machines","8","1","R","0","0","","","","0","0","0","0","0","0"
"4906","","HS 2007","Harmonized System 2007","Gabon","266'","2019","1","85198100'","  "," -- Utilisant un support magn?tique, optique ou ? semi-conducteur","85'","Electrical machinery and equipment and parts thereof; sound recorders and reproducers, television im","8519'","Sound recording or reproducing apparatus.","851981'"," -- Using magnetic, optical or semiconductor media","8","1","R","0","0","","","","0","0","0","0","0","0"
"4907","","HS 2007","Harmonized System 2007","Gabon","266'","2019","1","85198900'","  "," -- Autres","85'","Electrical machinery and equipment and parts thereof; sound recorders and reproducers, television im","8519'","Sound recording or reproducing apparatus.","851989'"," -- Other","8","1","R","0","0","","","","0","0","0","0","0","0"
"4908","","HS 2007","Harmonized System 2007","Gabon","266'","2019","1","85211000'","  "," - A bandes magn?tiques","85'","Electrical machinery and equipment and parts thereof; sound recorders and reproducers, television im","8521'","Video recording or reproducing apparatus, whether or not incorporating a video tuner.","852110'"," - Magnetic tape-type","8","1","R","0","0","","","","0","0","0","0","0","0"
"4909","","HS 2007","Harmonized System 2007","Gabon","266'","2019","1","85219000'","  "," - Autres","85'","Electrical machinery and equipment and parts thereof; sound recorders and reproducers, television im","8521'","Video recording or reproducing apparatus, whether or not incorporating a video tuner.","852190'"," - Other","8","1","R","0","0","","","","0","0","0","0","0","0"
"4910","","HS 2007","Harmonized System 2007","Gabon","266'","2019","1","85221000'","  "," - Lecteurs phonographiques","85'","Electrical machinery and equipment and parts thereof; sound recorders and reproducers, television im","8522'","Parts and accessories suitable for use solely or principally with the apparatus of headings?85.19 to","852210'"," - Pick-up cartridges","8","1","R","0","0","","","","0","0","0","0","0","0"
"4911","","HS 2007","Harmonized System 2007","Gabon","266'","2019","1","85229000'","  "," - Autres","85'","Electrical machinery and equipment and parts thereof; sound recorders and reproducers, television im","8522'","Parts and accessories suitable for use solely or principally with the apparatus of headings?85.19 to","852290'"," - Other","8","1","R","0","0","","","","0","0","0","0","0","0"
"4912","","HS 2007","Harmonized System 2007","Gabon","266'","2019","1","85232100'","  "," -- Cartes munies d'une piste magn?tique","85'","Electrical machinery and equipment and parts thereof; sound recorders and reproducers, television im","8523'","Discs, tapes, solid-state non-volatile storage devices, ""smart cards"" and other media for the record","852321'"," -- Cards incorporating a magnetic stripe","8","1","R","0","0","","","","0","0","0","0","0","0"
"4913","","HS 2007","Harmonized System 2007","Gabon","266'","2019","1","85232900'","  "," -- Autres","85'","Electrical machinery and equipment and parts thereof; sound recorders and reproducers, television im","8523'","Discs, tapes, solid-state non-volatile storage devices, ""smart cards"" and other media for the record","852329'"," -- Other","8","1","R","0","0","","","","0","0","0","0","0","0"
"4914","","HS 2007","Harmonized System 2007","Gabon","266'","2019","1","85234000'","  "," - Supports optiques","85'","Electrical machinery and equipment and parts thereof; sound recorders and reproducers, television im","8523'","Discs, tapes, solid-state non-volatile storage devices, ""smart cards"" and other media for the record","852340'"," - Optical media","8","1","R","0","0","","","","0","0","0","0","0","0"
"4915","","HS 2007","Harmonized System 2007","Gabon","266'","2019","1","85235100'","  "," -- Dispositifs de stockage r?manent des donn?es ? base de semi-conducteurs","85'","Electrical machinery and equipment and parts thereof; sound recorders and reproducers, television im","8523'","Discs, tapes, solid-state non-volatile storage devices, ""smart cards"" and other media for the record","852351'"," -- Solid-state non-volatile storage devices","8","1","R","0","0","","","","0","0","0","0","0","0"
"4916","","HS 2007","Harmonized System 2007","Gabon","266'","2019","1","85235200'","  "," -- ??Cartes intelligentes??","85'","Electrical machinery and equipment and parts thereof; sound recorders and reproducers, television im","8523'","Discs, tapes, solid-state non-volatile storage devices, ""smart cards"" and other media for the record","852352'"," -- ?Smart cards?","8","1","R","0","0","","","","0","0","0","0","0","0"
"4917","","HS 2007","Harmonized System 2007","Gabon","266'","2019","1","85235900'","  "," -- Autres","85'","Electrical machinery and equipment and parts thereof; sound recorders and reproducers, television im","8523'","Discs, tapes, solid-state non-volatile storage devices, ""smart cards"" and other media for the record","852359'"," -- Other","8","1","R","0","0","","","","0","0","0","0","0","0"
"4918","","HS 2007","Harmonized System 2007","Gabon","266'","2019","1","85238000'","  "," - Autres","85'","Electrical machinery and equipment and parts thereof; sound recorders and reproducers, television im","8523'","Discs, tapes, solid-state non-volatile storage devices, ""smart cards"" and other media for the record","852380'"," - Other","8","1","R","0","0","","","","0","0","0","0","0","0"
"4919","","HS 2007","Harmonized System 2007","Gabon","266'","2019","1","85255000'","  "," - Appareils d'?mission","85'","Electrical machinery and equipment and parts thereof; sound recorders and reproducers, television im","8525'","Transmission apparatus for radio-broadcasting or television, whether or not incorporating reception ","852550'"," - Transmission apparatus","8","1","R","0","0","","","","0","0","0","0","0","0"
"4920","","HS 2007","Harmonized System 2007","Gabon","266'","2019","1","85256000'","  "," - Appareils d'?mission incorporant un appareil de r?ception","85'","Electrical machinery and equipment and parts thereof; sound recorders and reproducers, television im","8525'","Transmission apparatus for radio-broadcasting or television, whether or not incorporating reception ","852560'"," - Transmission apparatus incorporating reception apparatus","8","1","R","0","0","","","","0","0","0","0","0","0"
"4921","","HS 2007","Harmonized System 2007","Gabon","266'","2019","1","85258000'","  "," - Cam?ras de t?l?vision, appareils photographiques num?riques et cam?scopes","85'","Electrical machinery and equipment and parts thereof; sound recorders and reproducers, television im","8525'","Transmission apparatus for radio-broadcasting or television, whether or not incorporating reception ","852580'"," - Television cameras, digital cameras and video camera recorders","8","1","R","0","0","","","","0","0","0","0","0","0"
"4922","","HS 2007","Harmonized System 2007","Gabon","266'","2019","1","85261000'","  "," - Appareils de radiod?tection et de radiosondage (radar)","85'","Electrical machinery and equipment and parts thereof; sound recorders and reproducers, television im","8526'","Radar apparatus, radio navigational aid apparatus and radio remote control apparatus.","852610'"," - Radar apparatus","8","1","R","0","0","","","","0","0","0","0","0","0"
"4923","","HS 2007","Harmonized System 2007","Gabon","266'","2019","1","85269100'","  "," -- Appareils de radionavigation","85'","Electrical machinery and equipment and parts thereof; sound recorders and reproducers, television im","8526'","Radar apparatus, radio navigational aid apparatus and radio remote control apparatus.","852691'"," -- Radio navigational aid apparatus","8","1","R","0","0","","","","0","0","0","0","0","0"
"4924","","HS 2007","Harmonized System 2007","Gabon","266'","2019","1","85269200'","  "," -- Appareils de radiot?l?commande","85'","Electrical machinery and equipment and parts thereof; sound recorders and reproducers, television im","8526'","Radar apparatus, radio navigational aid apparatus and radio remote control apparatus.","852692'"," -- Radio remote control apparatus","8","1","R","0","0","","","","0","0","0","0","0","0"
"4925","","HS 2007","Harmonized System 2007","Gabon","266'","2019","1","85271200'","  "," -- Radiocassettes de poche","85'","Electrical machinery and equipment and parts thereof; sound recorders and reproducers, television im","8527'","Reception apparatus for radio-broadcasting, whether or not combined, in the same housing, with sound","852712'"," -- Pocket-size radio cassette-players","8","1","R","0","0","","","","0","0","0","0","0","0"
"4926","","HS 2007","Harmonized System 2007","Gabon","266'","2019","1","85271300'","  "," -- Autres appareils combin?s ? un appareil d'enregistrement ou de reproduction du son","85'","Electrical machinery and equipment and parts thereof; sound recorders and reproducers, television im","8527'","Reception apparatus for radio-broadcasting, whether or not combined, in the same housing, with sound","852713'"," -- Other apparatus combined with sound recording or reproducing apparatus","8","1","R","0","0","","","","0","0","0","0","0","0"
"4927","","HS 2007","Harmonized System 2007","Gabon","266'","2019","1","85271900'","  "," -- Autres","85'","Electrical machinery and equipment and parts thereof; sound recorders and reproducers, television im","8527'","Reception apparatus for radio-broadcasting, whether or not combined, in the same housing, with sound","852719'"," -- Other","8","1","R","0","0","","","","0","0","0","0","0","0"
"4928","","HS 2007","Harmonized System 2007","Gabon","266'","2019","1","85272100'","  "," -- Combin?s ? un appareil d'enregistrement ou de reproduction du son","85'","Electrical machinery and equipment and parts thereof; sound recorders and reproducers, television im","8527'","Reception apparatus for radio-broadcasting, whether or not combined, in the same housing, with sound","852721'"," -- Combined with sound recording or reproducing apparatus","8","1","R","0","0","","","","0","0","0","0","0","0"
"4929","","HS 2007","Harmonized System 2007","Gabon","266'","2019","1","85272900'","  "," -- Autres","85'","Electrical machinery and equipment and parts thereof; sound recorders and reproducers, television im","8527'","Reception apparatus for radio-broadcasting, whether or not combined, in the same housing, with sound","852729'"," -- Other","8","1","R","0","0","","","","0","0","0","0","0","0"
"4930","","HS 2007","Harmonized System 2007","Gabon","266'","2019","1","85279100'","  "," -- Combin?s ? un appareil d'enregistrement ou de reproduction du son","85'","Electrical machinery and equipment and parts thereof; sound recorders and reproducers, television im","8527'","Reception apparatus for radio-broadcasting, whether or not combined, in the same housing, with sound","852791'"," -- Combined with sound recording or reproducing apparatus","8","1","R","0","0","","","","0","0","0","0","0","0"
"4931","","HS 2007","Harmonized System 2007","Gabon","266'","2019","1","85279200'","  "," -- Non combin?s ? un appareil d'enregistrement ou de reproduction du son mais combin?s ? un appareil d'horlogerie","85'","Electrical machinery and equipment and parts thereof; sound recorders and reproducers, television im","8527'","Reception apparatus for radio-broadcasting, whether or not combined, in the same housing, with sound","852792'"," -- Not combined with sound recording or reproducing apparatus but combined with a clock","8","1","R","0","0","","","","0","0","0","0","0","0"
"4932","","HS 2007","Harmonized System 2007","Gabon","266'","2019","1","85279900'","  "," -- Autres","85'","Electrical machinery and equipment and parts thereof; sound recorders and reproducers, television im","8527'","Reception apparatus for radio-broadcasting, whether or not combined, in the same housing, with sound","852799'"," -- Other","8","1","R","0","0","","","","0","0","0","0","0","0"
"4933","","HS 2007","Harmonized System 2007","Gabon","266'","2019","1","85284100'","  "," -- Des types exclusivement ou principalement destin?s ? une machine automatique de traitement de l'information du n? 84.71","85'","Electrical machinery and equipment and parts thereof; sound recorders and reproducers, television im","8528'","Monitors and projectors, not incorporating television reception apparatus; reception apparatus for t","852841'"," -- Of a kind solely or principally used in an automatic data processing system of heading 84.71","8","1","R","0","0","","","","0","0","0","0","0","0"
"4934","","HS 2007","Harmonized System 2007","Gabon","266'","2019","1","85284900'","  "," -- Autres","85'","Electrical machinery and equipment and parts thereof; sound recorders and reproducers, television im","8528'","Monitors and projectors, not incorporating television reception apparatus; reception apparatus for t","852849'"," -- Other","8","1","R","0","0","","","","0","0","0","0","0","0"
"4935","","HS 2007","Harmonized System 2007","Gabon","266'","2019","1","85285100'","  "," -- Des types exclusivement ou principalement destin?s ? une machine automatique de traitement de l'information du n? 84.71","85'","Electrical machinery and equipment and parts thereof; sound recorders and reproducers, television im","8528'","Monitors and projectors, not incorporating television reception apparatus; reception apparatus for t","852851'"," -- Of a kind solely or principally used in an automatic data processing system of heading 84.71","8","1","R","0","0","","","","0","0","0","0","0","0"
"4936","","HS 2007","Harmonized System 2007","Gabon","266'","2019","1","85285900'","  "," -- Autres","85'","Electrical machinery and equipment and parts thereof; sound recorders and reproducers, television im","8528'","Monitors and projectors, not incorporating television reception apparatus; reception apparatus for t","852859'"," -- Other","8","1","R","0","0","","","","0","0","0","0","0","0"
"4937","","HS 2007","Harmonized System 2007","Gabon","266'","2019","1","85286100'","  "," -- Des types exclusivement ou principalement destin?s ? une machine automatique de traitement de l'information du n? 84.71","85'","Electrical machinery and equipment and parts thereof; sound recorders and reproducers, television im","8528'","Monitors and projectors, not incorporating television reception apparatus; reception apparatus for t","852861'"," -- Of a kind solely or principally used in an automatic data processing system of heading 84.71","8","1","R","0","0","","","","0","0","0","0","0","0"
"4938","","HS 2007","Harmonized System 2007","Gabon","266'","2019","1","85286900'","  "," -- Autres","85'","Electrical machinery and equipment and parts thereof; sound recorders and reproducers, television im","8528'","Monitors and projectors, not incorporating television reception apparatus; reception apparatus for t","852869'"," -- Other","8","1","R","0","0","","","","0","0","0","0","0","0"
"4939","","HS 2007","Harmonized System 2007","Gabon","266'","2019","1","85287100'","  "," -- Non con?us pour incorporer un dispositif d'affichage ou un ?cran vid?o","85'","Electrical machinery and equipment and parts thereof; sound recorders and reproducers, television im","8528'","Monitors and projectors, not incorporating television reception apparatus; reception apparatus for t","852871'"," -- Not designed to incorporate a video display or screen","8","1","R","0","0","","","","0","0","0","0","0","0"
"4940","","HS 2007","Harmonized System 2007","Gabon","266'","2019","1","85287200'","  "," -- Autres, en couleurs","85'","Electrical machinery and equipment and parts thereof; sound recorders and reproducers, television im","8528'","Monitors and projectors, not incorporating television reception apparatus; reception apparatus for t","852872'"," -- Other, colour","8","1","R","0","0","","","","0","0","0","0","0","0"
"4941","","HS 2007","Harmonized System 2007","Gabon","266'","2019","1","85287300'","  "," -- Autres, en noir et blanc ou en autres monochromes","85'","Electrical machinery and equipment and parts thereof; sound recorders and reproducers, television im","8528'","Monitors and projectors, not incorporating television reception apparatus; reception apparatus for t","852873'"," -- Other, black and white or other monochrome","8","1","R","0","0","","","","0","0","0","0","0","0"
"4942","","HS 2007","Harmonized System 2007","Gabon","266'","2019","1","85291000'","  "," - Antennes et r?flecteurs d?antennes de tous types; parties reconnaissables comme ?tant utilis?es conjointement avec ces articles","85'","Electrical machinery and equipment and parts thereof; sound recorders and reproducers, television im","8529'","Parts suitable for use solely or principally with the apparatus of headings 85.25 to 85.28.","852910'"," - Aerials and aerial reflectors of all kinds; parts suitable for use therewith","8","1","R","0","0","","","","0","0","0","0","0","0"
"4943","","HS 2007","Harmonized System 2007","Gabon","266'","2019","1","85299000'","  "," - Autres","85'","Electrical machinery and equipment and parts thereof; sound recorders and reproducers, television im","8529'","Parts suitable for use solely or principally with the apparatus of headings 85.25 to 85.28.","852990'"," - Other","8","1","R","0","0","","","","0","0","0","0","0","0"
"4944","","HS 2007","Harmonized System 2007","Gabon","266'","2019","1","85301000'","  "," - Appareils pour voies ferr?es ou similaires","85'","Electrical machinery and equipment and parts thereof; sound recorders and reproducers, television im","8530'","Electrical signalling, safety or traffic control equipment for railways, tramways, roads, inland wat","853010'"," - Equipment for railways or tramways","8","1","R","0","0","","","","0","0","0","0","0","0"
"4945","","HS 2007","Harmonized System 2007","Gabon","266'","2019","1","85308000'","  "," - Autres appareils","85'","Electrical machinery and equipment and parts thereof; sound recorders and reproducers, television im","8530'","Electrical signalling, safety or traffic control equipment for railways, tramways, roads, inland wat","853080'"," - Other equipment","8","1","R","0","0","","","","0","0","0","0","0","0"
"4946","","HS 2007","Harmonized System 2007","Gabon","266'","2019","1","85309010'","  "," Parties pour appareils pour voies ferr?esou similaires","85'","Electrical machinery and equipment and parts thereof; sound recorders and reproducers, television im","8530'","Electrical signalling, safety or traffic control equipment for railways, tramways, roads, inland wat","853090'"," - Parts","8","1","R","0","0","","","","0","0","0","0","0","0"
"4947","","HS 2007","Harmonized System 2007","Gabon","266'","2019","1","85309090'","  "," parties pr appareils du 8530 autres que pour voies ferr?es ou similaires","85'","Electrical machinery and equipment and parts thereof; sound recorders and reproducers, television im","8530'","Electrical signalling, safety or traffic control equipment for railways, tramways, roads, inland wat","853090'"," - Parts","8","1","R","0","0","","","","0","0","0","0","0","0"
"4948","","HS 2007","Harmonized System 2007","Gabon","266'","2019","1","85311000'","  "," - Avertisseurs ?lectriques pour la protection contre le vol ou l'incendie et appareils similaires","85'","Electrical machinery and equipment and parts thereof; sound recorders and reproducers, television im","8531'","Electric sound or visual signalling apparatus (for example, bells, sirens, indicator panels, burglar","853110'"," - Burglar or fire alarms and similar apparatus","8","1","R","0","0","","","","0","0","0","0","0","0"
"4949","","HS 2007","Harmonized System 2007","Gabon","266'","2019","1","85312000'","  "," - Panneaux indicateurs incorporant des dispositifs ? cristaux liquides (LCD) ou ? diodes ?mettrices de lumi?re (LED)","85'","Electrical machinery and equipment and parts thereof; sound recorders and reproducers, television im","8531'","Electric sound or visual signalling apparatus (for example, bells, sirens, indicator panels, burglar","853120'"," - Indicator panels incorporating liquid crystal devices (LCD) or light emitting diodes (LED)","8","1","R","0","0","","","","0","0","0","0","0","0"
"4950","","HS 2007","Harmonized System 2007","Gabon","266'","2019","1","85318000'","  "," - Autres appareils","85'","Electrical machinery and equipment and parts thereof; sound recorders and reproducers, television im","8531'","Electric sound or visual signalling apparatus (for example, bells, sirens, indicator panels, burglar","853180'"," - Other apparatus","8","1","R","0","0","","","","0","0","0","0","0","0"
"4951","","HS 2007","Harmonized System 2007","Gabon","266'","2019","1","85319000'","  "," - Parties","85'","Electrical machinery and equipment and parts thereof; sound recorders and reproducers, television im","8531'","Electric sound or visual signalling apparatus (for example, bells, sirens, indicator panels, burglar","853190'"," - Parts","8","1","R","0","0","","","","0","0","0","0","0","0"
"4952","","HS 2007","Harmonized System 2007","Gabon","266'","2019","1","85321000'","  "," - Condensateurs fixes con?us pour les r?seaux ?lectriques de 50/60 Hz et capables d?absorber une puissance r?active ?gale ou sup?rieure ? 0,5 kvar (condensateurs de puissance)","85'","Electrical machinery and equipment and parts thereof; sound recorders and reproducers, television im","8532'","Electrical capacitors, fixed, variable or adjustable (pre-set).","853210'"," - Fixed capacitors designed for use in 50/60 Hz circuits and having a reactive power handling capaci","8","1","R","0","0","","","","0","0","0","0","0","0"
"4953","","HS 2007","Harmonized System 2007","Gabon","266'","2019","1","85322100'","  "," -- Au tantale","85'","Electrical machinery and equipment and parts thereof; sound recorders and reproducers, television im","8532'","Electrical capacitors, fixed, variable or adjustable (pre-set).","853221'"," -- Tantalum","8","1","R","0","0","","","","0","0","0","0","0","0"
"4954","","HS 2007","Harmonized System 2007","Gabon","266'","2019","1","85322200'","  "," -- Electrolytiques ? l'aluminium","85'","Electrical machinery and equipment and parts thereof; sound recorders and reproducers, television im","8532'","Electrical capacitors, fixed, variable or adjustable (pre-set).","853222'"," -- Aluminium electrolytic","8","1","R","0","0","","","","0","0","0","0","0","0"
"4955","","HS 2007","Harmonized System 2007","Gabon","266'","2019","1","85322300'","  "," -- A di?lectrique en c?ramique, ? une seule couche","85'","Electrical machinery and equipment and parts thereof; sound recorders and reproducers, television im","8532'","Electrical capacitors, fixed, variable or adjustable (pre-set).","853223'"," -- Ceramic dielectric, single layer","8","1","R","0","0","","","","0","0","0","0","0","0"
"4956","","HS 2007","Harmonized System 2007","Gabon","266'","2019","1","85322400'","  "," -- A di?lectrique en c?ramique, multicouches","85'","Electrical machinery and equipment and parts thereof; sound recorders and reproducers, television im","8532'","Electrical capacitors, fixed, variable or adjustable (pre-set).","853224'"," -- Ceramic dielectric, multilayer","8","1","R","0","0","","","","0","0","0","0","0","0"
"4957","","HS 2007","Harmonized System 2007","Gabon","266'","2019","1","85322500'","  "," -- A di?lectrique en papier ou en mati?res plastiques","85'","Electrical machinery and equipment and parts thereof; sound recorders and reproducers, television im","8532'","Electrical capacitors, fixed, variable or adjustable (pre-set).","853225'"," -- Dielectric of paper or plastics","8","1","R","0","0","","","","0","0","0","0","0","0"
"4958","","HS 2007","Harmonized System 2007","Gabon","266'","2019","1","85322900'","  "," -- Autres","85'","Electrical machinery and equipment and parts thereof; sound recorders and reproducers, television im","8532'","Electrical capacitors, fixed, variable or adjustable (pre-set).","853229'"," -- Other","8","1","R","0","0","","","","0","0","0","0","0","0"
"4959","","HS 2007","Harmonized System 2007","Gabon","266'","2019","1","85323000'","  "," - Condensateurs variables ou ajustables","85'","Electrical machinery and equipment and parts thereof; sound recorders and reproducers, television im","8532'","Electrical capacitors, fixed, variable or adjustable (pre-set).","853230'"," - Variable or adjustable (pre-set) capacitors","8","1","R","0","0","","","","0","0","0","0","0","0"
"4960","","HS 2007","Harmonized System 2007","Gabon","266'","2019","1","85329000'","  "," - Parties","85'","Electrical machinery and equipment and parts thereof; sound recorders and reproducers, television im","8532'","Electrical capacitors, fixed, variable or adjustable (pre-set).","853290'"," - Parts","8","1","R","0","0","","","","0","0","0","0","0","0"
"4961","","HS 2007","Harmonized System 2007","Gabon","266'","2019","1","85331000'","  "," - R?sistances fixes au carbone, agglom?r?es ou ? couche","85'","Electrical machinery and equipment and parts thereof; sound recorders and reproducers, television im","8533'","Electrical resistors (including rheostats and potentiometers), other than heating resistors.","853310'"," - Fixed carbon resistors, composition or film types","8","1","R","0","0","","","","0","0","0","0","0","0"
"4962","","HS 2007","Harmonized System 2007","Gabon","266'","2019","1","85332100'","  "," -- Pour une puissance n'exc?dant pas 20 W","85'","Electrical machinery and equipment and parts thereof; sound recorders and reproducers, television im","8533'","Electrical resistors (including rheostats and potentiometers), other than heating resistors.","853321'"," -- For a power handling capacity not exceeding 20 W","8","1","R","0","0","","","","0","0","0","0","0","0"
"4963","","HS 2007","Harmonized System 2007","Gabon","266'","2019","1","85332900'","  "," -- Autres","85'","Electrical machinery and equipment and parts thereof; sound recorders and reproducers, television im","8533'","Electrical resistors (including rheostats and potentiometers), other than heating resistors.","853329'"," -- Other","8","1","R","0","0","","","","0","0","0","0","0","0"
"4964","","HS 2007","Harmonized System 2007","Gabon","266'","2019","1","85333100'","  "," -- Pour une puissance n'exc?dant pas 20 W","85'","Electrical machinery and equipment and parts thereof; sound recorders and reproducers, television im","8533'","Electrical resistors (including rheostats and potentiometers), other than heating resistors.","853331'"," -- For a power handling capacity not exceeding 20 W","8","1","R","0","0","","","","0","0","0","0","0","0"
"4965","","HS 2007","Harmonized System 2007","Gabon","266'","2019","1","85333900'","  "," -- Autres","85'","Electrical machinery and equipment and parts thereof; sound recorders and reproducers, television im","8533'","Electrical resistors (including rheostats and potentiometers), other than heating resistors.","853339'"," -- Other","8","1","R","0","0","","","","0","0","0","0","0","0"
"4966","","HS 2007","Harmonized System 2007","Gabon","266'","2019","1","85334000'","  "," - Autres r?sistances variables (y compris les rh?ostats et les potentiom?tres)","85'","Electrical machinery and equipment and parts thereof; sound recorders and reproducers, television im","8533'","Electrical resistors (including rheostats and potentiometers), other than heating resistors.","853340'"," - Other variable resistors, including rheostats and potentiometers","8","1","R","0","0","","","","0","0","0","0","0","0"
"4967","","HS 2007","Harmonized System 2007","Gabon","266'","2019","1","85339000'","  "," - Parties","85'","Electrical machinery and equipment and parts thereof; sound recorders and reproducers, television im","8533'","Electrical resistors (including rheostats and potentiometers), other than heating resistors.","853390'"," - Parts","8","1","R","0","0","","","","0","0","0","0","0","0"
"4968","","HS 2007","Harmonized System 2007","Gabon","266'","2019","1","85340000'","  "," Circuits imprim?s.","85'","Electrical machinery and equipment and parts thereof; sound recorders and reproducers, television im","8534'","Printed circuits.","853400'"," Printed circuits.","8","1","R","0","0","","","","0","0","0","0","0","0"
"4969","","HS 2007","Harmonized System 2007","Gabon","266'","2019","1","85351000'","  "," - Fusibles et coupe-circuit ? fusibles","85'","Electrical machinery and equipment and parts thereof; sound recorders and reproducers, television im","8535'","Electrical apparatus for switching or protecting electrical circuits, or for making connections to o","853510'"," - Fuses","8","1","R","0","0","","","","0","0","0","0","0","0"
"4970","","HS 2007","Harmonized System 2007","Gabon","266'","2019","1","85352100'","  "," -- Pour une tension inf?rieure ? 72,5 kV","85'","Electrical machinery and equipment and parts thereof; sound recorders and reproducers, television im","8535'","Electrical apparatus for switching or protecting electrical circuits, or for making connections to o","853521'"," -- For a voltage of less than 72.5 kV","8","1","R","0","0","","","","0","0","0","0","0","0"
"4971","","HS 2007","Harmonized System 2007","Gabon","266'","2019","1","85352900'","  "," -- Autres","85'","Electrical machinery and equipment and parts thereof; sound recorders and reproducers, television im","8535'","Electrical apparatus for switching or protecting electrical circuits, or for making connections to o","853529'"," -- Other","8","1","R","0","0","","","","0","0","0","0","0","0"
"4972","","HS 2007","Harmonized System 2007","Gabon","266'","2019","1","85353000'","  "," - Sectionneurs et interrupteurs","85'","Electrical machinery and equipment and parts thereof; sound recorders and reproducers, television im","8535'","Electrical apparatus for switching or protecting electrical circuits, or for making connections to o","853530'"," - Isolating switches and make-and-break switches","8","1","R","0","0","","","","0","0","0","0","0","0"
"4973","","HS 2007","Harmonized System 2007","Gabon","266'","2019","1","85354000'","  "," - Parafoudres, limiteurs de tension et ?taleurs d'ondes","85'","Electrical machinery and equipment and parts thereof; sound recorders and reproducers, television im","8535'","Electrical apparatus for switching or protecting electrical circuits, or for making connections to o","853540'"," - Lightning arresters, voltage limiters and surge suppressors","8","1","R","0","0","","","","0","0","0","0","0","0"
"4974","","HS 2007","Harmonized System 2007","Gabon","266'","2019","1","85359000'","  "," - Autres","85'","Electrical machinery and equipment and parts thereof; sound recorders and reproducers, television im","8535'","Electrical apparatus for switching or protecting electrical circuits, or for making connections to o","853590'"," - Other","8","1","R","0","0","","","","0","0","0","0","0","0"
"4975","","HS 2007","Harmonized System 2007","Gabon","266'","2019","1","85361000'","  "," - Fusibles et coupe-circuit ? fusibles","85'","Electrical machinery and equipment and parts thereof; sound recorders and reproducers, television im","8536'","Electrical apparatus for switching or protecting electrical circuits, or for making connections to o","853610'"," - Fuses","8","1","R","0","0","","","","0","0","0","0","0","0"
"4976","","HS 2007","Harmonized System 2007","Gabon","266'","2019","1","85362000'","  "," - Disjoncteurs","85'","Electrical machinery and equipment and parts thereof; sound recorders and reproducers, television im","8536'","Electrical apparatus for switching or protecting electrical circuits, or for making connections to o","853620'"," - Automatic circuit breakers","8","1","R","0","0","","","","0","0","0","0","0","0"
"4977","","HS 2007","Harmonized System 2007","Gabon","266'","2019","1","85363000'","  "," - Autres appareils pour la protection des circuits ?lectriques","85'","Electrical machinery and equipment and parts thereof; sound recorders and reproducers, television im","8536'","Electrical apparatus for switching or protecting electrical circuits, or for making connections to o","853630'"," - Other apparatus for protecting electrical circuits","8","1","R","0","0","","","","0","0","0","0","0","0"
"4978","","HS 2007","Harmonized System 2007","Gabon","266'","2019","1","85364100'","  "," -- Pour une tension n'exc?dant pas 60 V","85'","Electrical machinery and equipment and parts thereof; sound recorders and reproducers, television im","8536'","Electrical apparatus for switching or protecting electrical circuits, or for making connections to o","853641'"," -- For a voltage not exceeding 60 V","8","1","R","0","0","","","","0","0","0","0","0","0"
"4979","","HS 2007","Harmonized System 2007","Gabon","266'","2019","1","85364900'","  "," -- Autres","85'","Electrical machinery and equipment and parts thereof; sound recorders and reproducers, television im","8536'","Electrical apparatus for switching or protecting electrical circuits, or for making connections to o","853649'"," -- Other","8","1","R","0","0","","","","0","0","0","0","0","0"
"4980","","HS 2007","Harmonized System 2007","Gabon","266'","2019","1","85365000'","  "," - Autres interrupteurs, sectionneurs et commutateurs","85'","Electrical machinery and equipment and parts thereof; sound recorders and reproducers, television im","8536'","Electrical apparatus for switching or protecting electrical circuits, or for making connections to o","853650'"," - Other switches","8","1","R","0","0","","","","0","0","0","0","0","0"
"4981","","HS 2007","Harmonized System 2007","Gabon","266'","2019","1","85366100'","  "," -- Douilles pour lampes","85'","Electrical machinery and equipment and parts thereof; sound recorders and reproducers, television im","8536'","Electrical apparatus for switching or protecting electrical circuits, or for making connections to o","853661'"," -- Lamp-holders","8","1","R","0","0","","","","0","0","0","0","0","0"
"4982","","HS 2007","Harmonized System 2007","Gabon","266'","2019","1","85366900'","  "," -- Autres","85'","Electrical machinery and equipment and parts thereof; sound recorders and reproducers, television im","8536'","Electrical apparatus for switching or protecting electrical circuits, or for making connections to o","853669'"," -- Other","8","1","R","0","0","","","","0","0","0","0","0","0"
"4983","","HS 2007","Harmonized System 2007","Gabon","266'","2019","1","85367000'","  "," - Connecteurs pour fibres optiques, faisceaux ou c?bles de fibres optiques","85'","Electrical machinery and equipment and parts thereof; sound recorders and reproducers, television im","8536'","Electrical apparatus for switching or protecting electrical circuits, or for making connections to o","853670'"," - Connectors for optical fibres, optical fibre bundles or cables","8","1","R","0","0","","","","0","0","0","0","0","0"
"4984","","HS 2007","Harmonized System 2007","Gabon","266'","2019","1","85369000'","  "," - Autres appareils","85'","Electrical machinery and equipment and parts thereof; sound recorders and reproducers, television im","8536'","Electrical apparatus for switching or protecting electrical circuits, or for making connections to o","853690'"," - Other apparatus","8","1","R","0","0","","","","0","0","0","0","0","0"
"4985","","HS 2007","Harmonized System 2007","Gabon","266'","2019","1","85371000'","  "," - Pour une tension n'exc?dant pas 1.000 V","85'","Electrical machinery and equipment and parts thereof; sound recorders and reproducers, television im","8537'","Boards, panels, consoles, desks, cabinets and other bases, equipped with two or more apparatus of he","853710'"," - For a voltage not exceeding 1,000 V","8","1","R","0","0","","","","0","0","0","0","0","0"
"4986","","HS 2007","Harmonized System 2007","Gabon","266'","2019","1","85372000'","  "," - Pour une tension exc?dant 1.000 V","85'","Electrical machinery and equipment and parts thereof; sound recorders and reproducers, television im","8537'","Boards, panels, consoles, desks, cabinets and other bases, equipped with two or more apparatus of he","853720'"," - For a voltage exceeding 1,000 V","8","1","R","0","0","","","","0","0","0","0","0","0"
"4987","","HS 2007","Harmonized System 2007","Gabon","266'","2019","1","85381000'","  "," - Tableaux, panneaux, consoles, pupitres, armoires et autres supports du n? 85.37, d?pourvus de leurs appareils","85'","Electrical machinery and equipment and parts thereof; sound recorders and reproducers, television im","8538'","Parts suitable for use solely or principally with the apparatus of heading 85.35, 85.36 or 85.37.","853810'"," - Boards, panels, consoles, desks, cabinets and other bases for the goods of heading 85.37, not equi","8","1","R","0","0","","","","0","0","0","0","0","0"
"4988","","HS 2007","Harmonized System 2007","Gabon","266'","2019","1","85389000'","  "," - Autres","85'","Electrical machinery and equipment and parts thereof; sound recorders and reproducers, television im","8538'","Parts suitable for use solely or principally with the apparatus of heading 85.35, 85.36 or 85.37.","853890'"," - Other","8","1","R","0","0","","","","0","0","0","0","0","0"
"4989","","HS 2007","Harmonized System 2007","Gabon","266'","2019","1","85391000'","  "," - Articles dits ? phares et projecteurs scell?s ?","85'","Electrical machinery and equipment and parts thereof; sound recorders and reproducers, television im","8539'","Electric filament or discharge lamps, including sealed beam lamp units and ultra-violet or infra-red","853910'"," - Sealed beam lamp units","8","1","R","0","0","","","","0","0","0","0","0","0"
"4990","","HS 2007","Harmonized System 2007","Gabon","266'","2019","1","85392100'","  "," -- Halog?nes, au tungst?ne","85'","Electrical machinery and equipment and parts thereof; sound recorders and reproducers, television im","8539'","Electric filament or discharge lamps, including sealed beam lamp units and ultra-violet or infra-red","853921'"," -- Tungsten halogen","8","1","R","0","0","","","","0","0","0","0","0","0"
"4991","","HS 2007","Harmonized System 2007","Gabon","266'","2019","1","85392200'","  "," -- Autres, d?une puissance n?exc?dant pas 200 W et d?une tension exc?dant 100 V","85'","Electrical machinery and equipment and parts thereof; sound recorders and reproducers, television im","8539'","Electric filament or discharge lamps, including sealed beam lamp units and ultra-violet or infra-red","853922'"," -- Other, of a power not exceeding 200 W and for a voltage exceeding 100 V","8","1","R","0","0","","","","0","0","0","0","0","0"
"4992","","HS 2007","Harmonized System 2007","Gabon","266'","2019","1","85392900'","  "," -- Autres","85'","Electrical machinery and equipment and parts thereof; sound recorders and reproducers, television im","8539'","Electric filament or discharge lamps, including sealed beam lamp units and ultra-violet or infra-red","853929'"," -- Other","8","1","R","0","0","","","","0","0","0","0","0","0"
"4993","","HS 2007","Harmonized System 2007","Gabon","266'","2019","1","85393100'","  "," -- Fluorescents, ? cathode chaude","85'","Electrical machinery and equipment and parts thereof; sound recorders and reproducers, television im","8539'","Electric filament or discharge lamps, including sealed beam lamp units and ultra-violet or infra-red","853931'"," -- Fluorescent, hot cathode","8","1","R","0","0","","","","0","0","0","0","0","0"
"4994","","HS 2007","Harmonized System 2007","Gabon","266'","2019","1","85393200'","  "," -- Lampes ? vapeur de mercure ou de sodium; lampes ? halog?nure m?tallique","85'","Electrical machinery and equipment and parts thereof; sound recorders and reproducers, television im","8539'","Electric filament or discharge lamps, including sealed beam lamp units and ultra-violet or infra-red","853932'"," -- Mercury or sodium vapour lamps; metal halide lamps","8","1","R","0","0","","","","0","0","0","0","0","0"
"4995","","HS 2007","Harmonized System 2007","Gabon","266'","2019","1","85393900'","  "," -- Autres","85'","Electrical machinery and equipment and parts thereof; sound recorders and reproducers, television im","8539'","Electric filament or discharge lamps, including sealed beam lamp units and ultra-violet or infra-red","853939'"," -- Other","8","1","R","0","0","","","","0","0","0","0","0","0"
"4996","","HS 2007","Harmonized System 2007","Gabon","266'","2019","1","85394100'","  "," -- Lampes ? arc","85'","Electrical machinery and equipment and parts thereof; sound recorders and reproducers, television im","8539'","Electric filament or discharge lamps, including sealed beam lamp units and ultra-violet or infra-red","853941'"," -- Arc-lamps","8","1","R","0","0","","","","0","0","0","0","0","0"
"4997","","HS 2007","Harmonized System 2007","Gabon","266'","2019","1","85394900'","  "," -- Autres","85'","Electrical machinery and equipment and parts thereof; sound recorders and reproducers, television im","8539'","Electric filament or discharge lamps, including sealed beam lamp units and ultra-violet or infra-red","853949'"," -- Other","8","1","R","0","0","","","","0","0","0","0","0","0"
"4998","","HS 2007","Harmonized System 2007","Gabon","266'","2019","1","85399000'","  "," - Parties","85'","Electrical machinery and equipment and parts thereof; sound recorders and reproducers, television im","8539'","Electric filament or discharge lamps, including sealed beam lamp units and ultra-violet or infra-red","853990'"," - Parts","8","1","R","0","0","","","","0","0","0","0","0","0"
"4999","","HS 2007","Harmonized System 2007","Gabon","266'","2019","1","85401100'","  "," -- En couleurs","85'","Electrical machinery and equipment and parts thereof; sound recorders and reproducers, television im","8540'","Thermionic, cold cathode or photo-cathode valves and tubes (for example, vacuum or vapour or gas fil","854011'"," -- Colour","8","1","R","0","0","","","","0","0","0","0","0","0"
"5000","","HS 2007","Harmonized System 2007","Gabon","266'","2019","1","85401200'","  "," -- En noir et blanc ou en autres monochromes","85'","Electrical machinery and equipment and parts thereof; sound recorders and reproducers, television im","8540'","Thermionic, cold cathode or photo-cathode valves and tubes (for example, vacuum or vapour or gas fil","854012'"," -- Black and white or other monochrome","8","1","R","0","0","","","","0","0","0","0","0","0"
"5001","","HS 2007","Harmonized System 2007","Gabon","266'","2019","1","85402000'","  "," - Tubes pour cam?ras de t?l?vision; tubes convertisseurs ou intensificateurs d'images; autres tubes ? photocathode","85'","Electrical machinery and equipment and parts thereof; sound recorders and reproducers, television im","8540'","Thermionic, cold cathode or photo-cathode valves and tubes (for example, vacuum or vapour or gas fil","854020'"," - Television camera tubes; image converters and intensifiers; other photo-cathode tubes","8","1","R","0","0","","","","0","0","0","0","0","0"
"5002","","HS 2007","Harmonized System 2007","Gabon","266'","2019","1","85404000'","  "," - Tubes de visualisation des donn?es graphiques, en couleurs avec un ?cran phosphorique d'espacement ? points inf?rieur ? 0,4 mm","85'","Electrical machinery and equipment and parts thereof; sound recorders and reproducers, television im","8540'","Thermionic, cold cathode or photo-cathode valves and tubes (for example, vacuum or vapour or gas fil","854040'"," - Data/graphic display tubes, colour, with a phosphor dot screen pitch smaller than 0.4 mm","8","1","R","0","0","","","","0","0","0","0","0","0"
"5003","","HS 2007","Harmonized System 2007","Gabon","266'","2019","1","85405000'","  "," - Tubes de visualisation des donn?es graphiques en noir et blanc ou en autres monochromes","85'","Electrical machinery and equipment and parts thereof; sound recorders and reproducers, television im","8540'","Thermionic, cold cathode or photo-cathode valves and tubes (for example, vacuum or vapour or gas fil","854050'"," - Data/graphic display tubes, black and white or other monochrome","8","1","R","0","0","","","","0","0","0","0","0","0"
"5004","","HS 2007","Harmonized System 2007","Gabon","266'","2019","1","85406000'","  "," - Autres tubes cathodiques","85'","Electrical machinery and equipment and parts thereof; sound recorders and reproducers, television im","8540'","Thermionic, cold cathode or photo-cathode valves and tubes (for example, vacuum or vapour or gas fil","854060'"," - Other cathode-ray tubes","8","1","R","0","0","","","","0","0","0","0","0","0"
"5005","","HS 2007","Harmonized System 2007","Gabon","266'","2019","1","85407100'","  "," -- Magn?trons","85'","Electrical machinery and equipment and parts thereof; sound recorders and reproducers, television im","8540'","Thermionic, cold cathode or photo-cathode valves and tubes (for example, vacuum or vapour or gas fil","854071'"," -- Magnetrons","8","1","R","0","0","","","","0","0","0","0","0","0"
"5006","","HS 2007","Harmonized System 2007","Gabon","266'","2019","1","85407200'","  "," -- Klystrons","85'","Electrical machinery and equipment and parts thereof; sound recorders and reproducers, television im","8540'","Thermionic, cold cathode or photo-cathode valves and tubes (for example, vacuum or vapour or gas fil","854072'"," -- Klystrons","8","1","R","0","0","","","","0","0","0","0","0","0"
"5007","","HS 2007","Harmonized System 2007","Gabon","266'","2019","1","85407900'","  "," -- Autres","85'","Electrical machinery and equipment and parts thereof; sound recorders and reproducers, television im","8540'","Thermionic, cold cathode or photo-cathode valves and tubes (for example, vacuum or vapour or gas fil","854079'"," -- Other","8","1","R","0","0","","","","0","0","0","0","0","0"
"5008","","HS 2007","Harmonized System 2007","Gabon","266'","2019","1","85408100'","  "," -- Tubes de r?ception ou d'amplification","85'","Electrical machinery and equipment and parts thereof; sound recorders and reproducers, television im","8540'","Thermionic, cold cathode or photo-cathode valves and tubes (for example, vacuum or vapour or gas fil","854081'"," -- Receiver or amplifier valves and tubes","8","1","R","0","0","","","","0","0","0","0","0","0"
"5009","","HS 2007","Harmonized System 2007","Gabon","266'","2019","1","85408900'","  "," -- Autres","85'","Electrical machinery and equipment and parts thereof; sound recorders and reproducers, television im","8540'","Thermionic, cold cathode or photo-cathode valves and tubes (for example, vacuum or vapour or gas fil","854089'"," -- Other","8","1","R","0","0","","","","0","0","0","0","0","0"
"5010","","HS 2007","Harmonized System 2007","Gabon","266'","2019","1","85409100'","  "," -- De tubes cathodiques","85'","Electrical machinery and equipment and parts thereof; sound recorders and reproducers, television im","8540'","Thermionic, cold cathode or photo-cathode valves and tubes (for example, vacuum or vapour or gas fil","854091'"," -- Of cathode-ray tubes","8","1","R","0","0","","","","0","0","0","0","0","0"
"5011","","HS 2007","Harmonized System 2007","Gabon","266'","2019","1","85409900'","  "," -- Autres","85'","Electrical machinery and equipment and parts thereof; sound recorders and reproducers, television im","8540'","Thermionic, cold cathode or photo-cathode valves and tubes (for example, vacuum or vapour or gas fil","854099'"," -- Other","8","1","R","0","0","","","","0","0","0","0","0","0"
"5012","","HS 2007","Harmonized System 2007","Gabon","266'","2019","1","85411000'","  "," - Diodes, autres que les photodiodes et les diodes ?mettrices de lumi?re","85'","Electrical machinery and equipment and parts thereof; sound recorders and reproducers, television im","8541'","Diodes, transistors and similar semiconductor devices; photosensitive semiconductor devices, includi","854110'"," - Diodes, other than photosensitive or light emitting diodes","8","1","R","0","0","","","","0","0","0","0","0","0"
"5013","","HS 2007","Harmonized System 2007","Gabon","266'","2019","1","85412100'","  "," -- A pouvoir de dissipation inf?rieur ? 1 W","85'","Electrical machinery and equipment and parts thereof; sound recorders and reproducers, television im","8541'","Diodes, transistors and similar semiconductor devices; photosensitive semiconductor devices, includi","854121'"," -- With a dissipation rate of less than 1 W","8","1","R","0","0","","","","0","0","0","0","0","0"
"5014","","HS 2007","Harmonized System 2007","Gabon","266'","2019","1","85412900'","  "," -- Autres","85'","Electrical machinery and equipment and parts thereof; sound recorders and reproducers, television im","8541'","Diodes, transistors and similar semiconductor devices; photosensitive semiconductor devices, includi","854129'"," -- Other","8","1","R","0","0","","","","0","0","0","0","0","0"
"5015","","HS 2007","Harmonized System 2007","Gabon","266'","2019","1","85413000'","  "," - Thyristors, diacs et triacs, autres que les dispositifs photosensibles","85'","Electrical machinery and equipment and parts thereof; sound recorders and reproducers, television im","8541'","Diodes, transistors and similar semiconductor devices; photosensitive semiconductor devices, includi","854130'"," - Thyristors, diacs and triacs, other than photosensitive devices","8","1","R","0","0","","","","0","0","0","0","0","0"
"5016","","HS 2007","Harmonized System 2007","Gabon","266'","2019","1","85414000'","  "," - Dispositifs photosensibles ? semi-conducteur, y compris les cellules photovolta?ques m?me assembl?es en modules ou constitu?es en panneaux; diodes ?mettrices de lumi?re","85'","Electrical machinery and equipment and parts thereof; sound recorders and reproducers, television im","8541'","Diodes, transistors and similar semiconductor devices; photosensitive semiconductor devices, includi","854140'"," - Photosensitive semiconductor devices, including photovoltaic cells whether or not assembled in mod","8","1","R","0","0","","","","0","0","0","0","0","0"
"5017","","HS 2007","Harmonized System 2007","Gabon","266'","2019","1","85415000'","  "," - Autres dispositifs ? semi-conducteur","85'","Electrical machinery and equipment and parts thereof; sound recorders and reproducers, television im","8541'","Diodes, transistors and similar semiconductor devices; photosensitive semiconductor devices, includi","854150'"," - Other semiconductor devices","8","1","R","0","0","","","","0","0","0","0","0","0"
"5018","","HS 2007","Harmonized System 2007","Gabon","266'","2019","1","85416000'","  "," - Cristaux pi?zo-?lectriques mont?s","85'","Electrical machinery and equipment and parts thereof; sound recorders and reproducers, television im","8541'","Diodes, transistors and similar semiconductor devices; photosensitive semiconductor devices, includi","854160'"," - Mounted piezo-electric crystals","8","1","R","0","0","","","","0","0","0","0","0","0"
"5019","","HS 2007","Harmonized System 2007","Gabon","266'","2019","1","85419000'","  "," - Parties","85'","Electrical machinery and equipment and parts thereof; sound recorders and reproducers, television im","8541'","Diodes, transistors and similar semiconductor devices; photosensitive semiconductor devices, includi","854190'"," - Parts","8","1","R","0","0","","","","0","0","0","0","0","0"
"5020","","HS 2007","Harmonized System 2007","Gabon","266'","2019","1","85423100'","  "," -- Processeurs et contr?leurs, m?me combin?s avec des m?moires, des convertisseurs, des circuits logiques, des amplificateurs, des horloges, des circuits de synchronisation ou d'autres circuits","85'","Electrical machinery and equipment and parts thereof; sound recorders and reproducers, television im","8542'","Electronic integrated circuits.","854231'"," -- Processors and controllers, whether or not combined with memories, converters, logic circuits, am","8","1","R","0","0","","","","0","0","0","0","0","0"
"5021","","HS 2007","Harmonized System 2007","Gabon","266'","2019","1","85423200'","  "," -- M?moires","85'","Electrical machinery and equipment and parts thereof; sound recorders and reproducers, television im","8542'","Electronic integrated circuits.","854232'"," -- Memories","8","1","R","0","0","","","","0","0","0","0","0","0"
"5022","","HS 2007","Harmonized System 2007","Gabon","266'","2019","1","85423300'","  "," -- Amplificateurs","85'","Electrical machinery and equipment and parts thereof; sound recorders and reproducers, television im","8542'","Electronic integrated circuits.","854233'"," -- Amplifiers","8","1","R","0","0","","","","0","0","0","0","0","0"
"5023","","HS 2007","Harmonized System 2007","Gabon","266'","2019","1","85423900'","  "," -- Autres","85'","Electrical machinery and equipment and parts thereof; sound recorders and reproducers, television im","8542'","Electronic integrated circuits.","854239'"," -- Other","8","1","R","0","0","","","","0","0","0","0","0","0"
"5024","","HS 2007","Harmonized System 2007","Gabon","266'","2019","1","85429000'","  "," - Parties","85'","Electrical machinery and equipment and parts thereof; sound recorders and reproducers, television im","8542'","Electronic integrated circuits.","854290'"," - Parts","8","1","R","0","0","","","","0","0","0","0","0","0"
"5025","","HS 2007","Harmonized System 2007","Gabon","266'","2019","1","85431000'","  "," - Acc?l?rateurs de particules","85'","Electrical machinery and equipment and parts thereof; sound recorders and reproducers, television im","8543'","Electrical machines and apparatus, having individual functions, not specified or included elsewhere ","854310'"," - Particle accelerators","8","1","R","0","0","","","","0","0","0","0","0","0"
"5026","","HS 2007","Harmonized System 2007","Gabon","266'","2019","1","85432000'","  "," - G?n?rateurs de signaux","85'","Electrical machinery and equipment and parts thereof; sound recorders and reproducers, television im","8543'","Electrical machines and apparatus, having individual functions, not specified or included elsewhere ","854320'"," - Signal generators","8","1","R","0","0","","","","0","0","0","0","0","0"
"5027","","HS 2007","Harmonized System 2007","Gabon","266'","2019","1","85433000'","  "," - Machines et appareils de galvanoplastie, ?lectrolyse ou ?lectrophor?se","85'","Electrical machinery and equipment and parts thereof; sound recorders and reproducers, television im","8543'","Electrical machines and apparatus, having individual functions, not specified or included elsewhere ","854330'"," - Machines and apparatus for electroplating, electrolysis or electrophoresis","8","1","R","0","0","","","","0","0","0","0","0","0"
"5028","","HS 2007","Harmonized System 2007","Gabon","266'","2019","1","85437000'","  "," - Autres machines et appareils","85'","Electrical machinery and equipment and parts thereof; sound recorders and reproducers, television im","8543'","Electrical machines and apparatus, having individual functions, not specified or included elsewhere ","854370'"," - Other machines and apparatus","8","1","R","0","0","","","","0","0","0","0","0","0"
"5029","","HS 2007","Harmonized System 2007","Gabon","266'","2019","1","85439000'","  "," - Parties","85'","Electrical machinery and equipment and parts thereof; sound recorders and reproducers, television im","8543'","Electrical machines and apparatus, having individual functions, not specified or included elsewhere ","854390'"," - Parts","8","1","R","0","0","","","","0","0","0","0","0","0"
"5030","","HS 2007","Harmonized System 2007","Gabon","266'","2019","1","85441100'","  "," -- En cuivre","85'","Electrical machinery and equipment and parts thereof; sound recorders and reproducers, television im","8544'","Insulated (including enamelled or anodised) wire, cable (including co-axial cable) and other insulat","854411'"," -- Of copper","8","1","R","0","0","","","","0","0","0","0","0","0"
"5031","","HS 2007","Harmonized System 2007","Gabon","266'","2019","1","85441900'","  "," -- Autres","85'","Electrical machinery and equipment and parts thereof; sound recorders and reproducers, television im","8544'","Insulated (including enamelled or anodised) wire, cable (including co-axial cable) and other insulat","854419'"," -- Other","8","1","R","0","0","","","","0","0","0","0","0","0"
"5032","","HS 2007","Harmonized System 2007","Gabon","266'","2019","1","85442000'","  "," - C?bles coaxiaux et autres conducteurs ?lectriques coaxiaux","85'","Electrical machinery and equipment and parts thereof; sound recorders and reproducers, television im","8544'","Insulated (including enamelled or anodised) wire, cable (including co-axial cable) and other insulat","854420'"," - Co-axial cable and other co-axial electric conductors","8","1","R","0","0","","","","0","0","0","0","0","0"
"5033","","HS 2007","Harmonized System 2007","Gabon","266'","2019","1","85443000'","  "," - Jeux de fils pour bougies d'allumage et autres jeux de fils des types utilis?s dans les moyens de transport","85'","Electrical machinery and equipment and parts thereof; sound recorders and reproducers, television im","8544'","Insulated (including enamelled or anodised) wire, cable (including co-axial cable) and other insulat","854430'"," - Ignition wiring sets and other wiring sets of a kind used in vehicles, aircraft or ships","8","1","R","0","0","","","","0","0","0","0","0","0"
"5034","","HS 2007","Harmonized System 2007","Gabon","266'","2019","1","85444200'","  "," -- Munis de pi?ces de connexion","85'","Electrical machinery and equipment and parts thereof; sound recorders and reproducers, television im","8544'","Insulated (including enamelled or anodised) wire, cable (including co-axial cable) and other insulat","854442'"," -- Fitted with connectors","8","1","R","0","0","","","","0","0","0","0","0","0"
"5035","","HS 2007","Harmonized System 2007","Gabon","266'","2019","1","85444910'","  "," Autres conducteurs electriques pr tension n'excedant pas 80 volts","85'","Electrical machinery and equipment and parts thereof; sound recorders and reproducers, television im","8544'","Insulated (including enamelled or anodised) wire, cable (including co-axial cable) and other insulat","854449'"," -- Other","8","1","R","0","0","","","","0","0","0","0","0","0"
"5036","","HS 2007","Harmonized System 2007","Gabon","266'","2019","1","85444990'","  "," autres conducteurs eletriques pr tension excedant 80v mais n'excedant pas 100v","85'","Electrical machinery and equipment and parts thereof; sound recorders and reproducers, television im","8544'","Insulated (including enamelled or anodised) wire, cable (including co-axial cable) and other insulat","854449'"," -- Other","8","1","R","0","0","","","","0","0","0","0","0","0"
"5037","","HS 2007","Harmonized System 2007","Gabon","266'","2019","1","85446000'","  "," - Autres conducteurs ?lectriques, pour tensions exc?dant 1.000 V","85'","Electrical machinery and equipment and parts thereof; sound recorders and reproducers, television im","8544'","Insulated (including enamelled or anodised) wire, cable (including co-axial cable) and other insulat","854460'"," - Other electric conductors, for a voltage exceeding 1,000?V","8","1","R","0","0","","","","0","0","0","0","0","0"
"5038","","HS 2007","Harmonized System 2007","Gabon","266'","2019","1","85447000'","  "," - C?bles de fibres optiques","85'","Electrical machinery and equipment and parts thereof; sound recorders and reproducers, television im","8544'","Insulated (including enamelled or anodised) wire, cable (including co-axial cable) and other insulat","854470'"," - Optical fibre cables","8","1","R","0","0","","","","0","0","0","0","0","0"
"5039","","HS 2007","Harmonized System 2007","Gabon","266'","2019","1","85451100'","  "," -- Des types utilis?s pour fours","85'","Electrical machinery and equipment and parts thereof; sound recorders and reproducers, television im","8545'","Carbon electrodes, carbon brushes, lamp carbons, battery carbons and other articles of graphite or o","854511'"," -- Of a kind used for furnaces","8","1","R","0","0","","","","0","0","0","0","0","0"
"5040","","HS 2007","Harmonized System 2007","Gabon","266'","2019","1","85451900'","  "," -- Autres","85'","Electrical machinery and equipment and parts thereof; sound recorders and reproducers, television im","8545'","Carbon electrodes, carbon brushes, lamp carbons, battery carbons and other articles of graphite or o","854519'"," -- Other","8","1","R","0","0","","","","0","0","0","0","0","0"
"5041","","HS 2007","Harmonized System 2007","Gabon","266'","2019","1","85452000'","  "," - Balais","85'","Electrical machinery and equipment and parts thereof; sound recorders and reproducers, television im","8545'","Carbon electrodes, carbon brushes, lamp carbons, battery carbons and other articles of graphite or o","854520'"," - Brushes","8","1","R","0","0","","","","0","0","0","0","0","0"
"5042","","HS 2007","Harmonized System 2007","Gabon","266'","2019","1","85459000'","  "," - Autres","85'","Electrical machinery and equipment and parts thereof; sound recorders and reproducers, television im","8545'","Carbon electrodes, carbon brushes, lamp carbons, battery carbons and other articles of graphite or o","854590'"," - Other","8","1","R","0","0","","","","0","0","0","0","0","0"
"5043","","HS 2007","Harmonized System 2007","Gabon","266'","2019","1","85461000'","  "," - En verre","85'","Electrical machinery and equipment and parts thereof; sound recorders and reproducers, television im","8546'","Electrical insulators of any material.","854610'"," - Of glass","8","1","R","0","0","","","","0","0","0","0","0","0"
"5044","","HS 2007","Harmonized System 2007","Gabon","266'","2019","1","85462000'","  "," - En c?ramique","85'","Electrical machinery and equipment and parts thereof; sound recorders and reproducers, television im","8546'","Electrical insulators of any material.","854620'"," - Of ceramics","8","1","R","0","0","","","","0","0","0","0","0","0"
"5045","","HS 2007","Harmonized System 2007","Gabon","266'","2019","1","85469000'","  "," - Autres","85'","Electrical machinery and equipment and parts thereof; sound recorders and reproducers, television im","8546'","Electrical insulators of any material.","854690'"," - Other","8","1","R","0","0","","","","0","0","0","0","0","0"
"5046","","HS 2007","Harmonized System 2007","Gabon","266'","2019","1","85471000'","  "," - Pi?ces isolantes en c?ramique","85'","Electrical machinery and equipment and parts thereof; sound recorders and reproducers, television im","8547'","Insulating fittings for electrical machines, appliances or equipment, being fittings wholly of insul","854710'"," - Insulating fittings of ceramics","8","1","R","0","0","","","","0","0","0","0","0","0"
"5047","","HS 2007","Harmonized System 2007","Gabon","266'","2019","1","85472000'","  "," - Pi?ces isolantes en mati?res plastiques","85'","Electrical machinery and equipment and parts thereof; sound recorders and reproducers, television im","8547'","Insulating fittings for electrical machines, appliances or equipment, being fittings wholly of insul","854720'"," - Insulating fittings of plastics","8","1","R","0","0","","","","0","0","0","0","0","0"
"5048","","HS 2007","Harmonized System 2007","Gabon","266'","2019","1","85479000'","  "," - Autres","85'","Electrical machinery and equipment and parts thereof; sound recorders and reproducers, television im","8547'","Insulating fittings for electrical machines, appliances or equipment, being fittings wholly of insul","854790'"," - Other","8","1","R","0","0","","","","0","0","0","0","0","0"
"5049","","HS 2007","Harmonized System 2007","Gabon","266'","2019","1","85481000'","  "," - D?chets et d?bris de piles, de batteries de piles et d'accumulateurs ?lectriques; piles et batteries de piles ?lectriques hors d'usage et accumulateurs ?lectriques hors d'usage","85'","Electrical machinery and equipment and parts thereof; sound recorders and reproducers, television im","8548'","Waste and scrap of primary cells, primary batteries and electric accumulators; spent primary cells, ","854810'"," - Waste and scrap of primary cells, primary batteries and electric accumulators; spent primary cells","8","1","R","0","0","","","","0","0","0","0","0","0"
"5050","","HS 2007","Harmonized System 2007","Gabon","266'","2019","1","85489000'","  "," - Autres","85'","Electrical machinery and equipment and parts thereof; sound recorders and reproducers, television im","8548'","Waste and scrap of primary cells, primary batteries and electric accumulators; spent primary cells, ","854890'"," - Other","8","1","R","0","0","","","","0","0","0","0","0","0"
"5051","","HS 2007","Harmonized System 2007","Gabon","266'","2019","1","86011010'","  "," Locomotives et locotracteurs ? source exter d'?lec pr voies de plus de 0,60m d'?carteme","86'","Railway or tramway locomotives, rolling- stock and parts thereof; railway or tramway track fixtures ","8601'","Rail locomotives powered from an external source of electricity or by electric accumulators.","860110'"," - Powered from an external source of electricity","8","1","R","0","0","","","","0","0","0","0","0","0"
"5052","","HS 2007","Harmonized System 2007","Gabon","266'","2019","1","86011020'","  "," locomotives & locotracteurs pr voies de 0,60m ou moins d'ecartement","86'","Railway or tramway locomotives, rolling- stock and parts thereof; railway or tramway track fixtures ","8601'","Rail locomotives powered from an external source of electricity or by electric accumulators.","860110'"," - Powered from an external source of electricity","8","1","R","0","0","","","","0","0","0","0","0","0"
"5053","","HS 2007","Harmonized System 2007","Gabon","266'","2019","1","86012010'","  "," locomotives et locotracteurs ? accumulateur electrique de plus de 0,60m d'ecartement","86'","Railway or tramway locomotives, rolling- stock and parts thereof; railway or tramway track fixtures ","8601'","Rail locomotives powered from an external source of electricity or by electric accumulators.","860120'"," - Powered by electric accumulators","8","1","R","0","0","","","","0","0","0","0","0","0"
"5054","","HS 2007","Harmonized System 2007","Gabon","266'","2019","1","86012020'","  "," locomotives & locotracteurs ? accumulateur?lectrique pr voies de 0,60m ou moins d'eca","86'","Railway or tramway locomotives, rolling- stock and parts thereof; railway or tramway track fixtures ","8601'","Rail locomotives powered from an external source of electricity or by electric accumulators.","860120'"," - Powered by electric accumulators","8","1","R","0","0","","","","0","0","0","0","0","0"
"5055","","HS 2007","Harmonized System 2007","Gabon","266'","2019","1","86021010'","  "," locomotives diesel-?lectriques pr voies deplus de 0,60m d'ecartement","86'","Railway or tramway locomotives, rolling- stock and parts thereof; railway or tramway track fixtures ","8602'","Other rail locomotives; locomotive tenders.","860210'"," - Diesel-electric locomotives","8","1","R","0","0","","","","0","0","0","0","0","0"
"5056","","HS 2007","Harmonized System 2007","Gabon","266'","2019","1","86021020'","  "," locomotives diesel-?lectriques pr voies de 0,60m ou moins d'ecartement","86'","Railway or tramway locomotives, rolling- stock and parts thereof; railway or tramway track fixtures ","8602'","Other rail locomotives; locomotive tenders.","860210'"," - Diesel-electric locomotives","8","1","R","0","0","","","","0","0","0","0","0","0"
"5057","","HS 2007","Harmonized System 2007","Gabon","266'","2019","1","86029010'","  "," locomotives & locotracteurs autres que ceuxdu 8601 ? 860210","86'","Railway or tramway locomotives, rolling- stock and parts thereof; railway or tramway track fixtures ","8602'","Other rail locomotives; locomotive tenders.","860290'"," - Other","8","1","R","0","0","","","","0","0","0","0","0","0"
"5058","","HS 2007","Harmonized System 2007","Gabon","266'","2019","1","86029020'","  "," locomotives & locotracteurs autres que ceuxdu 8601 ? 860210","86'","Railway or tramway locomotives, rolling- stock and parts thereof; railway or tramway track fixtures ","8602'","Other rail locomotives; locomotive tenders.","860290'"," - Other","8","1","R","0","0","","","","0","0","0","0","0","0"
"5059","","HS 2007","Harmonized System 2007","Gabon","266'","2019","1","86031010'","  "," Automotrices & autorails ? source exterieurd?elect.pr voies de plus de 0,60m d'ecartem","86'","Railway or tramway locomotives, rolling- stock and parts thereof; railway or tramway track fixtures ","8603'","Self-propelled railway or tramway coaches, vans and trucks, other than those of heading 86.04.","860310'"," - Powered from an external source of electricity","8","1","R","0","0","","","","0","0","0","0","0","0"
"5060","","HS 2007","Harmonized System 2007","Gabon","266'","2019","1","86031020'","  "," automotrices & autorails ? source exterieurd'electr. pr voies de 0,60m ou moins d'ecar","86'","Railway or tramway locomotives, rolling- stock and parts thereof; railway or tramway track fixtures ","8603'","Self-propelled railway or tramway coaches, vans and trucks, other than those of heading 86.04.","860310'"," - Powered from an external source of electricity","8","1","R","0","0","","","","0","0","0","0","0","0"
"5061","","HS 2007","Harmonized System 2007","Gabon","266'","2019","1","86039010'","  "," automotrices & autorails autre source quecelui du 830310pr v.de+0,60m d'ecartem.","86'","Railway or tramway locomotives, rolling- stock and parts thereof; railway or tramway track fixtures ","8603'","Self-propelled railway or tramway coaches, vans and trucks, other than those of heading 86.04.","860390'"," - Other","8","1","R","0","0","","","","0","0","0","0","0","0"
"5062","","HS 2007","Harmonized System 2007","Gabon","266'","2019","1","86039020'","  "," aotomotrices & autorails ? autre source queelectr que du 86031020 pr v.de0,60m ou-d'ec","86'","Railway or tramway locomotives, rolling- stock and parts thereof; railway or tramway track fixtures ","8603'","Self-propelled railway or tramway coaches, vans and trucks, other than those of heading 86.04.","860390'"," - Other","8","1","R","0","0","","","","0","0","0","0","0","0"
"5063","","HS 2007","Harmonized System 2007","Gabon","266'","2019","1","86040010'","  "," vehicules pr entretien ou service des voiesferr?es ou simil.m propuls.de+0,60m d'carte","86'","Railway or tramway locomotives, rolling- stock and parts thereof; railway or tramway track fixtures ","8604'","Railway or tramway maintenance or service vehicles, whether or not self-propelled (for example, work","860400'"," Railway or tramway maintenance or service vehicles, whether or not self-propelled (for example, work","8","1","R","0","0","","","","0","0","0","0","0","0"
"5064","","HS 2007","Harmonized System 2007","Gabon","266'","2019","1","86040020'","  "," vehicules pr entret ou service des V.ferreesimil.m propuls de 0,60m ou moins d'ecartem","86'","Railway or tramway locomotives, rolling- stock and parts thereof; railway or tramway track fixtures ","8604'","Railway or tramway maintenance or service vehicles, whether or not self-propelled (for example, work","860400'"," Railway or tramway maintenance or service vehicles, whether or not self-propelled (for example, work","8","1","R","0","0","","","","0","0","0","0","0","0"
"5065","","HS 2007","Harmonized System 2007","Gabon","266'","2019","1","86050010'","  "," voitures ? voyageurs,fourgons ? bagages,vtspostal & autrs pr v.ferr.pr v.de+0,60m d'ec","86'","Railway or tramway locomotives, rolling- stock and parts thereof; railway or tramway track fixtures ","8605'","Railway or tramway passenger coaches, not self-propelled; luggage vans, post office coaches and othe","860500'"," Railway or tramway passenger coaches, not self-propelled; luggage vans, post office coaches and othe","8","1","R","0","0","","","","0","0","0","0","0","0"
"5066","","HS 2007","Harmonized System 2007","Gabon","266'","2019","1","86050020'","  "," voitures ? voyageurs,fourgons ? bagages,v.p& autrs v.special.pr v.de 0,60m ou -d'ecart","86'","Railway or tramway locomotives, rolling- stock and parts thereof; railway or tramway track fixtures ","8605'","Railway or tramway passenger coaches, not self-propelled; luggage vans, post office coaches and othe","860500'"," Railway or tramway passenger coaches, not self-propelled; luggage vans, post office coaches and othe","8","1","R","0","0","","","","0","0","0","0","0","0"
"5067","","HS 2007","Harmonized System 2007","Gabon","266'","2019","1","86061010'","  "," wagons-citernes & similaires pour voies deplus de 0,60m d'acartement","86'","Railway or tramway locomotives, rolling- stock and parts thereof; railway or tramway track fixtures ","8606'","Railway or tramway goods vans and wagons, not self-propelled.","860610'"," - Tank wagons and the like","8","1","R","0","0","","","","0","0","0","0","0","0"
"5068","","HS 2007","Harmonized System 2007","Gabon","266'","2019","1","86061020'","  "," wagons-citernes & similaires pour voies de0,60 m ou moins d'ecartement","86'","Railway or tramway locomotives, rolling- stock and parts thereof; railway or tramway track fixtures ","8606'","Railway or tramway goods vans and wagons, not self-propelled.","860610'"," - Tank wagons and the like","8","1","R","0","0","","","","0","0","0","0","0","0"
"5069","","HS 2007","Harmonized System 2007","Gabon","266'","2019","1","86063010'","  "," wagons ? dechargement automatiq autres quedu 860610 ou 860620 pr v.de+0,60m d'ecartem","86'","Railway or tramway locomotives, rolling- stock and parts thereof; railway or tramway track fixtures ","8606'","Railway or tramway goods vans and wagons, not self-propelled.","860630'"," - Self-discharging vans and wagons, other than those of subheading 8606.10","8","1","R","0","0","","","","0","0","0","0","0","0"
"5070","","HS 2007","Harmonized System 2007","Gabon","266'","2019","1","86063020'","  "," wagons ? dechargement automatiq autres quedes 860610 ou 860620pr v.de 0,60m ou-d'ecar","86'","Railway or tramway locomotives, rolling- stock and parts thereof; railway or tramway track fixtures ","8606'","Railway or tramway goods vans and wagons, not self-propelled.","860630'"," - Self-discharging vans and wagons, other than those of subheading 8606.10","8","1","R","0","0","","","","0","0","0","0","0","0"
"5071","","HS 2007","Harmonized System 2007","Gabon","266'","2019","1","86069110'","  "," wagons autres que ceux ? dechargement couverts & ferm?s pr v.de+0,60m d'ecartemen","86'","Railway or tramway locomotives, rolling- stock and parts thereof; railway or tramway track fixtures ","8606'","Railway or tramway goods vans and wagons, not self-propelled.","860691'"," -- Covered and closed","8","1","R","0","0","","","","0","0","0","0","0","0"
"5072","","HS 2007","Harmonized System 2007","Gabon","266'","2019","1","86069120'","  "," wagons autres ? dechargement auto.couvertset ferm?s pr v. de 0,60m ou moins d'ecartem","86'","Railway or tramway locomotives, rolling- stock and parts thereof; railway or tramway track fixtures ","8606'","Railway or tramway goods vans and wagons, not self-propelled.","860691'"," -- Covered and closed","8","1","R","0","0","","","","0","0","0","0","0","0"
"5073","","HS 2007","Harmonized System 2007","Gabon","266'","2019","1","86069210'","  "," wags autr que ? decharg.auto.8606 ouvert ? par.non amov.haut.>60cmpr v.de+ 0,60m d'eca","86'","Railway or tramway locomotives, rolling- stock and parts thereof; railway or tramway track fixtures ","8606'","Railway or tramway goods vans and wagons, not self-propelled.","860692'"," -- Open, with non-removable sides of a height exceeding 60?cm","8","1","R","0","0","","","","0","0","0","0","0","0"
"5074","","HS 2007","Harmonized System 2007","Gabon","266'","2019","1","86069220'","  "," wag.auts que ? decharg.autom.ouverts ? paronon amov.haut>60cm pr v.de 0,60m d'ecartem","86'","Railway or tramway locomotives, rolling- stock and parts thereof; railway or tramway track fixtures ","8606'","Railway or tramway goods vans and wagons, not self-propelled.","860692'"," -- Open, with non-removable sides of a height exceeding 60?cm","8","1","R","0","0","","","","0","0","0","0","0","0"
"5075","","HS 2007","Harmonized System 2007","Gabon","266'","2019","1","86069910'","  "," wagons du 8606 autres que ceux du 86061010? 86069220pr v.de plus de 0,60m d'ecartem","86'","Railway or tramway locomotives, rolling- stock and parts thereof; railway or tramway track fixtures ","8606'","Railway or tramway goods vans and wagons, not self-propelled.","860699'"," -- Other","8","1","R","0","0","","","","0","0","0","0","0","0"
"5076","","HS 2007","Harmonized System 2007","Gabon","266'","2019","1","86069920'","  "," wagons du 8606 autres que ceux du 86061010? 86069220 pr v.de 0,60m ou moins d'ecarte","86'","Railway or tramway locomotives, rolling- stock and parts thereof; railway or tramway track fixtures ","8606'","Railway or tramway goods vans and wagons, not self-propelled.","860699'"," -- Other","8","1","R","0","0","","","","0","0","0","0","0","0"
"5077","","HS 2007","Harmonized System 2007","Gabon","266'","2019","1","86071100'","  "," -- Bogies et bissels de traction","86'","Railway or tramway locomotives, rolling- stock and parts thereof; railway or tramway track fixtures ","8607'","Parts of railway or tramway locomotives or rolling-stock.","860711'"," -- Driving bogies and bissel-bogies","8","1","R","0","0","","","","0","0","0","0","0","0"
"5078","","HS 2007","Harmonized System 2007","Gabon","266'","2019","1","86071200'","  "," -- Autres bogies et bissels","86'","Railway or tramway locomotives, rolling- stock and parts thereof; railway or tramway track fixtures ","8607'","Parts of railway or tramway locomotives or rolling-stock.","860712'"," -- Other bogies and bissel-bogies","8","1","R","0","0","","","","0","0","0","0","0","0"
"5079","","HS 2007","Harmonized System 2007","Gabon","266'","2019","1","86071900'","  "," -- Autres, y compris les parties","86'","Railway or tramway locomotives, rolling- stock and parts thereof; railway or tramway track fixtures ","8607'","Parts of railway or tramway locomotives or rolling-stock.","860719'"," -- Other, including parts","8","1","R","0","0","","","","0","0","0","0","0","0"
"5080","","HS 2007","Harmonized System 2007","Gabon","266'","2019","1","86072100'","  "," -- Freins ? air comprim? et leurs parties","86'","Railway or tramway locomotives, rolling- stock and parts thereof; railway or tramway track fixtures ","8607'","Parts of railway or tramway locomotives or rolling-stock.","860721'"," -- Air brakes and parts thereof","8","1","R","0","0","","","","0","0","0","0","0","0"
"5081","","HS 2007","Harmonized System 2007","Gabon","266'","2019","1","86072900'","  "," -- Autres","86'","Railway or tramway locomotives, rolling- stock and parts thereof; railway or tramway track fixtures ","8607'","Parts of railway or tramway locomotives or rolling-stock.","860729'"," -- Other","8","1","R","0","0","","","","0","0","0","0","0","0"
"5082","","HS 2007","Harmonized System 2007","Gabon","266'","2019","1","86073000'","  "," - Crochets et autres syst?mes d'attelage, tampons de chocs, et leurs parties","86'","Railway or tramway locomotives, rolling- stock and parts thereof; railway or tramway track fixtures ","8607'","Parts of railway or tramway locomotives or rolling-stock.","860730'"," - Hooks and other coupling devices, buffers, and parts thereof","8","1","R","0","0","","","","0","0","0","0","0","0"
"5083","","HS 2007","Harmonized System 2007","Gabon","266'","2019","1","86079100'","  "," -- De locomotives ou de locotracteurs","86'","Railway or tramway locomotives, rolling- stock and parts thereof; railway or tramway track fixtures ","8607'","Parts of railway or tramway locomotives or rolling-stock.","860791'"," -- Of locomotives","8","1","R","0","0","","","","0","0","0","0","0","0"
"5084","","HS 2007","Harmonized System 2007","Gabon","266'","2019","1","86079900'","  "," -- Autres","86'","Railway or tramway locomotives, rolling- stock and parts thereof; railway or tramway track fixtures ","8607'","Parts of railway or tramway locomotives or rolling-stock.","860799'"," -- Other","8","1","R","0","0","","","","0","0","0","0","0","0"
"5085","","HS 2007","Harmonized System 2007","Gabon","266'","2019","1","86080000'","  "," Mat?riel fixe de voies ferr?es ou similaires; appareils m?caniques (y compris ?lectrom?caniques) de signalisation, de s?curit?, de contr?le ou de commande pour voies ferr?es ou similaires, routi?res ou fluviales, aires ou parcs de stationnement,","86'","Railway or tramway locomotives, rolling- stock and parts thereof; railway or tramway track fixtures ","8608'","Railway or tramway track fixtures and fittings; mechanical (including electro-mechanical) signalling","860800'"," Railway or tramway track fixtures and fittings; mechanical (including electro-mechanical) signalling","8","1","R","0","0","","","","0","0","0","0","0","0"
"5086","","HS 2007","Harmonized System 2007","Gabon","266'","2019","1","86090000'","  "," Cadres et conteneurs (y compris les conteneurs-citernes et les conteneurs-r?servoirs) sp?cialement con?us et ?quip?s pour un ou plusieurs modes de transport.","86'","Railway or tramway locomotives, rolling- stock and parts thereof; railway or tramway track fixtures ","8609'","Containers (including containers for the transport of fluids) specially designed and equipped for ca","860900'"," Containers (including containers for the transport of fluids) specially designed and equipped for ca","8","1","R","0","0","","","","0","0","0","0","0","0"
"5087","","HS 2007","Harmonized System 2007","Gabon","266'","2019","1","87011000'","  "," - Motoculteurs","87'","Vehicles other than railway or tramway rolling- stock, and parts and accessories thereof","8701'","Tractors (other than tractors of heading 87.09).","870110'"," - Pedestrian controlled tractors","8","1","R","0","0","","","","0","0","0","0","0","0"
"5088","","HS 2007","Harmonized System 2007","Gabon","266'","2019","1","87012010'","  "," Tracteurs routiers pour semi-remorques d'une cylindr?e de moins de 4500 cm3","87'","Vehicles other than railway or tramway rolling- stock, and parts and accessories thereof","8701'","Tractors (other than tractors of heading 87.09).","870120'"," - Road tractors for semi-trailers","8","1","R","0","0","","","","0","0","0","0","0","0"
"5089","","HS 2007","Harmonized System 2007","Gabon","266'","2019","1","87012020'","  "," tracteurs routiers pour semi-remorq d 'unecylindr?e de 4500 cm3 ou plus","87'","Vehicles other than railway or tramway rolling- stock, and parts and accessories thereof","8701'","Tractors (other than tractors of heading 87.09).","870120'"," - Road tractors for semi-trailers","8","1","R","0","0","","","","0","0","0","0","0","0"
"5090","","HS 2007","Harmonized System 2007","Gabon","266'","2019","1","87013010'","  "," tracteurs ? chenilles de 4000 kg ou moins","87'","Vehicles other than railway or tramway rolling- stock, and parts and accessories thereof","8701'","Tractors (other than tractors of heading 87.09).","870130'"," - Track-laying tractors","8","1","R","0","0","","","","0","0","0","0","0","0"
"5091","","HS 2007","Harmonized System 2007","Gabon","266'","2019","1","87013020'","  "," tracteurs ? chenilles de plus de 4000 kg","87'","Vehicles other than railway or tramway rolling- stock, and parts and accessories thereof","8701'","Tractors (other than tractors of heading 87.09).","870130'"," - Track-laying tractors","8","1","R","0","0","","","","0","0","0","0","0","0"
"5092","","HS 2007","Harmonized System 2007","Gabon","266'","2019","1","87019011'","  "," Tracteurs agricoles ? roues ? moteur ?explosion ou ? combustion interne","87'","Vehicles other than railway or tramway rolling- stock, and parts and accessories thereof","8701'","Tractors (other than tractors of heading 87.09).","870190'"," - Other","8","1","R","0","0","","","","0","0","0","0","0","0"
"5093","","HS 2007","Harmonized System 2007","Gabon","266'","2019","1","87019012'","  "," tracts ? roues aut.que agricl.? mot.? explo d'unecylindr?e de moins de 4500 cm3","87'","Vehicles other than railway or tramway rolling- stock, and parts and accessories thereof","8701'","Tractors (other than tractors of heading 87.09).","870190'"," - Other","8","1","R","0","0","","","","0","0","0","0","0","0"
"5094","","HS 2007","Harmonized System 2007","Gabon","266'","2019","1","87019013'","  "," tracteurs ? r. aut. que agric.? mot.? explo cylindr?e de 4500 cm3 ou plus","87'","Vehicles other than railway or tramway rolling- stock, and parts and accessories thereof","8701'","Tractors (other than tractors of heading 87.09).","870190'"," - Other","8","1","R","0","0","","","","0","0","0","0","0","0"
"5095","","HS 2007","Harmonized System 2007","Gabon","266'","2019","1","87019020'","  "," tracteurs ? moteurs electrique","87'","Vehicles other than railway or tramway rolling- stock, and parts and accessories thereof","8701'","Tractors (other than tractors of heading 87.09).","870190'"," - Other","8","1","R","0","0","","","","0","0","0","0","0","0"
"5096","","HS 2007","Harmonized System 2007","Gabon","266'","2019","1","87021010'","  "," V?hicule pour le transoprt de dix personnes ou plus, ? un essieu moteur , diesel .","87'","Vehicles other than railway or tramway rolling- stock, and parts and accessories thereof","8702'","Motor vehicles for the transport of ten or more persons, including the driver.","870210'"," - With compression-ignition internal combustion piston engine (diesel or semi-diesel)","8","1","R","0","0","","","","0","0","0","0","0","0"
"5097","","HS 2007","Harmonized System 2007","Gabon","266'","2019","1","87021090'","  "," V?hicule pour le transport de dix personnes ou plus,? deux essieux moteur , diesel .","87'","Vehicles other than railway or tramway rolling- stock, and parts and accessories thereof","8702'","Motor vehicles for the transport of ten or more persons, including the driver.","870210'"," - With compression-ignition internal combustion piston engine (diesel or semi-diesel)","8","1","R","0","0","","","","0","0","0","0","0","0"
"5098","","HS 2007","Harmonized System 2007","Gabon","266'","2019","1","87029010'","  "," V?hicule pour le transport de dix personnes ou plus , ? un essieu moteur , essence.","87'","Vehicles other than railway or tramway rolling- stock, and parts and accessories thereof","8702'","Motor vehicles for the transport of ten or more persons, including the driver.","870290'"," - Other","8","1","R","0","0","","","","0","0","0","0","0","0"
"5099","","HS 2007","Harmonized System 2007","Gabon","266'","2019","1","87029090'","  "," V?hicules pour le transport de dix personnes ou plus, ? deux essieus moteur, essence.","87'","Vehicles other than railway or tramway rolling- stock, and parts and accessories thereof","8702'","Motor vehicles for the transport of ten or more persons, including the driver.","870290'"," - Other","8","1","R","0","0","","","","0","0","0","0","0","0"
"5100","","HS 2007","Harmonized System 2007","Gabon","266'","2019","1","87031000'","  "," - V?hicules sp?cialement con?us pour se d?placer sur la neige; v?hicules sp?ciaux pour le transport de personnes sur les terrains de golf et v?hicules similaires","87'","Vehicles other than railway or tramway rolling- stock, and parts and accessories thereof","8703'","Motor cars and other motor vehicles principally designed for the transport of persons (other than th","870310'"," - Vehicles specially designed for travelling on snow; golf cars and similar vehicles","8","1","R","0","0","","","","0","0","0","0","0","0"
"5101","","HS 2007","Harmonized System 2007","Gabon","266'","2019","1","87032110'","  "," V?hicules ? essence,cylindr?<=1000cm3 ? unessieu moteur.","87'","Vehicles other than railway or tramway rolling- stock, and parts and accessories thereof","8703'","Motor cars and other motor vehicles principally designed for the transport of persons (other than th","870321'"," -- Of a cylinder capacity not exceeding 1,000 cc","8","1","R","0","0","","","","0","0","0","0","0","0"
"5102","","HS 2007","Harmonized System 2007","Gabon","266'","2019","1","87032190'","  "," vehicules ? essence,cylindr?e <=1000cm3 ?deux essieux moteur","87'","Vehicles other than railway or tramway rolling- stock, and parts and accessories thereof","8703'","Motor cars and other motor vehicles principally designed for the transport of persons (other than th","870321'"," -- Of a cylinder capacity not exceeding 1,000 cc","8","1","R","0","0","","","","0","0","0","0","0","0"
"5103","","HS 2007","Harmonized System 2007","Gabon","266'","2019","1","87032210'","  "," vehicules ? essence,cylindr?e>1000cm3 &<=1500cm3, ? un essieu moteur","87'","Vehicles other than railway or tramway rolling- stock, and parts and accessories thereof","8703'","Motor cars and other motor vehicles principally designed for the transport of persons (other than th","870322'"," -- Of a cylinder capacity exceeding 1,000 cc but not exceeding 1,500 cc","8","1","R","0","0","","","","0","0","0","0","0","0"
"5104","","HS 2007","Harmonized System 2007","Gabon","266'","2019","1","87032290'","  "," vehicules ? essence,cylindr?e>1500cm3 &<=3000cm3 ? deux essieux moteur","87'","Vehicles other than railway or tramway rolling- stock, and parts and accessories thereof","8703'","Motor cars and other motor vehicles principally designed for the transport of persons (other than th","870322'"," -- Of a cylinder capacity exceeding 1,000 cc but not exceeding 1,500 cc","8","1","R","0","0","","","","0","0","0","0","0","0"
"5105","","HS 2007","Harmonized System 2007","Gabon","266'","2019","1","87032310'","  "," Vhicules auto. explosion d'une cylindre>1500cm3 mais <=3000cm3 1 essieu","87'","Vehicles other than railway or tramway rolling- stock, and parts and accessories thereof","8703'","Motor cars and other motor vehicles principally designed for the transport of persons (other than th","870323'"," -- Of a cylinder capacity exceeding 1,500 cc but not exceeding 3,000 cc","8","1","R","0","0","","","","0","0","0","0","0","0"
"5106","","HS 2007","Harmonized System 2007","Gabon","266'","2019","1","87032311'","  "," V?hicules auto. ? expl. d'une cylindr? >1500 cm3 mais <=2000 cm3 ? 1 essieu moteur.","87'","Vehicles other than railway or tramway rolling- stock, and parts and accessories thereof","8703'","Motor cars and other motor vehicles principally designed for the transport of persons (other than th","870323'"," -- Of a cylinder capacity exceeding 1,500 cc but not exceeding 3,000 cc","8","1","R","0","0","","","","0","0","0","0","0","0"
"5107","","HS 2007","Harmonized System 2007","Gabon","266'","2019","1","87032390'","  "," vehicules ? essence,cylindr?e >1500 cm3 &<=3000cm3,? deux essieux moteur","87'","Vehicles other than railway or tramway rolling- stock, and parts and accessories thereof","8703'","Motor cars and other motor vehicles principally designed for the transport of persons (other than th","870323'"," -- Of a cylinder capacity exceeding 1,500 cc but not exceeding 3,000 cc","8","1","R","0","0","","","","0","0","0","0","0","0"
"5108","","HS 2007","Harmonized System 2007","Gabon","266'","2019","1","87032410'","  "," vehicule ? essence,cylindr?e >3000cm3, ? unessieu moteur","87'","Vehicles other than railway or tramway rolling- stock, and parts and accessories thereof","8703'","Motor cars and other motor vehicles principally designed for the transport of persons (other than th","870324'"," -- Of a cylinder capacity exceeding 3,000 cc","8","1","R","0","0","","","","0","0","0","0","0","0"
"5109","","HS 2007","Harmonized System 2007","Gabon","266'","2019","1","87032490'","  "," vehicule ? essence,cylindr?e >3000cm3 ?deux essieux moteur","87'","Vehicles other than railway or tramway rolling- stock, and parts and accessories thereof","8703'","Motor cars and other motor vehicles principally designed for the transport of persons (other than th","870324'"," -- Of a cylinder capacity exceeding 3,000 cc","8","1","R","0","0","","","","0","0","0","0","0","0"
"5110","","HS 2007","Harmonized System 2007","Gabon","266'","2019","1","87033110'","  "," vehicule diesel ou semi-diesel,cylindr?e<1500cm3 ? un essieu moteur","87'","Vehicles other than railway or tramway rolling- stock, and parts and accessories thereof","8703'","Motor cars and other motor vehicles principally designed for the transport of persons (other than th","870331'"," -- Of a cylinder capacity not exceeding 1,500 cc","8","1","R","0","0","","","","0","0","0","0","0","0"
"5111","","HS 2007","Harmonized System 2007","Gabon","266'","2019","1","87033190'","  "," vehicule diesel ou semi-diesel,cylindr?e<1500cm3 ? deux essieux moteur","87'","Vehicles other than railway or tramway rolling- stock, and parts and accessories thereof","8703'","Motor cars and other motor vehicles principally designed for the transport of persons (other than th","870331'"," -- Of a cylinder capacity not exceeding 1,500 cc","8","1","R","0","0","","","","0","0","0","0","0","0"
"5112","","HS 2007","Harmonized System 2007","Gabon","266'","2019","1","87033210'","  "," Vhicules diesel cylindrs>1500 cm3 mais <=2500 cm3 1 essieu moteur","87'","Vehicles other than railway or tramway rolling- stock, and parts and accessories thereof","8703'","Motor cars and other motor vehicles principally designed for the transport of persons (other than th","870332'"," -- Of a cylinder capacity exceeding 1,500 cc but not exceeding 2,500 cc","8","1","R","0","0","","","","0","0","0","0","0","0"
"5113","","HS 2007","Harmonized System 2007","Gabon","266'","2019","1","87033290'","  "," vehicules diesel ou semi-diesel,cylindr?e>1500cm3 mais <=2500cm3 ? deux essieux mot.","87'","Vehicles other than railway or tramway rolling- stock, and parts and accessories thereof","8703'","Motor cars and other motor vehicles principally designed for the transport of persons (other than th","870332'"," -- Of a cylinder capacity exceeding 1,500 cc but not exceeding 2,500 cc","8","1","R","0","0","","","","0","0","0","0","0","0"
"5114","","HS 2007","Harmonized System 2007","Gabon","266'","2019","1","87033310'","  "," vehicule diesel ou semi-diesel,cylindr?e>2500cm3 ? un essieu moteur","87'","Vehicles other than railway or tramway rolling- stock, and parts and accessories thereof","8703'","Motor cars and other motor vehicles principally designed for the transport of persons (other than th","870333'"," -- Of a cylinder capacity exceeding 2,500 cc","8","1","R","0","0","","","","0","0","0","0","0","0"
"5115","","HS 2007","Harmonized System 2007","Gabon","266'","2019","1","87033390'","  "," vehicule diesel ou semi-diesel,cylindr?e>2500cm3 ? deux essieux moteur","87'","Vehicles other than railway or tramway rolling- stock, and parts and accessories thereof","8703'","Motor cars and other motor vehicles principally designed for the transport of persons (other than th","870333'"," -- Of a cylinder capacity exceeding 2,500 cc","8","1","R","0","0","","","","0","0","0","0","0","0"
"5116","","HS 2007","Harmonized System 2007","Gabon","266'","2019","1","87039010'","  "," V?hicules automobiles pour le transport de 10 personnes ou plus, chauffeur inclus.","87'","Vehicles other than railway or tramway rolling- stock, and parts and accessories thereof","8703'","Motor cars and other motor vehicles principally designed for the transport of persons (other than th","870390'"," - Other","8","1","R","0","0","","","","0","0","0","0","0","0"
"5117","","HS 2007","Harmonized System 2007","Gabon","266'","2019","1","87039090'","  "," V?hicules automobiles pour le transport des personnes, non d?nomm?s ni compris ailleurs.","87'","Vehicles other than railway or tramway rolling- stock, and parts and accessories thereof","8703'","Motor cars and other motor vehicles principally designed for the transport of persons (other than th","870390'"," - Other","8","1","R","0","0","","","","0","0","0","0","0","0"
"5118","","HS 2007","Harmonized System 2007","Gabon","266'","2019","1","87041000'","  "," - Tombereaux automoteurs con?us pour ?tre utilis?s en dehors du r?seau routier","87'","Vehicles other than railway or tramway rolling- stock, and parts and accessories thereof","8704'","Motor vehicles for the transport of goods.","870410'"," - Dumpers designed for off-highway use","8","1","R","0","0","","","","0","0","0","0","0","0"
"5119","","HS 2007","Harmonized System 2007","Gabon","266'","2019","1","87042100'","  "," -- D'un poids en charge maximal n'exc?dant pas 5 tonnes","87'","Vehicles other than railway or tramway rolling- stock, and parts and accessories thereof","8704'","Motor vehicles for the transport of goods.","870421'"," -- g.v.w. not exceeding 5 tonnes","8","1","R","0","0","","","","0","0","0","0","0","0"
"5120","","HS 2007","Harmonized System 2007","Gabon","266'","2019","1","87042200'","  "," -- D'un poids en charge maximal exc?dant 5 tonnes mais n'exc?dant pas 20 tonnes","87'","Vehicles other than railway or tramway rolling- stock, and parts and accessories thereof","8704'","Motor vehicles for the transport of goods.","870422'"," -- g.v.w. exceeding 5 tonnes but not exceeding 20 tonnes","8","1","R","0","0","","","","0","0","0","0","0","0"
"5121","","HS 2007","Harmonized System 2007","Gabon","266'","2019","1","87042300'","  "," -- D'un poids en charge maximal exc?dant 20 tonnes","87'","Vehicles other than railway or tramway rolling- stock, and parts and accessories thereof","8704'","Motor vehicles for the transport of goods.","870423'"," -- g.v.w. exceeding 20 tonnes","8","1","R","0","0","","","","0","0","0","0","0","0"
"5122","","HS 2007","Harmonized System 2007","Gabon","266'","2019","1","87043100'","  "," -- D'un poids en charge maximal n'exc?dant pas 5 tonnes","87'","Vehicles other than railway or tramway rolling- stock, and parts and accessories thereof","8704'","Motor vehicles for the transport of goods.","870431'"," -- g.v.w. not exceeding 5 tonnes","8","1","R","0","0","","","","0","0","0","0","0","0"
"5123","","HS 2007","Harmonized System 2007","Gabon","266'","2019","1","87043200'","  "," -- D'un poids en charge maximal exc?dant 5 tonnes","87'","Vehicles other than railway or tramway rolling- stock, and parts and accessories thereof","8704'","Motor vehicles for the transport of goods.","870432'"," -- g.v.w. exceeding 5 tonnes","8","1","R","0","0","","","","0","0","0","0","0","0"
"5124","","HS 2007","Harmonized System 2007","Gabon","266'","2019","1","87049000'","  "," - Autres","87'","Vehicles other than railway or tramway rolling- stock, and parts and accessories thereof","8704'","Motor vehicles for the transport of goods.","870490'"," - Other","8","1","R","0","0","","","","0","0","0","0","0","0"
"5125","","HS 2007","Harmonized System 2007","Gabon","266'","2019","1","87051000'","  "," - Camions-grues","87'","Vehicles other than railway or tramway rolling- stock, and parts and accessories thereof","8705'","Special purpose motor vehicles, other than those principally designed for the transport of persons o","870510'"," - Crane lorries","8","1","R","0","0","","","","0","0","0","0","0","0"
"5126","","HS 2007","Harmonized System 2007","Gabon","266'","2019","1","87052000'","  "," - Derricks automobiles pour le sondage ou le forage","87'","Vehicles other than railway or tramway rolling- stock, and parts and accessories thereof","8705'","Special purpose motor vehicles, other than those principally designed for the transport of persons o","870520'"," - Mobile drilling derricks","8","1","R","0","0","","","","0","0","0","0","0","0"
"5127","","HS 2007","Harmonized System 2007","Gabon","266'","2019","1","87053000'","  "," - Voitures de lutte contre l'incendie","87'","Vehicles other than railway or tramway rolling- stock, and parts and accessories thereof","8705'","Special purpose motor vehicles, other than those principally designed for the transport of persons o","870530'"," - Fire fighting vehicles","8","1","R","0","0","","","","0","0","0","0","0","0"
"5128","","HS 2007","Harmonized System 2007","Gabon","266'","2019","1","87054000'","  "," - Camions-b?tonni?res","87'","Vehicles other than railway or tramway rolling- stock, and parts and accessories thereof","8705'","Special purpose motor vehicles, other than those principally designed for the transport of persons o","870540'"," - Concrete-mixer lorries","8","1","R","0","0","","","","0","0","0","0","0","0"
"5129","","HS 2007","Harmonized System 2007","Gabon","266'","2019","1","87059000'","  "," - Autres","87'","Vehicles other than railway or tramway rolling- stock, and parts and accessories thereof","8705'","Special purpose motor vehicles, other than those principally designed for the transport of persons o","870590'"," - Other","8","1","R","0","0","","","","0","0","0","0","0","0"
"5130","","HS 2007","Harmonized System 2007","Gabon","266'","2019","1","87060010'","  "," Chassis des vehicules auto des 8701 ? 8705?quip?s de leur moteur,? un essieu moteur","87'","Vehicles other than railway or tramway rolling- stock, and parts and accessories thereof","8706'","Chassis fitted with engines, for the motor vehicles of headings 87.01 to 87.05.","870600'"," Chassis fitted with engines, for the motor vehicles of headings 87.01 to 87.05.","8","1","R","0","0","","","","0","0","0","0","0","0"
"5131","","HS 2007","Harmonized System 2007","Gabon","266'","2019","1","87060090'","  "," chassis des vehicules auto des 8701 ? 8705?quip?s de leur moteur,? deux essieux moteu","87'","Vehicles other than railway or tramway rolling- stock, and parts and accessories thereof","8706'","Chassis fitted with engines, for the motor vehicles of headings 87.01 to 87.05.","870600'"," Chassis fitted with engines, for the motor vehicles of headings 87.01 to 87.05.","8","1","R","0","0","","","","0","0","0","0","0","0"
"5132","","HS 2007","Harmonized System 2007","Gabon","266'","2019","1","87071000'","  "," - Des v?hicules du n? 87.03","87'","Vehicles other than railway or tramway rolling- stock, and parts and accessories thereof","8707'","Bodies (including cabs), for the motor vehicles of headings 87.01 to 87.05.","870710'"," - For the vehicles of heading 87.03","8","1","R","0","0","","","","0","0","0","0","0","0"
"5133","","HS 2007","Harmonized System 2007","Gabon","266'","2019","1","87079000'","  "," - Autres","87'","Vehicles other than railway or tramway rolling- stock, and parts and accessories thereof","8707'","Bodies (including cabs), for the motor vehicles of headings 87.01 to 87.05.","870790'"," - Other","8","1","R","0","0","","","","0","0","0","0","0","0"
"5134","","HS 2007","Harmonized System 2007","Gabon","266'","2019","1","87081000'","  "," - Pare-chocs et leurs parties","87'","Vehicles other than railway or tramway rolling- stock, and parts and accessories thereof","8708'","Parts and accessories of the motor vehicles of headings 87.01 to 87.05.","870810'"," - Bumpers and parts thereof","8","1","R","0","0","","","","0","0","0","0","0","0"
"5135","","HS 2007","Harmonized System 2007","Gabon","266'","2019","1","87082100'","  "," -- Ceintures de s?curit?","87'","Vehicles other than railway or tramway rolling- stock, and parts and accessories thereof","8708'","Parts and accessories of the motor vehicles of headings 87.01 to 87.05.","870821'"," -- Safety seat belts","8","1","R","0","0","","","","0","0","0","0","0","0"
"5136","","HS 2007","Harmonized System 2007","Gabon","266'","2019","1","87082900'","  "," -- Autres","87'","Vehicles other than railway or tramway rolling- stock, and parts and accessories thereof","8708'","Parts and accessories of the motor vehicles of headings 87.01 to 87.05.","870829'"," -- Other","8","1","R","0","0","","","","0","0","0","0","0","0"
"5137","","HS 2007","Harmonized System 2007","Gabon","266'","2019","1","87083000'","  "," - Freins et servo-freins, et leurs parties","87'","Vehicles other than railway or tramway rolling- stock, and parts and accessories thereof","8708'","Parts and accessories of the motor vehicles of headings 87.01 to 87.05.","870830'"," - Brakes and servo-brakes; parts thereof","8","1","R","0","0","","","","0","0","0","0","0","0"
"5138","","HS 2007","Harmonized System 2007","Gabon","266'","2019","1","87084000'","  "," - Bo?tes de vitesses et leurs parties","87'","Vehicles other than railway or tramway rolling- stock, and parts and accessories thereof","8708'","Parts and accessories of the motor vehicles of headings 87.01 to 87.05.","870840'"," - Gear boxes and parts thereof","8","1","R","0","0","","","","0","0","0","0","0","0"
"5139","","HS 2007","Harmonized System 2007","Gabon","266'","2019","1","87085000'","  "," - Ponts avec diff?rentiel, m?me pourvus d'autres organes de transmission, et essieux porteurs; leurs parties","87'","Vehicles other than railway or tramway rolling- stock, and parts and accessories thereof","8708'","Parts and accessories of the motor vehicles of headings 87.01 to 87.05.","870850'"," - Drive-axles with differential, whether or not provided with other transmission components, and non","8","1","R","0","0","","","","0","0","0","0","0","0"
"5140","","HS 2007","Harmonized System 2007","Gabon","266'","2019","1","87087000'","  "," - Roues, leurs parties et accessoires","87'","Vehicles other than railway or tramway rolling- stock, and parts and accessories thereof","8708'","Parts and accessories of the motor vehicles of headings 87.01 to 87.05.","870870'"," - Road wheels and parts and accessories thereof","8","1","R","0","0","","","","0","0","0","0","0","0"
"5141","","HS 2007","Harmonized System 2007","Gabon","266'","2019","1","87088000'","  "," - Syst?mes de suspension et leurs parties (y compris les amortisseurs de suspension)","87'","Vehicles other than railway or tramway rolling- stock, and parts and accessories thereof","8708'","Parts and accessories of the motor vehicles of headings 87.01 to 87.05.","870880'"," - Suspension systems and parts thereof (including shock-absorbers)","8","1","R","0","0","","","","0","0","0","0","0","0"
"5142","","HS 2007","Harmonized System 2007","Gabon","266'","2019","1","87089100'","  "," -- Radiateurs et leurs parties","87'","Vehicles other than railway or tramway rolling- stock, and parts and accessories thereof","8708'","Parts and accessories of the motor vehicles of headings 87.01 to 87.05.","870891'"," -- Radiators and parts thereof","8","1","R","0","0","","","","0","0","0","0","0","0"
"5143","","HS 2007","Harmonized System 2007","Gabon","266'","2019","1","87089200'","  "," -- Silencieux et tuyaux d'?chappement; leurs parties","87'","Vehicles other than railway or tramway rolling- stock, and parts and accessories thereof","8708'","Parts and accessories of the motor vehicles of headings 87.01 to 87.05.","870892'"," -- Silencers (mufflers) and exhaust pipes; parts thereof","8","1","R","0","0","","","","0","0","0","0","0","0"
"5144","","HS 2007","Harmonized System 2007","Gabon","266'","2019","1","87089300'","  "," -- Embrayages et leurs parties","87'","Vehicles other than railway or tramway rolling- stock, and parts and accessories thereof","8708'","Parts and accessories of the motor vehicles of headings 87.01 to 87.05.","870893'"," -- Clutches and parts thereof","8","1","R","0","0","","","","0","0","0","0","0","0"
"5145","","HS 2007","Harmonized System 2007","Gabon","266'","2019","1","87089400'","  "," -- Volants, colonnes et bo?tiers de direction; leurs parties","87'","Vehicles other than railway or tramway rolling- stock, and parts and accessories thereof","8708'","Parts and accessories of the motor vehicles of headings 87.01 to 87.05.","870894'"," -- Steering wheels, steering columns and steering boxes; parts thereof","8","1","R","0","0","","","","0","0","0","0","0","0"
"5146","","HS 2007","Harmonized System 2007","Gabon","266'","2019","1","87089500'","  "," -- Coussins gonflables de s?curit? avec syst?me de gonflage (airbags); leurs parties","87'","Vehicles other than railway or tramway rolling- stock, and parts and accessories thereof","8708'","Parts and accessories of the motor vehicles of headings 87.01 to 87.05.","870895'"," -- Safety airbags with inflater system; parts thereof","8","1","R","0","0","","","","0","0","0","0","0","0"
"5147","","HS 2007","Harmonized System 2007","Gabon","266'","2019","1","87089900'","  "," -- Autres","87'","Vehicles other than railway or tramway rolling- stock, and parts and accessories thereof","8708'","Parts and accessories of the motor vehicles of headings 87.01 to 87.05.","870899'"," -- Other","8","1","R","0","0","","","","0","0","0","0","0","0"
"5148","","HS 2007","Harmonized System 2007","Gabon","266'","2019","1","87091100'","  "," -- Electriques","87'","Vehicles other than railway or tramway rolling- stock, and parts and accessories thereof","8709'","Works trucks, self-propelled, not fitted with lifting or handling equipment, of the type used in fac","870911'"," -- Electrical","8","1","R","0","0","","","","0","0","0","0","0","0"
"5149","","HS 2007","Harmonized System 2007","Gabon","266'","2019","1","87091900'","  "," -- Autres","87'","Vehicles other than railway or tramway rolling- stock, and parts and accessories thereof","8709'","Works trucks, self-propelled, not fitted with lifting or handling equipment, of the type used in fac","870919'"," -- Other","8","1","R","0","0","","","","0","0","0","0","0","0"
"5150","","HS 2007","Harmonized System 2007","Gabon","266'","2019","1","87099000'","  "," - Parties","87'","Vehicles other than railway or tramway rolling- stock, and parts and accessories thereof","8709'","Works trucks, self-propelled, not fitted with lifting or handling equipment, of the type used in fac","870990'"," - Parts","8","1","R","0","0","","","","0","0","0","0","0","0"
"5151","","HS 2007","Harmonized System 2007","Gabon","266'","2019","1","87100000'","  "," Chars et automobiles blind?es de combat, arm?s ou non; leurs parties.","87'","Vehicles other than railway or tramway rolling- stock, and parts and accessories thereof","8710'","Tanks and other armoured fighting vehicles, motorised, whether or not fitted with weapons, and parts","871000'"," Tanks and other armoured fighting vehicles, motorised, whether or not fitted with weapons, and parts","8","1","R","0","0","","","","0","0","0","0","0","0"
"5152","","HS 2007","Harmonized System 2007","Gabon","266'","2019","1","87111000'","  "," - A moteur ? piston alternatif, d'une cylindr?e n'exc?dant pas 50 cm3","87'","Vehicles other than railway or tramway rolling- stock, and parts and accessories thereof","8711'","Motorcycles (including mopeds) and cycles fitted with an auxiliary motor, with or without side-cars;","871110'"," -?With reciprocating internal combustion piston engine of a cylinder capacity not exceeding 50 cc","8","1","R","0","0","","","","0","0","0","0","0","0"
"5153","","HS 2007","Harmonized System 2007","Gabon","266'","2019","1","87112000'","  "," - A moteur ? piston alternatif, d'une cylindr?e exc?dant 50?cm3 mais n'exc?dant pas 250 cm3","87'","Vehicles other than railway or tramway rolling- stock, and parts and accessories thereof","8711'","Motorcycles (including mopeds) and cycles fitted with an auxiliary motor, with or without side-cars;","871120'"," -?With reciprocating internal combustion piston engine of a cylinder capacity exceeding 50 cc but no","8","1","R","0","0","","","","0","0","0","0","0","0"
"5154","","HS 2007","Harmonized System 2007","Gabon","266'","2019","1","87113000'","  "," - A moteur ? piston alternatif, d'une cylindr?e exc?dant 250 cm3 mais n'exc?dant pas 500 cm3","87'","Vehicles other than railway or tramway rolling- stock, and parts and accessories thereof","8711'","Motorcycles (including mopeds) and cycles fitted with an auxiliary motor, with or without side-cars;","871130'"," -?With reciprocating internal combustion piston engine of a cylinder capacity exceeding 250 cc but n","8","1","R","0","0","","","","0","0","0","0","0","0"
"5155","","HS 2007","Harmonized System 2007","Gabon","266'","2019","1","87114000'","  "," - A moteur ? piston alternatif, d'une cylindr?e exc?dant 500 cm3 mais n'exc?dant pas 800 cm3","87'","Vehicles other than railway or tramway rolling- stock, and parts and accessories thereof","8711'","Motorcycles (including mopeds) and cycles fitted with an auxiliary motor, with or without side-cars;","871140'"," -?With reciprocating internal combustion piston engine of a cylinder capacity exceeding 500 cc but n","8","1","R","0","0","","","","0","0","0","0","0","0"
"5156","","HS 2007","Harmonized System 2007","Gabon","266'","2019","1","87115000'","  "," - A moteur ? piston alternatif, d'une cylindr?e exc?dant 800 cm3","87'","Vehicles other than railway or tramway rolling- stock, and parts and accessories thereof","8711'","Motorcycles (including mopeds) and cycles fitted with an auxiliary motor, with or without side-cars;","871150'"," -?With reciprocating internal combustion piston engine of a cylinder capacity exceeding 800 cc","8","1","R","0","0","","","","0","0","0","0","0","0"
"5157","","HS 2007","Harmonized System 2007","Gabon","266'","2019","1","87119000'","  "," - Autres","87'","Vehicles other than railway or tramway rolling- stock, and parts and accessories thereof","8711'","Motorcycles (including mopeds) and cycles fitted with an auxiliary motor, with or without side-cars;","871190'"," - Other","8","1","R","0","0","","","","0","0","0","0","0","0"
"5158","","HS 2007","Harmonized System 2007","Gabon","266'","2019","1","87120000'","  "," Bicyclettes et autres cycles (y compris les triporteurs), sans moteur.","87'","Vehicles other than railway or tramway rolling- stock, and parts and accessories thereof","8712'","Bicycles and other cycles (including delivery tricycles), not motorised.","871200'"," Bicycles and other cycles (including delivery tricycles), not motorised.","8","1","R","0","0","","","","0","0","0","0","0","0"
"5159","","HS 2007","Harmonized System 2007","Gabon","266'","2019","1","87131000'","  "," - Sans m?canisme de propulsion","87'","Vehicles other than railway or tramway rolling- stock, and parts and accessories thereof","8713'","Carriages for disabled persons, whether or not motorised or otherwise mechanically propelled.","871310'"," - Not mechanically propelled","8","1","R","0","0","","","","0","0","0","0","0","0"
"5160","","HS 2007","Harmonized System 2007","Gabon","266'","2019","1","87139000'","  "," - Autres","87'","Vehicles other than railway or tramway rolling- stock, and parts and accessories thereof","8713'","Carriages for disabled persons, whether or not motorised or otherwise mechanically propelled.","871390'"," - Other","8","1","R","0","0","","","","0","0","0","0","0","0"
"5161","","HS 2007","Harmonized System 2007","Gabon","266'","2019","1","87141100'","  "," -- Selles","87'","Vehicles other than railway or tramway rolling- stock, and parts and accessories thereof","8714'","Parts and accessories of vehicles of headings 87.11 to 87.13.","871411'"," -- Saddles","8","1","R","0","0","","","","0","0","0","0","0","0"
"5162","","HS 2007","Harmonized System 2007","Gabon","266'","2019","1","87141900'","  "," -- Autres","87'","Vehicles other than railway or tramway rolling- stock, and parts and accessories thereof","8714'","Parts and accessories of vehicles of headings 87.11 to 87.13.","871419'"," -- Other","8","1","R","0","0","","","","0","0","0","0","0","0"
"5163","","HS 2007","Harmonized System 2007","Gabon","266'","2019","1","87142000'","  "," - De fauteuils roulants ou d'autres v?hicules pour invalides","87'","Vehicles other than railway or tramway rolling- stock, and parts and accessories thereof","8714'","Parts and accessories of vehicles of headings 87.11 to 87.13.","871420'"," - Of carriages for disabled persons","8","1","R","0","0","","","","0","0","0","0","0","0"
"5164","","HS 2007","Harmonized System 2007","Gabon","266'","2019","1","87149100'","  "," -- Cadres et fourches, et leurs parties","87'","Vehicles other than railway or tramway rolling- stock, and parts and accessories thereof","8714'","Parts and accessories of vehicles of headings 87.11 to 87.13.","871491'"," -- Frames and forks, and parts thereof","8","1","R","0","0","","","","0","0","0","0","0","0"
"5165","","HS 2007","Harmonized System 2007","Gabon","266'","2019","1","87149200'","  "," -- Jantes et rayons","87'","Vehicles other than railway or tramway rolling- stock, and parts and accessories thereof","8714'","Parts and accessories of vehicles of headings 87.11 to 87.13.","871492'"," -- Wheel rims and spokes","8","1","R","0","0","","","","0","0","0","0","0","0"
"5166","","HS 2007","Harmonized System 2007","Gabon","266'","2019","1","87149300'","  "," -- Moyeux (autres que les moyeux ? freins) et pignons de roues libres","87'","Vehicles other than railway or tramway rolling- stock, and parts and accessories thereof","8714'","Parts and accessories of vehicles of headings 87.11 to 87.13.","871493'"," -- Hubs, other than coaster braking hubs and hub brakes, and free-wheel sprocket-wheels","8","1","R","0","0","","","","0","0","0","0","0","0"
"5167","","HS 2007","Harmonized System 2007","Gabon","266'","2019","1","87149400'","  "," -- Freins, y compris les moyeux ? freins, et leurs parties","87'","Vehicles other than railway or tramway rolling- stock, and parts and accessories thereof","8714'","Parts and accessories of vehicles of headings 87.11 to 87.13.","871494'"," -- Brakes, including coaster braking hubs and hub brakes, and parts thereof","8","1","R","0","0","","","","0","0","0","0","0","0"
"5168","","HS 2007","Harmonized System 2007","Gabon","266'","2019","1","87149500'","  "," -- Selles","87'","Vehicles other than railway or tramway rolling- stock, and parts and accessories thereof","8714'","Parts and accessories of vehicles of headings 87.11 to 87.13.","871495'"," -- Saddles","8","1","R","0","0","","","","0","0","0","0","0","0"
"5169","","HS 2007","Harmonized System 2007","Gabon","266'","2019","1","87149600'","  "," -- P?dales et p?daliers, et leurs parties","87'","Vehicles other than railway or tramway rolling- stock, and parts and accessories thereof","8714'","Parts and accessories of vehicles of headings 87.11 to 87.13.","871496'"," -- Pedals and crank-gear, and parts thereof","8","1","R","0","0","","","","0","0","0","0","0","0"
"5170","","HS 2007","Harmonized System 2007","Gabon","266'","2019","1","87149900'","  "," -- Autres","87'","Vehicles other than railway or tramway rolling- stock, and parts and accessories thereof","8714'","Parts and accessories of vehicles of headings 87.11 to 87.13.","871499'"," -- Other","8","1","R","0","0","","","","0","0","0","0","0","0"
"5171","","HS 2007","Harmonized System 2007","Gabon","266'","2019","1","87150000'","  "," Landaus, poussettes et voitures similaires pour le transport des enfants, et leurs parties.","87'","Vehicles other than railway or tramway rolling- stock, and parts and accessories thereof","8715'","Baby carriages and parts thereof.","871500'"," Baby carriages and parts thereof.","8","1","R","0","0","","","","0","0","0","0","0","0"
"5172","","HS 2007","Harmonized System 2007","Gabon","266'","2019","1","87161000'","  "," -? Remorques et semi-remorques pour l'habitation ou le camping, du type caravane","87'","Vehicles other than railway or tramway rolling- stock, and parts and accessories thereof","8716'","Trailers and semi-trailers; other vehicles, not mechanically propelled; parts thereof.","871610'"," - Trailers and semi-trailers of the caravan type, for housing or camping","8","1","R","0","0","","","","0","0","0","0","0","0"
"5173","","HS 2007","Harmonized System 2007","Gabon","266'","2019","1","87162000'","  "," -? Remorques et semi-remorques autochargeuses ou autod?chargeuses, pour usages agricoles","87'","Vehicles other than railway or tramway rolling- stock, and parts and accessories thereof","8716'","Trailers and semi-trailers; other vehicles, not mechanically propelled; parts thereof.","871620'"," - Self-loading or self-unloading trailers and semi-trailers for agricultural purposes","8","1","R","0","0","","","","0","0","0","0","0","0"
"5174","","HS 2007","Harmonized System 2007","Gabon","266'","2019","1","87163100'","  "," -- Citernes","87'","Vehicles other than railway or tramway rolling- stock, and parts and accessories thereof","8716'","Trailers and semi-trailers; other vehicles, not mechanically propelled; parts thereof.","871631'"," -- Tanker trailers and tanker semi-trailers","8","1","R","0","0","","","","0","0","0","0","0","0"
"5175","","HS 2007","Harmonized System 2007","Gabon","266'","2019","1","87163900'","  "," -- Autres","87'","Vehicles other than railway or tramway rolling- stock, and parts and accessories thereof","8716'","Trailers and semi-trailers; other vehicles, not mechanically propelled; parts thereof.","871639'"," -- Other","8","1","R","0","0","","","","0","0","0","0","0","0"
"5176","","HS 2007","Harmonized System 2007","Gabon","266'","2019","1","87164000'","  "," - Autres remorques et semi-remorques","87'","Vehicles other than railway or tramway rolling- stock, and parts and accessories thereof","8716'","Trailers and semi-trailers; other vehicles, not mechanically propelled; parts thereof.","871640'"," - Other trailers and semi-trailers","8","1","R","0","0","","","","0","0","0","0","0","0"
"5177","","HS 2007","Harmonized System 2007","Gabon","266'","2019","1","87168010'","  "," Charrettes & tombereaux ? usage agricole","87'","Vehicles other than railway or tramway rolling- stock, and parts and accessories thereof","8716'","Trailers and semi-trailers; other vehicles, not mechanically propelled; parts thereof.","871680'"," - Other vehicles","8","1","R","0","0","","","","0","0","0","0","0","0"
"5178","","HS 2007","Harmonized System 2007","Gabon","266'","2019","1","87168020'","  "," Brouettes","87'","Vehicles other than railway or tramway rolling- stock, and parts and accessories thereof","8716'","Trailers and semi-trailers; other vehicles, not mechanically propelled; parts thereof.","871680'"," - Other vehicles","8","1","R","0","0","","","","0","0","0","0","0","0"
"5179","","HS 2007","Harmonized System 2007","Gabon","266'","2019","1","87168090'","  "," v?hicules du 8716 autres que ceux du 871610? 87168020","87'","Vehicles other than railway or tramway rolling- stock, and parts and accessories thereof","8716'","Trailers and semi-trailers; other vehicles, not mechanically propelled; parts thereof.","871680'"," - Other vehicles","8","1","R","0","0","","","","0","0","0","0","0","0"
"5180","","HS 2007","Harmonized System 2007","Gabon","266'","2019","1","87169010'","  "," parties de charrettes & tombereaux ? usagesagricoles","87'","Vehicles other than railway or tramway rolling- stock, and parts and accessories thereof","8716'","Trailers and semi-trailers; other vehicles, not mechanically propelled; parts thereof.","871690'"," - Parts","8","1","R","0","0","","","","0","0","0","0","0","0"
"5181","","HS 2007","Harmonized System 2007","Gabon","266'","2019","1","87169090'","  "," parties des vehicules du 8716 ? l'exlcusionde celles du 87169010","87'","Vehicles other than railway or tramway rolling- stock, and parts and accessories thereof","8716'","Trailers and semi-trailers; other vehicles, not mechanically propelled; parts thereof.","871690'"," - Parts","8","1","R","0","0","","","","0","0","0","0","0","0"
"5182","","HS 2007","Harmonized System 2007","Gabon","266'","2019","1","88010000'","  "," Ballons et dirigeables; planeurs, ailes volantes et autres v?hicules a?riens, non con?us pour la propulsion ? moteur.","88'","Aircraft, spacecraft, and parts thereof","8801'","Balloons and dirigibles; gliders, hang gliders and other non-powered aircraft.","880100'"," Balloons and dirigibles; gliders, hang gliders and other non-powered aircraft.","8","1","R","0","0","","","","0","0","0","0","0","0"
"5183","","HS 2007","Harmonized System 2007","Gabon","266'","2019","1","88021100'","  "," -- D'un poids ? vide n'exc?dant pas 2.000 kg","88'","Aircraft, spacecraft, and parts thereof","8802'","Other aircraft (for example, helicopters, aeroplanes); spacecraft (including satellites) and suborbi","880211'"," -- Of an unladen weight not exceeding 2,000 kg","8","1","R","0","0","","","","0","0","0","0","0","0"
"5184","","HS 2007","Harmonized System 2007","Gabon","266'","2019","1","88021200'","  "," -- D'un poids ? vide exc?dant 2.000 kg","88'","Aircraft, spacecraft, and parts thereof","8802'","Other aircraft (for example, helicopters, aeroplanes); spacecraft (including satellites) and suborbi","880212'"," -- Of an unladen weight exceeding 2,000 kg","8","1","R","0","0","","","","0","0","0","0","0","0"
"5185","","HS 2007","Harmonized System 2007","Gabon","266'","2019","1","88022000'","  "," - Avions et autres v?hicules a?riens, d'un poids ? vide n'exc?dant pas 2.000 kg","88'","Aircraft, spacecraft, and parts thereof","8802'","Other aircraft (for example, helicopters, aeroplanes); spacecraft (including satellites) and suborbi","880220'"," - Aeroplanes and other aircraft, of an unladen weight not exceeding 2,000 kg","8","1","R","0","0","","","","0","0","0","0","0","0"
"5186","","HS 2007","Harmonized System 2007","Gabon","266'","2019","1","88023000'","  "," - Avions et autres v?hicules a?riens, d'un poids ? vide exc?dant 2.000 kg mais n'exc?dant pas 15.000 kg","88'","Aircraft, spacecraft, and parts thereof","8802'","Other aircraft (for example, helicopters, aeroplanes); spacecraft (including satellites) and suborbi","880230'"," - Aeroplanes and other aircraft, of an unladen weight exceeding 2,000 kg but not exceeding 15,000 kg","8","1","R","0","0","","","","0","0","0","0","0","0"
"5187","","HS 2007","Harmonized System 2007","Gabon","266'","2019","1","88024000'","  "," - Avions et autres v?hicules a?riens, d'un poids ? vide exc?dant 15.000 kg","88'","Aircraft, spacecraft, and parts thereof","8802'","Other aircraft (for example, helicopters, aeroplanes); spacecraft (including satellites) and suborbi","880240'"," - Aeroplanes and other aircraft, of an unladen weight exceeding 15,000 kg","8","1","R","0","0","","","","0","0","0","0","0","0"
"5188","","HS 2007","Harmonized System 2007","Gabon","266'","2019","1","88026000'","  "," - V?hicules spatiaux (y compris les satellites) et leurs v?hicules lanceurs et v?hicules sous-orbitaux","88'","Aircraft, spacecraft, and parts thereof","8802'","Other aircraft (for example, helicopters, aeroplanes); spacecraft (including satellites) and suborbi","880260'"," - Spacecraft (including satellites) and suborbital and spacecraft launch vehicles","8","1","R","0","0","","","","0","0","0","0","0","0"
"5189","","HS 2007","Harmonized System 2007","Gabon","266'","2019","1","88031000'","  "," - H?lices et rotors, et leurs parties","88'","Aircraft, spacecraft, and parts thereof","8803'","Parts of goods of heading 88.01 or 88.02.","880310'"," - Propellers and rotors and parts thereof","8","1","R","0","0","","","","0","0","0","0","0","0"
"5190","","HS 2007","Harmonized System 2007","Gabon","266'","2019","1","88032000'","  "," - Trains d'atterrissage et leurs parties","88'","Aircraft, spacecraft, and parts thereof","8803'","Parts of goods of heading 88.01 or 88.02.","880320'"," - Under-carriages and parts thereof","8","1","R","0","0","","","","0","0","0","0","0","0"
"5191","","HS 2007","Harmonized System 2007","Gabon","266'","2019","1","88033000'","  "," - Autres parties d'avions ou d'h?licopt?res","88'","Aircraft, spacecraft, and parts thereof","8803'","Parts of goods of heading 88.01 or 88.02.","880330'"," - Other parts of aeroplanes or helicopters","8","1","R","0","0","","","","0","0","0","0","0","0"
"5192","","HS 2007","Harmonized System 2007","Gabon","266'","2019","1","88039000'","  "," - Autres","88'","Aircraft, spacecraft, and parts thereof","8803'","Parts of goods of heading 88.01 or 88.02.","880390'"," - Other","8","1","R","0","0","","","","0","0","0","0","0","0"
"5193","","HS 2007","Harmonized System 2007","Gabon","266'","2019","1","88040000'","  "," Parachutes (y compris les parachutes dirigeables et les parapentes) et rotochutes; leurs parties et accessoires.","88'","Aircraft, spacecraft, and parts thereof","8804'","Parachutes (including dirigible parachutes and paragliders) and rotochutes; parts thereof and access","880400'"," Parachutes (including dirigible parachutes and paragliders) and rotochutes; parts thereof and access","8","1","R","0","0","","","","0","0","0","0","0","0"
"5194","","HS 2007","Harmonized System 2007","Gabon","266'","2019","1","88051000'","  "," - Appareils et dispositifs pour le lancement de v?hicules a?riens et leurs parties; appareils et dispositifs pour l'appontage de v?hicules a?riens et appareils et dispositifs similaires, et leurs parties","88'","Aircraft, spacecraft, and parts thereof","8805'","Aircraft launching gear; deck-arrestor or similar gear; ground flying trainers; parts of the foregoi","880510'"," - Aircraft launching gear and parts thereof; deck-arrestor or similar gear and parts thereof","8","1","R","0","0","","","","0","0","0","0","0","0"
"5195","","HS 2007","Harmonized System 2007","Gabon","266'","2019","1","88052100'","  "," -- Simulateurs de combat a?rien et leurs parties","88'","Aircraft, spacecraft, and parts thereof","8805'","Aircraft launching gear; deck-arrestor or similar gear; ground flying trainers; parts of the foregoi","880521'"," -- Air combat simulators and parts thereof","8","1","R","0","0","","","","0","0","0","0","0","0"
"5196","","HS 2007","Harmonized System 2007","Gabon","266'","2019","1","88052900'","  "," -- Autres","88'","Aircraft, spacecraft, and parts thereof","8805'","Aircraft launching gear; deck-arrestor or similar gear; ground flying trainers; parts of the foregoi","880529'"," -- Other","8","1","R","0","0","","","","0","0","0","0","0","0"
"5197","","HS 2007","Harmonized System 2007","Gabon","266'","2019","1","89011010'","  "," transbordeurs pour le transport de personnes et de marchandise","89'","Ships, boats and floating structures","8901'","Cruise ships, excursion boats, ferry-boats, cargo ships, barges and similar vessels for the transpor","890110'"," - Cruise ships, excursion boats and similar vessels principally designed for the transport of person","8","1","R","0","0","","","","0","0","0","0","0","0"
"5198","","HS 2007","Harmonized System 2007","Gabon","266'","2019","1","89011091'","  "," paquebots, bateaux de croisi?re pr transppr navigation marit.jauge brute>250 tonnaux","89'","Ships, boats and floating structures","8901'","Cruise ships, excursion boats, ferry-boats, cargo ships, barges and similar vessels for the transpor","890110'"," - Cruise ships, excursion boats and similar vessels principally designed for the transport of person","8","1","R","0","0","","","","0","0","0","0","0","0"
"5199","","HS 2007","Harmonized System 2007","Gabon","266'","2019","1","89011092'","  "," bateau & paqueb, pr navigat.d'une jauge brutede 250 tonneaux & moins","89'","Ships, boats and floating structures","8901'","Cruise ships, excursion boats, ferry-boats, cargo ships, barges and similar vessels for the transpor","890110'"," - Cruise ships, excursion boats and similar vessels principally designed for the transport of person","8","1","R","0","0","","","","0","0","0","0","0","0"
"5200","","HS 2007","Harmonized System 2007","Gabon","266'","2019","1","89011093'","  "," Embarcations pour navigation interieure","89'","Ships, boats and floating structures","8901'","Cruise ships, excursion boats, ferry-boats, cargo ships, barges and similar vessels for the transpor","890110'"," - Cruise ships, excursion boats and similar vessels principally designed for the transport of person","8","1","R","0","0","","","","0","0","0","0","0","0"
"5201","","HS 2007","Harmonized System 2007","Gabon","266'","2019","1","89012010'","  "," bateaux citernes pr navigation maritime,jauge brute > 250 tonneaux","89'","Ships, boats and floating structures","8901'","Cruise ships, excursion boats, ferry-boats, cargo ships, barges and similar vessels for the transpor","890120'"," - Tankers","8","1","R","0","0","","","","0","0","0","0","0","0"
"5202","","HS 2007","Harmonized System 2007","Gabon","266'","2019","1","89012020'","  "," bateaux citernes pr navigation maritime,jauge brute <= 250 tonneaux","89'","Ships, boats and floating structures","8901'","Cruise ships, excursion boats, ferry-boats, cargo ships, barges and similar vessels for the transpor","890120'"," - Tankers","8","1","R","0","0","","","","0","0","0","0","0","0"
"5203","","HS 2007","Harmonized System 2007","Gabon","266'","2019","1","89012030'","  "," bateaux citernes pr la navigation interieure","89'","Ships, boats and floating structures","8901'","Cruise ships, excursion boats, ferry-boats, cargo ships, barges and similar vessels for the transpor","890120'"," - Tankers","8","1","R","0","0","","","","0","0","0","0","0","0"
"5204","","HS 2007","Harmonized System 2007","Gabon","266'","2019","1","89013010'","  "," bateaux frigorifiques pr navigation maritimjauge brute > 250 tonneaux,890120 exclu","89'","Ships, boats and floating structures","8901'","Cruise ships, excursion boats, ferry-boats, cargo ships, barges and similar vessels for the transpor","890130'"," - Refrigerated vessels, other than those of subheading?8901.20","8","1","R","0","0","","","","0","0","0","0","0","0"
"5205","","HS 2007","Harmonized System 2007","Gabon","266'","2019","1","89013020'","  "," bateaux frigorifiques pr navigation maritimjauge brute <= 250 tonneaux,890120 exclu","89'","Ships, boats and floating structures","8901'","Cruise ships, excursion boats, ferry-boats, cargo ships, barges and similar vessels for the transpor","890130'"," - Refrigerated vessels, other than those of subheading?8901.20","8","1","R","0","0","","","","0","0","0","0","0","0"
"5206","","HS 2007","Harmonized System 2007","Gabon","266'","2019","1","89013030'","  "," bateaux frigorifiques pr navigation interieure ? l'exclusion du 890120","89'","Ships, boats and floating structures","8901'","Cruise ships, excursion boats, ferry-boats, cargo ships, barges and similar vessels for the transpor","890130'"," - Refrigerated vessels, other than those of subheading?8901.20","8","1","R","0","0","","","","0","0","0","0","0","0"
"5207","","HS 2007","Harmonized System 2007","Gabon","266'","2019","1","89019010'","  "," bateaux pr le trpt des march.& pers.pr navgmarit,jauge brute>250 tonneaux","89'","Ships, boats and floating structures","8901'","Cruise ships, excursion boats, ferry-boats, cargo ships, barges and similar vessels for the transpor","890190'"," - Other vessels for the transport of goods and other vessels for the transport of both persons and g","8","1","R","0","0","","","","0","0","0","0","0","0"
"5208","","HS 2007","Harmonized System 2007","Gabon","266'","2019","1","89019020'","  "," bateaux pr trspt march.& pers.pr navigationmarit.jauge brute <= 250 tonneaux","89'","Ships, boats and floating structures","8901'","Cruise ships, excursion boats, ferry-boats, cargo ships, barges and similar vessels for the transpor","890190'"," - Other vessels for the transport of goods and other vessels for the transport of both persons and g","8","1","R","0","0","","","","0","0","0","0","0","0"
"5209","","HS 2007","Harmonized System 2007","Gabon","266'","2019","1","89019030'","  "," bateaux pr trspt march.& pers.pr navigationinterieure","89'","Ships, boats and floating structures","8901'","Cruise ships, excursion boats, ferry-boats, cargo ships, barges and similar vessels for the transpor","890190'"," - Other vessels for the transport of goods and other vessels for the transport of both persons and g","8","1","R","0","0","","","","0","0","0","0","0","0"
"5210","","HS 2007","Harmonized System 2007","Gabon","266'","2019","1","89020000'","  "," Bateaux de p?che; navires-usines et autres bateaux pour le traitement ou la mise en conserve des produits de la p?che.","89'","Ships, boats and floating structures","8902'","Fishing vessels; factory ships and other vessels for processing or preserving fishery products.","890200'"," Fishing vessels; factory ships and other vessels for processing or preserving fishery products.","8","1","R","0","0","","","","0","0","0","0","0","0"
"5211","","HS 2007","Harmonized System 2007","Gabon","266'","2019","1","89031000'","  "," - Bateaux gonflables","89'","Ships, boats and floating structures","8903'","Yachts and other vessels for pleasure or sports; rowing boats and canoes.","890310'"," - Inflatable","8","1","R","0","0","","","","0","0","0","0","0","0"
"5212","","HS 2007","Harmonized System 2007","Gabon","266'","2019","1","89039100'","  "," -- Bateaux ? voile, m?me avec moteur auxiliaire","89'","Ships, boats and floating structures","8903'","Yachts and other vessels for pleasure or sports; rowing boats and canoes.","890391'"," -- Sailboats, with or without auxiliary motor","8","1","R","0","0","","","","0","0","0","0","0","0"
"5213","","HS 2007","Harmonized System 2007","Gabon","266'","2019","1","89039200'","  "," -- Bateaux ? moteur, autres qu'? moteur hors-bord","89'","Ships, boats and floating structures","8903'","Yachts and other vessels for pleasure or sports; rowing boats and canoes.","890392'"," -- Motorboats, other than outboard motorboats","8","1","R","0","0","","","","0","0","0","0","0","0"
"5214","","HS 2007","Harmonized System 2007","Gabon","266'","2019","1","89039900'","  "," -- Autres","89'","Ships, boats and floating structures","8903'","Yachts and other vessels for pleasure or sports; rowing boats and canoes.","890399'"," -- Other","8","1","R","0","0","","","","0","0","0","0","0","0"
"5215","","HS 2007","Harmonized System 2007","Gabon","266'","2019","1","89040000'","  "," Remorqueurs et bateaux-pousseurs.","89'","Ships, boats and floating structures","8904'","Tugs and pusher craft.","890400'"," Tugs and pusher craft.","8","1","R","0","0","","","","0","0","0","0","0","0"
"5216","","HS 2007","Harmonized System 2007","Gabon","266'","2019","1","89051000'","  "," - Bateaux-dragueurs","89'","Ships, boats and floating structures","8905'","Light-vessels, fire-floats, dredgers, floating cranes and other vessels the navigability of which is","890510'"," - Dredgers","8","1","R","0","0","","","","0","0","0","0","0","0"
"5217","","HS 2007","Harmonized System 2007","Gabon","266'","2019","1","89052000'","  "," - Plates-formes de forage ou d'exploitation, flottantes ou submersibles","89'","Ships, boats and floating structures","8905'","Light-vessels, fire-floats, dredgers, floating cranes and other vessels the navigability of which is","890520'"," - Floating or submersible drilling or production platforms","8","1","R","0","0","","","","0","0","0","0","0","0"
"5218","","HS 2007","Harmonized System 2007","Gabon","266'","2019","1","89059000'","  "," - Autres","89'","Ships, boats and floating structures","8905'","Light-vessels, fire-floats, dredgers, floating cranes and other vessels the navigability of which is","890590'"," - Other","8","1","R","0","0","","","","0","0","0","0","0","0"
"5219","","HS 2007","Harmonized System 2007","Gabon","266'","2019","1","89061000'","  "," - Navires de guerre","89'","Ships, boats and floating structures","8906'","Other vessels, including warships and lifeboats other than rowing boats.","890610'"," - Warships","8","1","R","0","0","","","","0","0","0","0","0","0"
"5220","","HS 2007","Harmonized System 2007","Gabon","266'","2019","1","89069000'","  "," - Autres","89'","Ships, boats and floating structures","8906'","Other vessels, including warships and lifeboats other than rowing boats.","890690'"," - Other","8","1","R","0","0","","","","0","0","0","0","0","0"
"5221","","HS 2007","Harmonized System 2007","Gabon","266'","2019","1","89071000'","  "," - Radeaux gonflables","89'","Ships, boats and floating structures","8907'","Other floating structures (for example, rafts, tanks, coffer-dams, landing-stages, buoys and beacons","890710'"," - Inflatable rafts","8","1","R","0","0","","","","0","0","0","0","0","0"
"5222","","HS 2007","Harmonized System 2007","Gabon","266'","2019","1","89079000'","  "," - Autres","89'","Ships, boats and floating structures","8907'","Other floating structures (for example, rafts, tanks, coffer-dams, landing-stages, buoys and beacons","890790'"," - Other","8","1","R","0","0","","","","0","0","0","0","0","0"
"5223","","HS 2007","Harmonized System 2007","Gabon","266'","2019","1","89080000'","  "," Bateaux et autres engins flottants ? d?pecer.","89'","Ships, boats and floating structures","8908'","Vessels and other floating structures for breaking up.","890800'"," Vessels and other floating structures for breaking up.","8","1","R","0","0","","","","0","0","0","0","0","0"
"5224","","HS 2007","Harmonized System 2007","Gabon","266'","2019","1","90011000'","  "," - Fibres optiques, faisceaux et c?bles de fibres optiques","90'","Optical, photographic, cinematographic, measuring, checking, precision, medical or surgical instrume","9001'","Optical fibres and optical fibre bundles; optical fibre cables other than those of heading 85.44; sh","900110'"," - Optical fibres, optical fibre bundles and cables","8","1","R","0","0","","","","0","0","0","0","0","0"
"5225","","HS 2007","Harmonized System 2007","Gabon","266'","2019","1","90012000'","  "," - Mati?res polarisantes en feuilles ou en plaques","90'","Optical, photographic, cinematographic, measuring, checking, precision, medical or surgical instrume","9001'","Optical fibres and optical fibre bundles; optical fibre cables other than those of heading 85.44; sh","900120'"," - Sheets and plates of polarising material","8","1","R","0","0","","","","0","0","0","0","0","0"
"5226","","HS 2007","Harmonized System 2007","Gabon","266'","2019","1","90013000'","  "," - Verres de contact","90'","Optical, photographic, cinematographic, measuring, checking, precision, medical or surgical instrume","9001'","Optical fibres and optical fibre bundles; optical fibre cables other than those of heading 85.44; sh","900130'"," - Contact lenses","8","1","R","0","0","","","","0","0","0","0","0","0"
"5227","","HS 2007","Harmonized System 2007","Gabon","266'","2019","1","90014000'","  "," - Verres de lunetterie en verre","90'","Optical, photographic, cinematographic, measuring, checking, precision, medical or surgical instrume","9001'","Optical fibres and optical fibre bundles; optical fibre cables other than those of heading 85.44; sh","900140'"," - Spectacle lenses of glass","8","1","R","0","0","","","","0","0","0","0","0","0"
"5228","","HS 2007","Harmonized System 2007","Gabon","266'","2019","1","90015000'","  "," - Verres de lunetterie en autres mati?res","90'","Optical, photographic, cinematographic, measuring, checking, precision, medical or surgical instrume","9001'","Optical fibres and optical fibre bundles; optical fibre cables other than those of heading 85.44; sh","900150'"," - Spectacle lenses of other materials","8","1","R","0","0","","","","0","0","0","0","0","0"
"5229","","HS 2007","Harmonized System 2007","Gabon","266'","2019","1","90019000'","  "," - Autres","90'","Optical, photographic, cinematographic, measuring, checking, precision, medical or surgical instrume","9001'","Optical fibres and optical fibre bundles; optical fibre cables other than those of heading 85.44; sh","900190'"," - Other","8","1","R","0","0","","","","0","0","0","0","0","0"
"5230","","HS 2007","Harmonized System 2007","Gabon","266'","2019","1","90021100'","  "," -- Pour appareils de prise de vues, pour projecteurs ou pour appareils photographiques ou cin?matographiques d'agrandissement ou de r?duction","90'","Optical, photographic, cinematographic, measuring, checking, precision, medical or surgical instrume","9002'","Lenses, prisms, mirrors and other optical elements, of any material, mounted, being parts of or fitt","900211'"," -- For cameras, projectors or photographic enlargers or reducers","8","1","R","0","0","","","","0","0","0","0","0","0"
"5231","","HS 2007","Harmonized System 2007","Gabon","266'","2019","1","90021900'","  "," -- Autres","90'","Optical, photographic, cinematographic, measuring, checking, precision, medical or surgical instrume","9002'","Lenses, prisms, mirrors and other optical elements, of any material, mounted, being parts of or fitt","900219'"," -- Other","8","1","R","0","0","","","","0","0","0","0","0","0"
"5232","","HS 2007","Harmonized System 2007","Gabon","266'","2019","1","90022000'","  "," - Filtres","90'","Optical, photographic, cinematographic, measuring, checking, precision, medical or surgical instrume","9002'","Lenses, prisms, mirrors and other optical elements, of any material, mounted, being parts of or fitt","900220'"," - Filters","8","1","R","0","0","","","","0","0","0","0","0","0"
"5233","","HS 2007","Harmonized System 2007","Gabon","266'","2019","1","90029000'","  "," - Autres","90'","Optical, photographic, cinematographic, measuring, checking, precision, medical or surgical instrume","9002'","Lenses, prisms, mirrors and other optical elements, of any material, mounted, being parts of or fitt","900290'"," - Other","8","1","R","0","0","","","","0","0","0","0","0","0"
"5234","","HS 2007","Harmonized System 2007","Gabon","266'","2019","1","90031100'","  "," -- En mati?res plastiques","90'","Optical, photographic, cinematographic, measuring, checking, precision, medical or surgical instrume","9003'","Frames and mountings for spectacles, goggles or the like, and parts thereof.","900311'"," -- Of plastics","8","1","R","0","0","","","","0","0","0","0","0","0"
"5235","","HS 2007","Harmonized System 2007","Gabon","266'","2019","1","90031900'","  "," -- En autres mati?res","90'","Optical, photographic, cinematographic, measuring, checking, precision, medical or surgical instrume","9003'","Frames and mountings for spectacles, goggles or the like, and parts thereof.","900319'"," -- Of other materials","8","1","R","0","0","","","","0","0","0","0","0","0"
"5236","","HS 2007","Harmonized System 2007","Gabon","266'","2019","1","90039000'","  "," - Parties","90'","Optical, photographic, cinematographic, measuring, checking, precision, medical or surgical instrume","9003'","Frames and mountings for spectacles, goggles or the like, and parts thereof.","900390'"," - Parts","8","1","R","0","0","","","","0","0","0","0","0","0"
"5237","","HS 2007","Harmonized System 2007","Gabon","266'","2019","1","90041000'","  "," - Lunettes solaires","90'","Optical, photographic, cinematographic, measuring, checking, precision, medical or surgical instrume","9004'","Spectacles, goggles and the like, corrective, protective or other.","900410'"," - Sunglasses","8","1","R","0","0","","","","0","0","0","0","0","0"
"5238","","HS 2007","Harmonized System 2007","Gabon","266'","2019","1","90049020'","  "," lunettes protectrices","90'","Optical, photographic, cinematographic, measuring, checking, precision, medical or surgical instrume","9004'","Spectacles, goggles and the like, corrective, protective or other.","900490'"," - Other","8","1","R","0","0","","","","0","0","0","0","0","0"
"5239","","HS 2007","Harmonized System 2007","Gabon","266'","2019","1","90049090'","  "," lunettes autres que correctives et protectr","90'","Optical, photographic, cinematographic, measuring, checking, precision, medical or surgical instrume","9004'","Spectacles, goggles and the like, corrective, protective or other.","900490'"," - Other","8","1","R","0","0","","","","0","0","0","0","0","0"
"5240","","HS 2007","Harmonized System 2007","Gabon","266'","2019","1","90051000'","  "," - Jumelles","90'","Optical, photographic, cinematographic, measuring, checking, precision, medical or surgical instrume","9005'","Binoculars, monoculars, other optical telescopes, and mountings therefor; other astronomical instrum","900510'"," - Binoculars","8","1","R","0","0","","","","0","0","0","0","0","0"
"5241","","HS 2007","Harmonized System 2007","Gabon","266'","2019","1","90058000'","  "," - Autres instruments","90'","Optical, photographic, cinematographic, measuring, checking, precision, medical or surgical instrume","9005'","Binoculars, monoculars, other optical telescopes, and mountings therefor; other astronomical instrum","900580'"," - Other instruments","8","1","R","0","0","","","","0","0","0","0","0","0"
"5242","","HS 2007","Harmonized System 2007","Gabon","266'","2019","1","90059000'","  "," - Parties et accessoires (y compris les b?tis)","90'","Optical, photographic, cinematographic, measuring, checking, precision, medical or surgical instrume","9005'","Binoculars, monoculars, other optical telescopes, and mountings therefor; other astronomical instrum","900590'"," - Parts and accessories (including mountings)","8","1","R","0","0","","","","0","0","0","0","0","0"
"5243","","HS 2007","Harmonized System 2007","Gabon","266'","2019","1","90061000'","  "," - Appareils photographiques des types utilis?s pour la pr?paration des clich?s ou cylindres d'impression","90'","Optical, photographic, cinematographic, measuring, checking, precision, medical or surgical instrume","9006'","Photographic (other than cinematographic) cameras; photographic flashlight apparatus and flashbulbs ","900610'"," - Cameras of a kind used for preparing printing plates or cylinders","8","1","R","0","0","","","","0","0","0","0","0","0"
"5244","","HS 2007","Harmonized System 2007","Gabon","266'","2019","1","90063000'","  "," - Appareils photographiques sp?cialement con?us pour la photographie sous-marine ou a?rienne, pour l'examen m?dical d'organes internes ou pour les laboratoires de m?decine l?gale ou d'identit? judiciaire","90'","Optical, photographic, cinematographic, measuring, checking, precision, medical or surgical instrume","9006'","Photographic (other than cinematographic) cameras; photographic flashlight apparatus and flashbulbs ","900630'"," - Cameras specially designed for underwater use, for aerial survey or for medical or surgical examin","8","1","R","0","0","","","","0","0","0","0","0","0"
"5245","","HS 2007","Harmonized System 2007","Gabon","266'","2019","1","90064000'","  "," - Appareils photographiques ? d?veloppement et tirage instantan?s","90'","Optical, photographic, cinematographic, measuring, checking, precision, medical or surgical instrume","9006'","Photographic (other than cinematographic) cameras; photographic flashlight apparatus and flashbulbs ","900640'"," - Instant print cameras","8","1","R","0","0","","","","0","0","0","0","0","0"
"5246","","HS 2007","Harmonized System 2007","Gabon","266'","2019","1","90065100'","  "," -- A vis?e ? travers l'objectif, pour pellicules en rouleaux d'une largeur n'exc?dant pas 35 mm","90'","Optical, photographic, cinematographic, measuring, checking, precision, medical or surgical instrume","9006'","Photographic (other than cinematographic) cameras; photographic flashlight apparatus and flashbulbs ","900651'"," -- With a through-the-lens viewfinder (single lens reflex (SLR)), for roll film of a width not excee","8","1","R","0","0","","","","0","0","0","0","0","0"
"5247","","HS 2007","Harmonized System 2007","Gabon","266'","2019","1","90065200'","  "," -- Autres, pour pellicules en rouleaux d'une largeur inf?rieure ? 35 mm","90'","Optical, photographic, cinematographic, measuring, checking, precision, medical or surgical instrume","9006'","Photographic (other than cinematographic) cameras; photographic flashlight apparatus and flashbulbs ","900652'"," -- Other, for roll film of a width less than 35 mm","8","1","R","0","0","","","","0","0","0","0","0","0"
"5248","","HS 2007","Harmonized System 2007","Gabon","266'","2019","1","90065300'","  "," -- Autres, pour pellicules en rouleaux d'une largeur de 35?mm","90'","Optical, photographic, cinematographic, measuring, checking, precision, medical or surgical instrume","9006'","Photographic (other than cinematographic) cameras; photographic flashlight apparatus and flashbulbs ","900653'"," -- Other, for roll film of a width of 35 mm","8","1","R","0","0","","","","0","0","0","0","0","0"
"5249","","HS 2007","Harmonized System 2007","Gabon","266'","2019","1","90065900'","  "," -- Autres","90'","Optical, photographic, cinematographic, measuring, checking, precision, medical or surgical instrume","9006'","Photographic (other than cinematographic) cameras; photographic flashlight apparatus and flashbulbs ","900659'"," -- Other","8","1","R","0","0","","","","0","0","0","0","0","0"
"5250","","HS 2007","Harmonized System 2007","Gabon","266'","2019","1","90066100'","  "," -- Appareils ? tube ? d?charge pour la production de la lumi?re-?clair (dits ""flashes ?lectroniques"")","90'","Optical, photographic, cinematographic, measuring, checking, precision, medical or surgical instrume","9006'","Photographic (other than cinematographic) cameras; photographic flashlight apparatus and flashbulbs ","900661'"," -- Discharge lamp (?electronic?) flashlight apparatus","8","1","R","0","0","","","","0","0","0","0","0","0"
"5251","","HS 2007","Harmonized System 2007","Gabon","266'","2019","1","90066900'","  "," -- Autres","90'","Optical, photographic, cinematographic, measuring, checking, precision, medical or surgical instrume","9006'","Photographic (other than cinematographic) cameras; photographic flashlight apparatus and flashbulbs ","900669'"," -- Other","8","1","R","0","0","","","","0","0","0","0","0","0"
"5252","","HS 2007","Harmonized System 2007","Gabon","266'","2019","1","90069100'","  "," -- D'appareils photographiques","90'","Optical, photographic, cinematographic, measuring, checking, precision, medical or surgical instrume","9006'","Photographic (other than cinematographic) cameras; photographic flashlight apparatus and flashbulbs ","900691'"," -- For cameras","8","1","R","0","0","","","","0","0","0","0","0","0"
"5253","","HS 2007","Harmonized System 2007","Gabon","266'","2019","1","90069900'","  "," -- Autres","90'","Optical, photographic, cinematographic, measuring, checking, precision, medical or surgical instrume","9006'","Photographic (other than cinematographic) cameras; photographic flashlight apparatus and flashbulbs ","900699'"," -- Other","8","1","R","0","0","","","","0","0","0","0","0","0"
"5254","","HS 2007","Harmonized System 2007","Gabon","266'","2019","1","90071100'","  "," -- Pour films d'une largeur inf?rieure ? 16 mm ou pour films double-8mm","90'","Optical, photographic, cinematographic, measuring, checking, precision, medical or surgical instrume","9007'","Cinematographic cameras and projectors, whether or not incorporating sound recording or reproducing ","900711'"," -- For film of less than 16 mm width or for double-8 mm film","8","1","R","0","0","","","","0","0","0","0","0","0"
"5255","","HS 2007","Harmonized System 2007","Gabon","266'","2019","1","90071900'","  "," -- Autres","90'","Optical, photographic, cinematographic, measuring, checking, precision, medical or surgical instrume","9007'","Cinematographic cameras and projectors, whether or not incorporating sound recording or reproducing ","900719'"," -- Other","8","1","R","0","0","","","","0","0","0","0","0","0"
"5256","","HS 2007","Harmonized System 2007","Gabon","266'","2019","1","90072000'","  "," - Projecteurs","90'","Optical, photographic, cinematographic, measuring, checking, precision, medical or surgical instrume","9007'","Cinematographic cameras and projectors, whether or not incorporating sound recording or reproducing ","900720'"," - Projectors","8","1","R","0","0","","","","0","0","0","0","0","0"
"5257","","HS 2007","Harmonized System 2007","Gabon","266'","2019","1","90079100'","  "," -- De cam?ras","90'","Optical, photographic, cinematographic, measuring, checking, precision, medical or surgical instrume","9007'","Cinematographic cameras and projectors, whether or not incorporating sound recording or reproducing ","900791'"," -- For cameras","8","1","R","0","0","","","","0","0","0","0","0","0"
"5258","","HS 2007","Harmonized System 2007","Gabon","266'","2019","1","90079200'","  "," -- De projecteurs","90'","Optical, photographic, cinematographic, measuring, checking, precision, medical or surgical instrume","9007'","Cinematographic cameras and projectors, whether or not incorporating sound recording or reproducing ","900792'"," -- For projectors","8","1","R","0","0","","","","0","0","0","0","0","0"
"5259","","HS 2007","Harmonized System 2007","Gabon","266'","2019","1","90081000'","  "," - Projecteurs de diapositives","90'","Optical, photographic, cinematographic, measuring, checking, precision, medical or surgical instrume","9008'","Image projectors, other than cinematographic; photographic (other than cinematographic) enlargers an","900810'"," - Slide projectors","8","1","R","0","0","","","","0","0","0","0","0","0"
"5260","","HS 2007","Harmonized System 2007","Gabon","266'","2019","1","90082000'","  "," - Lecteurs de microfilms, de microfiches ou d'autres microformats, m?me permettant l'obtention de copies","90'","Optical, photographic, cinematographic, measuring, checking, precision, medical or surgical instrume","9008'","Image projectors, other than cinematographic; photographic (other than cinematographic) enlargers an","900820'"," - Microfilm, microfiche or other microform readers, whether or not capable of producing copies","8","1","R","0","0","","","","0","0","0","0","0","0"
"5261","","HS 2007","Harmonized System 2007","Gabon","266'","2019","1","90083000'","  "," - Autres projecteurs d'images fixes","90'","Optical, photographic, cinematographic, measuring, checking, precision, medical or surgical instrume","9008'","Image projectors, other than cinematographic; photographic (other than cinematographic) enlargers an","900830'"," - Other image projectors","8","1","R","0","0","","","","0","0","0","0","0","0"
"5262","","HS 2007","Harmonized System 2007","Gabon","266'","2019","1","90084000'","  "," - Appareils photographiques d'agrandissement ou de r?duction","90'","Optical, photographic, cinematographic, measuring, checking, precision, medical or surgical instrume","9008'","Image projectors, other than cinematographic; photographic (other than cinematographic) enlargers an","900840'"," - Photographic (other than cinematographic) enlargers and reducers","8","1","R","0","0","","","","0","0","0","0","0","0"
"5263","","HS 2007","Harmonized System 2007","Gabon","266'","2019","1","90089000'","  "," - Parties et accessoires","90'","Optical, photographic, cinematographic, measuring, checking, precision, medical or surgical instrume","9008'","Image projectors, other than cinematographic; photographic (other than cinematographic) enlargers an","900890'"," - Parts and accessories","8","1","R","0","0","","","","0","0","0","0","0","0"
"5264","","HS 2007","Harmonized System 2007","Gabon","266'","2019","1","90101000'","  "," - Appareils et mat?riel pour le d?veloppement automatique des pellicules photographiques, des films cin?matographiques ou du papier photographique en rouleaux ou pour l'impression automatique des pellicules d?velopp?es sur des rouleaux de papier","90'","Optical, photographic, cinematographic, measuring, checking, precision, medical or surgical instrume","9010'","Apparatus and equipment for photographic (including cinematographic) laboratories, not specified or ","901010'"," - Apparatus and equipment for automatically developing photographic (including cinematographic) film","8","1","R","0","0","","","","0","0","0","0","0","0"
"5265","","HS 2007","Harmonized System 2007","Gabon","266'","2019","1","90105000'","  "," - Autres appareils et mat?riel pour laboratoires photographiques ou cin?matographiques; n?gatoscopes","90'","Optical, photographic, cinematographic, measuring, checking, precision, medical or surgical instrume","9010'","Apparatus and equipment for photographic (including cinematographic) laboratories, not specified or ","901050'"," - Other apparatus and equipment for photographic (including cinematographic) laboratories; negatosco","8","1","R","0","0","","","","0","0","0","0","0","0"
"5266","","HS 2007","Harmonized System 2007","Gabon","266'","2019","1","90106000'","  "," - Ecrans pour projections","90'","Optical, photographic, cinematographic, measuring, checking, precision, medical or surgical instrume","9010'","Apparatus and equipment for photographic (including cinematographic) laboratories, not specified or ","901060'"," - Projection screens","8","1","R","0","0","","","","0","0","0","0","0","0"
"5267","","HS 2007","Harmonized System 2007","Gabon","266'","2019","1","90109000'","  "," - Parties et accessoires","90'","Optical, photographic, cinematographic, measuring, checking, precision, medical or surgical instrume","9010'","Apparatus and equipment for photographic (including cinematographic) laboratories, not specified or ","901090'"," - Parts and accessories","8","1","R","0","0","","","","0","0","0","0","0","0"
"5268","","HS 2007","Harmonized System 2007","Gabon","266'","2019","1","90111000'","  "," - Microscopes st?r?oscopiques","90'","Optical, photographic, cinematographic, measuring, checking, precision, medical or surgical instrume","9011'","Compound optical microscopes, including those for photomicrography, cinephotomicrography or micropro","901110'"," - Stereoscopic microscopes","8","1","R","0","0","","","","0","0","0","0","0","0"
"5269","","HS 2007","Harmonized System 2007","Gabon","266'","2019","1","90112000'","  "," - Autres microscopes, pour la photomicrographie, la cin?photo-micrographie ou la microprojection","90'","Optical, photographic, cinematographic, measuring, checking, precision, medical or surgical instrume","9011'","Compound optical microscopes, including those for photomicrography, cinephotomicrography or micropro","901120'"," - Other microscopes, for photomicrography, cinephoto-micrography or microprojection","8","1","R","0","0","","","","0","0","0","0","0","0"
"5270","","HS 2007","Harmonized System 2007","Gabon","266'","2019","1","90118000'","  "," - Autres microscopes","90'","Optical, photographic, cinematographic, measuring, checking, precision, medical or surgical instrume","9011'","Compound optical microscopes, including those for photomicrography, cinephotomicrography or micropro","901180'"," - Other microscopes","8","1","R","0","0","","","","0","0","0","0","0","0"
"5271","","HS 2007","Harmonized System 2007","Gabon","266'","2019","1","90119000'","  "," - Parties et accessoires","90'","Optical, photographic, cinematographic, measuring, checking, precision, medical or surgical instrume","9011'","Compound optical microscopes, including those for photomicrography, cinephotomicrography or micropro","901190'"," - Parts and accessories","8","1","R","0","0","","","","0","0","0","0","0","0"
"5272","","HS 2007","Harmonized System 2007","Gabon","266'","2019","1","90121000'","  "," - Microscopes autres qu'optiques; diffractographes","90'","Optical, photographic, cinematographic, measuring, checking, precision, medical or surgical instrume","9012'","Microscopes other than optical microscopes; diffraction apparatus.","901210'"," - Microscopes other than optical microscopes; diffraction apparatus","8","1","R","0","0","","","","0","0","0","0","0","0"
"5273","","HS 2007","Harmonized System 2007","Gabon","266'","2019","1","90129000'","  "," - Parties et accessoires","90'","Optical, photographic, cinematographic, measuring, checking, precision, medical or surgical instrume","9012'","Microscopes other than optical microscopes; diffraction apparatus.","901290'"," - Parts and accessories","8","1","R","0","0","","","","0","0","0","0","0","0"
"5274","","HS 2007","Harmonized System 2007","Gabon","266'","2019","1","90131010'","  "," Lunettes de vis?e pour armes","90'","Optical, photographic, cinematographic, measuring, checking, precision, medical or surgical instrume","9013'","Liquid crystal devices not constituting articles provided for more specifically in other headings; l","901310'"," - Telescopic sights for fitting to arms; periscopes; telescopes designed to form parts of machines, ","8","1","R","0","0","","","","0","0","0","0","0","0"
"5275","","HS 2007","Harmonized System 2007","Gabon","266'","2019","1","90131090'","  "," p?riscopes,lunettes pr machines,appareils ou instruments du p.ch. ou de la sect XVI","90'","Optical, photographic, cinematographic, measuring, checking, precision, medical or surgical instrume","9013'","Liquid crystal devices not constituting articles provided for more specifically in other headings; l","901310'"," - Telescopic sights for fitting to arms; periscopes; telescopes designed to form parts of machines, ","8","1","R","0","0","","","","0","0","0","0","0","0"
"5276","","HS 2007","Harmonized System 2007","Gabon","266'","2019","1","90132000'","  "," - Lasers, autres que les diodes laser","90'","Optical, photographic, cinematographic, measuring, checking, precision, medical or surgical instrume","9013'","Liquid crystal devices not constituting articles provided for more specifically in other headings; l","901320'"," - Lasers, other than laser diodes","8","1","R","0","0","","","","0","0","0","0","0","0"
"5277","","HS 2007","Harmonized System 2007","Gabon","266'","2019","1","90138010'","  "," St?r?oscopes","90'","Optical, photographic, cinematographic, measuring, checking, precision, medical or surgical instrume","9013'","Liquid crystal devices not constituting articles provided for more specifically in other headings; l","901380'"," - Other devices, appliances and instruments","8","1","R","0","0","","","","0","0","0","0","0","0"
"5278","","HS 2007","Harmonized System 2007","Gabon","266'","2019","1","90138090'","  "," Dispositifs,appareils d'instruments d'optiqautres que ceux du 90131010 ? 90138010","90'","Optical, photographic, cinematographic, measuring, checking, precision, medical or surgical instrume","9013'","Liquid crystal devices not constituting articles provided for more specifically in other headings; l","901380'"," - Other devices, appliances and instruments","8","1","R","0","0","","","","0","0","0","0","0","0"
"5279","","HS 2007","Harmonized System 2007","Gabon","266'","2019","1","90139000'","  "," - Parties et accessoires","90'","Optical, photographic, cinematographic, measuring, checking, precision, medical or surgical instrume","9013'","Liquid crystal devices not constituting articles provided for more specifically in other headings; l","901390'"," - Parts and accessories","8","1","R","0","0","","","","0","0","0","0","0","0"
"5280","","HS 2007","Harmonized System 2007","Gabon","266'","2019","1","90141000'","  "," - Boussoles, y compris les compas de navigation","90'","Optical, photographic, cinematographic, measuring, checking, precision, medical or surgical instrume","9014'","Direction finding compasses; other navigational instruments and appliances.","901410'"," - Direction finding compasses","8","1","R","0","0","","","","0","0","0","0","0","0"
"5281","","HS 2007","Harmonized System 2007","Gabon","266'","2019","1","90142000'","  "," - Instruments et appareils pour la navigation a?rienne ou spatiale (autres que les boussoles)","90'","Optical, photographic, cinematographic, measuring, checking, precision, medical or surgical instrume","9014'","Direction finding compasses; other navigational instruments and appliances.","901420'"," - Instruments and appliances for aeronautical or space navigation (other than compasses)","8","1","R","0","0","","","","0","0","0","0","0","0"
"5282","","HS 2007","Harmonized System 2007","Gabon","266'","2019","1","90148000'","  "," - Autres instruments et appareils","90'","Optical, photographic, cinematographic, measuring, checking, precision, medical or surgical instrume","9014'","Direction finding compasses; other navigational instruments and appliances.","901480'"," - Other instruments and appliances","8","1","R","0","0","","","","0","0","0","0","0","0"
"5283","","HS 2007","Harmonized System 2007","Gabon","266'","2019","1","90149000'","  "," - Parties et accessoires","90'","Optical, photographic, cinematographic, measuring, checking, precision, medical or surgical instrume","9014'","Direction finding compasses; other navigational instruments and appliances.","901490'"," - Parts and accessories","8","1","R","0","0","","","","0","0","0","0","0","0"
"5284","","HS 2007","Harmonized System 2007","Gabon","266'","2019","1","90151000'","  "," - T?l?m?tres","90'","Optical, photographic, cinematographic, measuring, checking, precision, medical or surgical instrume","9015'","Surveying (including photogrammetrical surveying), hydrographic, oceanographic, hydrological, meteor","901510'"," - Rangefinders","8","1","R","0","0","","","","0","0","0","0","0","0"
"5285","","HS 2007","Harmonized System 2007","Gabon","266'","2019","1","90152000'","  "," - Th?odolites et tach?om?tres","90'","Optical, photographic, cinematographic, measuring, checking, precision, medical or surgical instrume","9015'","Surveying (including photogrammetrical surveying), hydrographic, oceanographic, hydrological, meteor","901520'"," - Theodolites and tachymeters (tacheometers)","8","1","R","0","0","","","","0","0","0","0","0","0"
"5286","","HS 2007","Harmonized System 2007","Gabon","266'","2019","1","90153000'","  "," - Niveaux","90'","Optical, photographic, cinematographic, measuring, checking, precision, medical or surgical instrume","9015'","Surveying (including photogrammetrical surveying), hydrographic, oceanographic, hydrological, meteor","901530'"," - Levels","8","1","R","0","0","","","","0","0","0","0","0","0"
"5287","","HS 2007","Harmonized System 2007","Gabon","266'","2019","1","90154000'","  "," - Instruments et appareils de photogramm?trie","90'","Optical, photographic, cinematographic, measuring, checking, precision, medical or surgical instrume","9015'","Surveying (including photogrammetrical surveying), hydrographic, oceanographic, hydrological, meteor","901540'"," - Photogrammetrical surveying instruments and appliances","8","1","R","0","0","","","","0","0","0","0","0","0"
"5288","","HS 2007","Harmonized System 2007","Gabon","266'","2019","1","90158000'","  "," - Autres instruments et appareils","90'","Optical, photographic, cinematographic, measuring, checking, precision, medical or surgical instrume","9015'","Surveying (including photogrammetrical surveying), hydrographic, oceanographic, hydrological, meteor","901580'"," - Other instruments and appliances","8","1","R","0","0","","","","0","0","0","0","0","0"
"5289","","HS 2007","Harmonized System 2007","Gabon","266'","2019","1","90159000'","  "," - Parties et accessoires","90'","Optical, photographic, cinematographic, measuring, checking, precision, medical or surgical instrume","9015'","Surveying (including photogrammetrical surveying), hydrographic, oceanographic, hydrological, meteor","901590'"," - Parts and accessories","8","1","R","0","0","","","","0","0","0","0","0","0"
"5290","","HS 2007","Harmonized System 2007","Gabon","266'","2019","1","90160000'","  "," Balances sensibles ? un poids de 5 cg ou moins, avec ou sans poids.","90'","Optical, photographic, cinematographic, measuring, checking, precision, medical or surgical instrume","9016'","Balances of a sensitivity of 5 cg or better, with or without weights.","901600'"," Balances of a sensitivity of 5 cg or better, with or without weights.","8","1","R","0","0","","","","0","0","0","0","0","0"
"5291","","HS 2007","Harmonized System 2007","Gabon","266'","2019","1","90171000'","  "," - Tables et machines ? dessiner, m?me automatiques","90'","Optical, photographic, cinematographic, measuring, checking, precision, medical or surgical instrume","9017'","Drawing, marking-out or mathematical calculating instruments (for example, drafting machines, pantog","901710'"," - Drafting tables and machines, whether or not automatic","8","1","R","0","0","","","","0","0","0","0","0","0"
"5292","","HS 2007","Harmonized System 2007","Gabon","266'","2019","1","90172000'","  "," - Autres instruments de dessin, de tra?age ou de calcul","90'","Optical, photographic, cinematographic, measuring, checking, precision, medical or surgical instrume","9017'","Drawing, marking-out or mathematical calculating instruments (for example, drafting machines, pantog","901720'"," - Other drawing, marking-out or mathematical calculating instruments","8","1","R","0","0","","","","0","0","0","0","0","0"
"5293","","HS 2007","Harmonized System 2007","Gabon","266'","2019","1","90173000'","  "," - Microm?tres, pieds ? coulisse, calibres et jauges","90'","Optical, photographic, cinematographic, measuring, checking, precision, medical or surgical instrume","9017'","Drawing, marking-out or mathematical calculating instruments (for example, drafting machines, pantog","901730'"," - Micrometers, callipers and gauges","8","1","R","0","0","","","","0","0","0","0","0","0"
"5294","","HS 2007","Harmonized System 2007","Gabon","266'","2019","1","90178000'","  "," - Autres instruments","90'","Optical, photographic, cinematographic, measuring, checking, precision, medical or surgical instrume","9017'","Drawing, marking-out or mathematical calculating instruments (for example, drafting machines, pantog","901780'"," - Other instruments","8","1","R","0","0","","","","0","0","0","0","0","0"
"5295","","HS 2007","Harmonized System 2007","Gabon","266'","2019","1","90179000'","  "," - Parties et accessoires","90'","Optical, photographic, cinematographic, measuring, checking, precision, medical or surgical instrume","9017'","Drawing, marking-out or mathematical calculating instruments (for example, drafting machines, pantog","901790'"," - Parts and accessories","8","1","R","0","0","","","","0","0","0","0","0","0"
"5296","","HS 2007","Harmonized System 2007","Gabon","266'","2019","1","90181100'","  "," -- Electrocardiographes","90'","Optical, photographic, cinematographic, measuring, checking, precision, medical or surgical instrume","9018'","Instruments and appliances used in medical, surgical, dental or veterinary sciences, including scint","901811'"," -- Electro-cardiographs","8","1","R","0","0","","","","0","0","0","0","0","0"
"5297","","HS 2007","Harmonized System 2007","Gabon","266'","2019","1","90181200'","  "," -- Appareils de diagnostic par balayage ultrasonique (scanners)","90'","Optical, photographic, cinematographic, measuring, checking, precision, medical or surgical instrume","9018'","Instruments and appliances used in medical, surgical, dental or veterinary sciences, including scint","901812'"," -- Ultrasonic scanning apparatus","8","1","R","0","0","","","","0","0","0","0","0","0"
"5298","","HS 2007","Harmonized System 2007","Gabon","266'","2019","1","90181300'","  "," -- Appareils de diagnostic par visualisation ? r?sonance magn?tique","90'","Optical, photographic, cinematographic, measuring, checking, precision, medical or surgical instrume","9018'","Instruments and appliances used in medical, surgical, dental or veterinary sciences, including scint","901813'"," -- Magnetic resonance imaging apparatus","8","1","R","0","0","","","","0","0","0","0","0","0"
"5299","","HS 2007","Harmonized System 2007","Gabon","266'","2019","1","90181400'","  "," -- Appareils de scintigraphie","90'","Optical, photographic, cinematographic, measuring, checking, precision, medical or surgical instrume","9018'","Instruments and appliances used in medical, surgical, dental or veterinary sciences, including scint","901814'"," -- Scintigraphic apparatus","8","1","R","0","0","","","","0","0","0","0","0","0"
"5300","","HS 2007","Harmonized System 2007","Gabon","266'","2019","1","90181900'","  "," -- Autres","90'","Optical, photographic, cinematographic, measuring, checking, precision, medical or surgical instrume","9018'","Instruments and appliances used in medical, surgical, dental or veterinary sciences, including scint","901819'"," -- Other","8","1","R","0","0","","","","0","0","0","0","0","0"
"5301","","HS 2007","Harmonized System 2007","Gabon","266'","2019","1","90182000'","  "," - Appareils ? rayons ultraviolets ou infrarouges","90'","Optical, photographic, cinematographic, measuring, checking, precision, medical or surgical instrume","9018'","Instruments and appliances used in medical, surgical, dental or veterinary sciences, including scint","901820'"," - Ultra-violet or infra-red ray apparatus","8","1","R","0","0","","","","0","0","0","0","0","0"
"5302","","HS 2007","Harmonized System 2007","Gabon","266'","2019","1","90183100'","  "," -- Seringues, avec ou sans aiguilles","90'","Optical, photographic, cinematographic, measuring, checking, precision, medical or surgical instrume","9018'","Instruments and appliances used in medical, surgical, dental or veterinary sciences, including scint","901831'"," -- Syringes, with or without needles","8","1","R","0","0","","","","0","0","0","0","0","0"
"5303","","HS 2007","Harmonized System 2007","Gabon","266'","2019","1","90183200'","  "," -- Aiguilles tubulaires en m?tal et aiguilles ? sutures","90'","Optical, photographic, cinematographic, measuring, checking, precision, medical or surgical instrume","9018'","Instruments and appliances used in medical, surgical, dental or veterinary sciences, including scint","901832'"," -- Tubular metal needles and needles for sutures","8","1","R","0","0","","","","0","0","0","0","0","0"
"5304","","HS 2007","Harmonized System 2007","Gabon","266'","2019","1","90183900'","  "," -- Autres","90'","Optical, photographic, cinematographic, measuring, checking, precision, medical or surgical instrume","9018'","Instruments and appliances used in medical, surgical, dental or veterinary sciences, including scint","901839'"," -- Other","8","1","R","0","0","","","","0","0","0","0","0","0"
"5305","","HS 2007","Harmonized System 2007","Gabon","266'","2019","1","90184100'","  "," -- Tours dentaires, m?me combin?s sur une base commune avec d'autres ?quipements dentaires","90'","Optical, photographic, cinematographic, measuring, checking, precision, medical or surgical instrume","9018'","Instruments and appliances used in medical, surgical, dental or veterinary sciences, including scint","901841'"," -- Dental drill engines, whether or not combined on a single base with other dental equipment","8","1","R","0","0","","","","0","0","0","0","0","0"
"5306","","HS 2007","Harmonized System 2007","Gabon","266'","2019","1","90184900'","  "," -- Autres","90'","Optical, photographic, cinematographic, measuring, checking, precision, medical or surgical instrume","9018'","Instruments and appliances used in medical, surgical, dental or veterinary sciences, including scint","901849'"," -- Other","8","1","R","0","0","","","","0","0","0","0","0","0"
"5307","","HS 2007","Harmonized System 2007","Gabon","266'","2019","1","90185000'","  "," - Autres instruments et appareils d'ophtalmologie","90'","Optical, photographic, cinematographic, measuring, checking, precision, medical or surgical instrume","9018'","Instruments and appliances used in medical, surgical, dental or veterinary sciences, including scint","901850'"," - Other ophthalmic instruments and appliances","8","1","R","0","0","","","","0","0","0","0","0","0"
"5308","","HS 2007","Harmonized System 2007","Gabon","266'","2019","1","90189000'","  "," - Autres instruments et appareils","90'","Optical, photographic, cinematographic, measuring, checking, precision, medical or surgical instrume","9018'","Instruments and appliances used in medical, surgical, dental or veterinary sciences, including scint","901890'"," - Other instruments and appliances","8","1","R","0","0","","","","0","0","0","0","0","0"
"5309","","HS 2007","Harmonized System 2007","Gabon","266'","2019","1","90191000'","  "," - Appareils de m?canoth?rapie; appareils de massage; appareils de psychotechnie","90'","Optical, photographic, cinematographic, measuring, checking, precision, medical or surgical instrume","9019'","Mechano-therapy appliances; massage apparatus; psychological aptitude-testing apparatus; ozone thera","901910'"," - Mechano-therapy appliances; massage apparatus; psychological aptitude-testing apparatus","8","1","R","0","0","","","","0","0","0","0","0","0"
"5310","","HS 2007","Harmonized System 2007","Gabon","266'","2019","1","90192000'","  "," - Appareils d'ozonoth?rapie, d'oxyg?noth?rapie, d'a?rosolth?rapie, appareils respiratoires de r?animation et autres appareils de th?rapie respiratoire","90'","Optical, photographic, cinematographic, measuring, checking, precision, medical or surgical instrume","9019'","Mechano-therapy appliances; massage apparatus; psychological aptitude-testing apparatus; ozone thera","901920'"," - Ozone therapy, oxygen therapy, aerosol therapy, artificial respiration or other therapeutic respir","8","1","R","0","0","","","","0","0","0","0","0","0"
"5311","","HS 2007","Harmonized System 2007","Gabon","266'","2019","1","90200000'","  "," Autres appareils respiratoires et masques ? gaz, ? l'exclusion des masques de protection d?pourvus de m?canisme et d'?l?ment filtrant amovible.","90'","Optical, photographic, cinematographic, measuring, checking, precision, medical or surgical instrume","9020'","Other breathing appliances and gas masks, excluding protective masks having neither mechanical parts","902000'"," Other breathing appliances and gas masks, excluding protective masks having neither mechanical parts","8","1","R","0","0","","","","0","0","0","0","0","0"
"5312","","HS 2007","Harmonized System 2007","Gabon","266'","2019","1","90211000'","  "," - Articles et appareils d?orthop?die ou pour fractures","90'","Optical, photographic, cinematographic, measuring, checking, precision, medical or surgical instrume","9021'","Orthopaedic appliances, including crutches, surgical belts and trusses; splints and other fracture a","902110'"," - Orthopaedic or fracture appliances","8","1","R","0","0","","","","0","0","0","0","0","0"
"5313","","HS 2007","Harmonized System 2007","Gabon","266'","2019","1","90212100'","  "," -- Dents artificielles","90'","Optical, photographic, cinematographic, measuring, checking, precision, medical or surgical instrume","9021'","Orthopaedic appliances, including crutches, surgical belts and trusses; splints and other fracture a","902121'"," -- Artificial teeth","8","1","R","0","0","","","","0","0","0","0","0","0"
"5314","","HS 2007","Harmonized System 2007","Gabon","266'","2019","1","90212900'","  "," -- Autres","90'","Optical, photographic, cinematographic, measuring, checking, precision, medical or surgical instrume","9021'","Orthopaedic appliances, including crutches, surgical belts and trusses; splints and other fracture a","902129'"," -- Other","8","1","R","0","0","","","","0","0","0","0","0","0"
"5315","","HS 2007","Harmonized System 2007","Gabon","266'","2019","1","90213100'","  "," -- Proth?ses articulaires","90'","Optical, photographic, cinematographic, measuring, checking, precision, medical or surgical instrume","9021'","Orthopaedic appliances, including crutches, surgical belts and trusses; splints and other fracture a","902131'"," -- Artificial joints","8","1","R","0","0","","","","0","0","0","0","0","0"
"5316","","HS 2007","Harmonized System 2007","Gabon","266'","2019","1","90213900'","  "," -- Autres","90'","Optical, photographic, cinematographic, measuring, checking, precision, medical or surgical instrume","9021'","Orthopaedic appliances, including crutches, surgical belts and trusses; splints and other fracture a","902139'"," -- Other","8","1","R","0","0","","","","0","0","0","0","0","0"
"5317","","HS 2007","Harmonized System 2007","Gabon","266'","2019","1","90214000'","  "," - Appareils pour faciliter l'audition aux sourds, ? l'exclusion des parties et accessoires","90'","Optical, photographic, cinematographic, measuring, checking, precision, medical or surgical instrume","9021'","Orthopaedic appliances, including crutches, surgical belts and trusses; splints and other fracture a","902140'"," - Hearing aids, excluding parts and accessories","8","1","R","0","0","","","","0","0","0","0","0","0"
"5318","","HS 2007","Harmonized System 2007","Gabon","266'","2019","1","90215000'","  "," - Stimulateurs cardiaques, ? l'exclusion des parties et accessoires","90'","Optical, photographic, cinematographic, measuring, checking, precision, medical or surgical instrume","9021'","Orthopaedic appliances, including crutches, surgical belts and trusses; splints and other fracture a","902150'"," - Pacemakers for stimulating heart muscles, excluding parts and accessories","8","1","R","0","0","","","","0","0","0","0","0","0"
"5319","","HS 2007","Harmonized System 2007","Gabon","266'","2019","1","90219000'","  "," - Autres","90'","Optical, photographic, cinematographic, measuring, checking, precision, medical or surgical instrume","9021'","Orthopaedic appliances, including crutches, surgical belts and trusses; splints and other fracture a","902190'"," - Other","8","1","R","0","0","","","","0","0","0","0","0","0"
"5320","","HS 2007","Harmonized System 2007","Gabon","266'","2019","1","90221200'","  "," -- Appareils de tomographie pilot?s par une machine automatique de traitement de l'information","90'","Optical, photographic, cinematographic, measuring, checking, precision, medical or surgical instrume","9022'","Apparatus based on the use of X-rays or of alpha, beta or gamma radiations, whether or not for medic","902212'"," -- Computed tomography apparatus","8","1","R","0","0","","","","0","0","0","0","0","0"
"5321","","HS 2007","Harmonized System 2007","Gabon","266'","2019","1","90221300'","  "," -- Autres, pour l'art dentaire","90'","Optical, photographic, cinematographic, measuring, checking, precision, medical or surgical instrume","9022'","Apparatus based on the use of X-rays or of alpha, beta or gamma radiations, whether or not for medic","902213'"," -- Other, for dental uses","8","1","R","0","0","","","","0","0","0","0","0","0"
"5322","","HS 2007","Harmonized System 2007","Gabon","266'","2019","1","90221400'","  "," -- Autres, pour usages m?dicaux, chirurgicaux ou v?t?rinaires","90'","Optical, photographic, cinematographic, measuring, checking, precision, medical or surgical instrume","9022'","Apparatus based on the use of X-rays or of alpha, beta or gamma radiations, whether or not for medic","902214'"," -- Other, for medical, surgical or veterinary uses","8","1","R","0","0","","","","0","0","0","0","0","0"
"5323","","HS 2007","Harmonized System 2007","Gabon","266'","2019","1","90221900'","  "," -- Pour autres usages","90'","Optical, photographic, cinematographic, measuring, checking, precision, medical or surgical instrume","9022'","Apparatus based on the use of X-rays or of alpha, beta or gamma radiations, whether or not for medic","902219'"," -- For other uses","8","1","R","0","0","","","","0","0","0","0","0","0"
"5324","","HS 2007","Harmonized System 2007","Gabon","266'","2019","1","90222100'","  "," -- A usage m?dical, chirurgical, dentaire ou v?t?rinaire","90'","Optical, photographic, cinematographic, measuring, checking, precision, medical or surgical instrume","9022'","Apparatus based on the use of X-rays or of alpha, beta or gamma radiations, whether or not for medic","902221'"," -- For medical, surgical, dental or veterinary uses","8","1","R","0","0","","","","0","0","0","0","0","0"
"5325","","HS 2007","Harmonized System 2007","Gabon","266'","2019","1","90222900'","  "," -- Pour autres usages","90'","Optical, photographic, cinematographic, measuring, checking, precision, medical or surgical instrume","9022'","Apparatus based on the use of X-rays or of alpha, beta or gamma radiations, whether or not for medic","902229'"," -- For other uses","8","1","R","0","0","","","","0","0","0","0","0","0"
"5326","","HS 2007","Harmonized System 2007","Gabon","266'","2019","1","90223000'","  "," - Tubes ? rayons X","90'","Optical, photographic, cinematographic, measuring, checking, precision, medical or surgical instrume","9022'","Apparatus based on the use of X-rays or of alpha, beta or gamma radiations, whether or not for medic","902230'"," - X-ray tubes","8","1","R","0","0","","","","0","0","0","0","0","0"
"5327","","HS 2007","Harmonized System 2007","Gabon","266'","2019","1","90229000'","  "," - Autres, y compris les parties et accessoires","90'","Optical, photographic, cinematographic, measuring, checking, precision, medical or surgical instrume","9022'","Apparatus based on the use of X-rays or of alpha, beta or gamma radiations, whether or not for medic","902290'"," - Other, including parts and accessories","8","1","R","0","0","","","","0","0","0","0","0","0"
"5328","","HS 2007","Harmonized System 2007","Gabon","266'","2019","1","90230000'","  "," Instruments, appareils et mod?les con?us pour la d?monstration (dans l'enseignement ou les expositions, par exemple), non susceptibles d'autres emplois.","90'","Optical, photographic, cinematographic, measuring, checking, precision, medical or surgical instrume","9023'","Instruments, apparatus and models, designed for demonstrational purposes (for example, in education ","902300'"," Instruments, apparatus and models, designed for demonstrational purposes (for example, in education ","8","1","R","0","0","","","","0","0","0","0","0","0"
"5329","","HS 2007","Harmonized System 2007","Gabon","266'","2019","1","90241000'","  "," - Machines et appareils d'essais des m?taux","90'","Optical, photographic, cinematographic, measuring, checking, precision, medical or surgical instrume","9024'","Machines and appliances for testing the hardness, strength, compressibility, elasticity or other mec","902410'"," - Machines and appliances for testing metals","8","1","R","0","0","","","","0","0","0","0","0","0"
"5330","","HS 2007","Harmonized System 2007","Gabon","266'","2019","1","90248000'","  "," - Autres machines et appareils","90'","Optical, photographic, cinematographic, measuring, checking, precision, medical or surgical instrume","9024'","Machines and appliances for testing the hardness, strength, compressibility, elasticity or other mec","902480'"," - Other machines and appliances","8","1","R","0","0","","","","0","0","0","0","0","0"
"5331","","HS 2007","Harmonized System 2007","Gabon","266'","2019","1","90249000'","  "," - Parties et accessoires","90'","Optical, photographic, cinematographic, measuring, checking, precision, medical or surgical instrume","9024'","Machines and appliances for testing the hardness, strength, compressibility, elasticity or other mec","902490'"," - Parts and accessories","8","1","R","0","0","","","","0","0","0","0","0","0"
"5332","","HS 2007","Harmonized System 2007","Gabon","266'","2019","1","90251100'","  "," -- A liquide, ? lecture directe","90'","Optical, photographic, cinematographic, measuring, checking, precision, medical or surgical instrume","9025'","Hydrometers and similar floating instruments, thermometers, pyrometers, barometers, hygrometers and ","902511'"," -- Liquid-filled, for direct reading","8","1","R","0","0","","","","0","0","0","0","0","0"
"5333","","HS 2007","Harmonized System 2007","Gabon","266'","2019","1","90251900'","  "," -- Autres","90'","Optical, photographic, cinematographic, measuring, checking, precision, medical or surgical instrume","9025'","Hydrometers and similar floating instruments, thermometers, pyrometers, barometers, hygrometers and ","902519'"," -- Other","8","1","R","0","0","","","","0","0","0","0","0","0"
"5334","","HS 2007","Harmonized System 2007","Gabon","266'","2019","1","90258000'","  "," - Autres instruments","90'","Optical, photographic, cinematographic, measuring, checking, precision, medical or surgical instrume","9025'","Hydrometers and similar floating instruments, thermometers, pyrometers, barometers, hygrometers and ","902580'"," - Other instruments","8","1","R","0","0","","","","0","0","0","0","0","0"
"5335","","HS 2007","Harmonized System 2007","Gabon","266'","2019","1","90259000'","  "," - Parties et accessoires","90'","Optical, photographic, cinematographic, measuring, checking, precision, medical or surgical instrume","9025'","Hydrometers and similar floating instruments, thermometers, pyrometers, barometers, hygrometers and ","902590'"," - Parts and accessories","8","1","R","0","0","","","","0","0","0","0","0","0"
"5336","","HS 2007","Harmonized System 2007","Gabon","266'","2019","1","90261000'","  "," - Pour la mesure ou le contr?le du d?bit ou du niveau des liquides","90'","Optical, photographic, cinematographic, measuring, checking, precision, medical or surgical instrume","9026'","Instruments and apparatus for measuring or checking the flow, level, pressure or other variables of ","902610'"," - For measuring or checking the flow or level of liquids","8","1","R","0","0","","","","0","0","0","0","0","0"
"5337","","HS 2007","Harmonized System 2007","Gabon","266'","2019","1","90262000'","  "," - Pour la mesure ou le contr?le de la pression","90'","Optical, photographic, cinematographic, measuring, checking, precision, medical or surgical instrume","9026'","Instruments and apparatus for measuring or checking the flow, level, pressure or other variables of ","902620'"," - For measuring or checking pressure","8","1","R","0","0","","","","0","0","0","0","0","0"
"5338","","HS 2007","Harmonized System 2007","Gabon","266'","2019","1","90268000'","  "," - Autres instruments et appareils","90'","Optical, photographic, cinematographic, measuring, checking, precision, medical or surgical instrume","9026'","Instruments and apparatus for measuring or checking the flow, level, pressure or other variables of ","902680'"," - Other instruments or apparatus","8","1","R","0","0","","","","0","0","0","0","0","0"
"5339","","HS 2007","Harmonized System 2007","Gabon","266'","2019","1","90269000'","  "," - Parties et accessoires","90'","Optical, photographic, cinematographic, measuring, checking, precision, medical or surgical instrume","9026'","Instruments and apparatus for measuring or checking the flow, level, pressure or other variables of ","902690'"," - Parts and accessories","8","1","R","0","0","","","","0","0","0","0","0","0"
"5340","","HS 2007","Harmonized System 2007","Gabon","266'","2019","1","90271000'","  "," - Analyseurs de gaz ou de fum?es","90'","Optical, photographic, cinematographic, measuring, checking, precision, medical or surgical instrume","9027'","Instruments and apparatus for physical or chemical analysis (for example, polarimeters, refractomete","902710'"," - Gas or smoke analysis apparatus","8","1","R","0","0","","","","0","0","0","0","0","0"
"5341","","HS 2007","Harmonized System 2007","Gabon","266'","2019","1","90272000'","  "," - Chromatographes et appareils d'?lectrophor?se","90'","Optical, photographic, cinematographic, measuring, checking, precision, medical or surgical instrume","9027'","Instruments and apparatus for physical or chemical analysis (for example, polarimeters, refractomete","902720'"," - Chromatographs and electrophoresis instruments","8","1","R","0","0","","","","0","0","0","0","0","0"
"5342","","HS 2007","Harmonized System 2007","Gabon","266'","2019","1","90273000'","  "," - Spectrom?tres, spectrophotom?tres et spectrographes utilisant les rayonnements optiques (UV, visibles, IR)","90'","Optical, photographic, cinematographic, measuring, checking, precision, medical or surgical instrume","9027'","Instruments and apparatus for physical or chemical analysis (for example, polarimeters, refractomete","902730'"," - Spectrometers, spectrophotometers and spectrographs using optical radiations (UV, visible, IR)","8","1","R","0","0","","","","0","0","0","0","0","0"
"5343","","HS 2007","Harmonized System 2007","Gabon","266'","2019","1","90275000'","  "," - Autres instruments et appareils utilisant les rayonnements optiques (UV, visibles, IR)","90'","Optical, photographic, cinematographic, measuring, checking, precision, medical or surgical instrume","9027'","Instruments and apparatus for physical or chemical analysis (for example, polarimeters, refractomete","902750'"," - Other instruments and apparatus using optical radiations (UV, visible, IR)","8","1","R","0","0","","","","0","0","0","0","0","0"
"5344","","HS 2007","Harmonized System 2007","Gabon","266'","2019","1","90278000'","  "," - Autres instruments et appareils","90'","Optical, photographic, cinematographic, measuring, checking, precision, medical or surgical instrume","9027'","Instruments and apparatus for physical or chemical analysis (for example, polarimeters, refractomete","902780'"," - Other instruments and apparatus","8","1","R","0","0","","","","0","0","0","0","0","0"
"5345","","HS 2007","Harmonized System 2007","Gabon","266'","2019","1","90279000'","  "," - Microtomes; parties et accessoires","90'","Optical, photographic, cinematographic, measuring, checking, precision, medical or surgical instrume","9027'","Instruments and apparatus for physical or chemical analysis (for example, polarimeters, refractomete","902790'"," - Microtomes; parts and accessories","8","1","R","0","0","","","","0","0","0","0","0","0"
"5346","","HS 2007","Harmonized System 2007","Gabon","266'","2019","1","90281000'","  "," - Compteurs de gaz","90'","Optical, photographic, cinematographic, measuring, checking, precision, medical or surgical instrume","9028'","Gas, liquid or electricity supply or production meters, including calibrating meters therefor.","902810'"," - Gas meters","8","1","R","0","0","","","","0","0","0","0","0","0"
"5347","","HS 2007","Harmonized System 2007","Gabon","266'","2019","1","90282000'","  "," - Compteurs de liquides","90'","Optical, photographic, cinematographic, measuring, checking, precision, medical or surgical instrume","9028'","Gas, liquid or electricity supply or production meters, including calibrating meters therefor.","902820'"," - Liquid meters","8","1","R","0","0","","","","0","0","0","0","0","0"
"5348","","HS 2007","Harmonized System 2007","Gabon","266'","2019","1","90283000'","  "," - Compteurs d'?lectricit?","90'","Optical, photographic, cinematographic, measuring, checking, precision, medical or surgical instrume","9028'","Gas, liquid or electricity supply or production meters, including calibrating meters therefor.","902830'"," - Electricity meters","8","1","R","0","0","","","","0","0","0","0","0","0"
"5349","","HS 2007","Harmonized System 2007","Gabon","266'","2019","1","90289000'","  "," - Parties et accessoires","90'","Optical, photographic, cinematographic, measuring, checking, precision, medical or surgical instrume","9028'","Gas, liquid or electricity supply or production meters, including calibrating meters therefor.","902890'"," - Parts and accessories","8","1","R","0","0","","","","0","0","0","0","0","0"
"5350","","HS 2007","Harmonized System 2007","Gabon","266'","2019","1","90291000'","  "," - Compteurs de tours ou de production, taxim?tres, totalisateurs de chemin parcouru, podom?tres et compteurs similaires","90'","Optical, photographic, cinematographic, measuring, checking, precision, medical or surgical instrume","9029'","Revolution counters, production counters, taximeters, mileometers, pedometers and the like; speed in","902910'"," - Revolution counters, production counters, taximeters, mileometers, pedometers and the like","8","1","R","0","0","","","","0","0","0","0","0","0"
"5351","","HS 2007","Harmonized System 2007","Gabon","266'","2019","1","90292000'","  "," - Indicateurs de vitesse et tachym?tres; stroboscopes","90'","Optical, photographic, cinematographic, measuring, checking, precision, medical or surgical instrume","9029'","Revolution counters, production counters, taximeters, mileometers, pedometers and the like; speed in","902920'"," - Speed indicators and tachometers; stroboscopes","8","1","R","0","0","","","","0","0","0","0","0","0"
"5352","","HS 2007","Harmonized System 2007","Gabon","266'","2019","1","90299000'","  "," - Parties et accessoires","90'","Optical, photographic, cinematographic, measuring, checking, precision, medical or surgical instrume","9029'","Revolution counters, production counters, taximeters, mileometers, pedometers and the like; speed in","902990'"," - Parts and accessories","8","1","R","0","0","","","","0","0","0","0","0","0"
"5353","","HS 2007","Harmonized System 2007","Gabon","266'","2019","1","90301000'","  "," - Instruments et appareils pour la mesure ou la d?tection des radiations ionisantes","90'","Optical, photographic, cinematographic, measuring, checking, precision, medical or surgical instrume","9030'","Oscilloscopes, spectrum analysers and other instruments and apparatus for measuring or checking elec","903010'"," - Instruments and apparatus for measuring or detecting ionising radiations","8","1","R","0","0","","","","0","0","0","0","0","0"
"5354","","HS 2007","Harmonized System 2007","Gabon","266'","2019","1","90302000'","  "," - Oscilloscopes et oscillographes","90'","Optical, photographic, cinematographic, measuring, checking, precision, medical or surgical instrume","9030'","Oscilloscopes, spectrum analysers and other instruments and apparatus for measuring or checking elec","903020'"," - Oscilloscopes and oscillographs","8","1","R","0","0","","","","0","0","0","0","0","0"
"5355","","HS 2007","Harmonized System 2007","Gabon","266'","2019","1","90303100'","  "," -- Multim?tres, sans dispositif enregistreur","90'","Optical, photographic, cinematographic, measuring, checking, precision, medical or surgical instrume","9030'","Oscilloscopes, spectrum analysers and other instruments and apparatus for measuring or checking elec","903031'"," -- Multimeters without a recording device","8","1","R","0","0","","","","0","0","0","0","0","0"
"5356","","HS 2007","Harmonized System 2007","Gabon","266'","2019","1","90303200'","  "," -- Multim?tres, avec dispositif enregistreur","90'","Optical, photographic, cinematographic, measuring, checking, precision, medical or surgical instrume","9030'","Oscilloscopes, spectrum analysers and other instruments and apparatus for measuring or checking elec","903032'"," -- Multimeters with a recording device","8","1","R","0","0","","","","0","0","0","0","0","0"
"5357","","HS 2007","Harmonized System 2007","Gabon","266'","2019","1","90303300'","  "," -- Autres, sans dispositif enregistreur","90'","Optical, photographic, cinematographic, measuring, checking, precision, medical or surgical instrume","9030'","Oscilloscopes, spectrum analysers and other instruments and apparatus for measuring or checking elec","903033'"," -- Other, without a recording device","8","1","R","0","0","","","","0","0","0","0","0","0"
"5358","","HS 2007","Harmonized System 2007","Gabon","266'","2019","1","90303900'","  "," -- Autres, avec dispositif enregistreur","90'","Optical, photographic, cinematographic, measuring, checking, precision, medical or surgical instrume","9030'","Oscilloscopes, spectrum analysers and other instruments and apparatus for measuring or checking elec","903039'"," -- Other, with a recording device","8","1","R","0","0","","","","0","0","0","0","0","0"
"5359","","HS 2007","Harmonized System 2007","Gabon","266'","2019","1","90304000'","  "," - Autres instruments et appareils, sp?cialement con?us pour les techniques de la t?l?communication (hypsom?tres, kerdom?tres, distorsiom?tres, psophom?tres, par exemple)","90'","Optical, photographic, cinematographic, measuring, checking, precision, medical or surgical instrume","9030'","Oscilloscopes, spectrum analysers and other instruments and apparatus for measuring or checking elec","903040'"," - Other instruments and apparatus, specially designed for telecommunications (for example, cross-tal","8","1","R","0","0","","","","0","0","0","0","0","0"
"5360","","HS 2007","Harmonized System 2007","Gabon","266'","2019","1","90308200'","  "," -- Pour la mesure ou le contr?le des disques ou des dispositifs ? semi-conducteur","90'","Optical, photographic, cinematographic, measuring, checking, precision, medical or surgical instrume","9030'","Oscilloscopes, spectrum analysers and other instruments and apparatus for measuring or checking elec","903082'"," -- For measuring or checking semiconductor wafers or devices","8","1","R","0","0","","","","0","0","0","0","0","0"
"5361","","HS 2007","Harmonized System 2007","Gabon","266'","2019","1","90308400'","  "," -- Autres, avec dispositif enregistreur","90'","Optical, photographic, cinematographic, measuring, checking, precision, medical or surgical instrume","9030'","Oscilloscopes, spectrum analysers and other instruments and apparatus for measuring or checking elec","903084'"," -- Other, with a recording device","8","1","R","0","0","","","","0","0","0","0","0","0"
"5362","","HS 2007","Harmonized System 2007","Gabon","266'","2019","1","90308900'","  "," -- Autres","90'","Optical, photographic, cinematographic, measuring, checking, precision, medical or surgical instrume","9030'","Oscilloscopes, spectrum analysers and other instruments and apparatus for measuring or checking elec","903089'"," -- Other","8","1","R","0","0","","","","0","0","0","0","0","0"
"5363","","HS 2007","Harmonized System 2007","Gabon","266'","2019","1","90309000'","  "," - Parties et accessoires","90'","Optical, photographic, cinematographic, measuring, checking, precision, medical or surgical instrume","9030'","Oscilloscopes, spectrum analysers and other instruments and apparatus for measuring or checking elec","903090'"," - Parts and accessories","8","1","R","0","0","","","","0","0","0","0","0","0"
"5364","","HS 2007","Harmonized System 2007","Gabon","266'","2019","1","90311000'","  "," - Machines ? ?quilibrer les pi?ces m?caniques","90'","Optical, photographic, cinematographic, measuring, checking, precision, medical or surgical instrume","9031'","Measuring or checking instruments, appliances and machines, not specified or included elsewhere in t","903110'"," - Machines for balancing mechanical parts","8","1","R","0","0","","","","0","0","0","0","0","0"
"5365","","HS 2007","Harmonized System 2007","Gabon","266'","2019","1","90312000'","  "," - Bancs d'essai","90'","Optical, photographic, cinematographic, measuring, checking, precision, medical or surgical instrume","9031'","Measuring or checking instruments, appliances and machines, not specified or included elsewhere in t","903120'"," - Test benches","8","1","R","0","0","","","","0","0","0","0","0","0"
"5366","","HS 2007","Harmonized System 2007","Gabon","266'","2019","1","90314100'","  "," -- Pour le contr?le des disques ou des dispositifs ? semi-conducteur ou pour le contr?le des masques ou des r?ticules utilis?s dans la fabrication des dispositifs ? semi-conducteur","90'","Optical, photographic, cinematographic, measuring, checking, precision, medical or surgical instrume","9031'","Measuring or checking instruments, appliances and machines, not specified or included elsewhere in t","903141'"," -- For inspecting semiconductor wafers or devices or for inspecting photomasks or reticles used in m","8","1","R","0","0","","","","0","0","0","0","0","0"
"5367","","HS 2007","Harmonized System 2007","Gabon","266'","2019","1","90314900'","  "," -- Autres","90'","Optical, photographic, cinematographic, measuring, checking, precision, medical or surgical instrume","9031'","Measuring or checking instruments, appliances and machines, not specified or included elsewhere in t","903149'"," -- Other","8","1","R","0","0","","","","0","0","0","0","0","0"
"5368","","HS 2007","Harmonized System 2007","Gabon","266'","2019","1","90318000'","  "," - Autres instruments, appareils et machines","90'","Optical, photographic, cinematographic, measuring, checking, precision, medical or surgical instrume","9031'","Measuring or checking instruments, appliances and machines, not specified or included elsewhere in t","903180'"," - Other instruments, appliances and machines","8","1","R","0","0","","","","0","0","0","0","0","0"
"5369","","HS 2007","Harmonized System 2007","Gabon","266'","2019","1","90319000'","  "," - Parties et accessoires","90'","Optical, photographic, cinematographic, measuring, checking, precision, medical or surgical instrume","9031'","Measuring or checking instruments, appliances and machines, not specified or included elsewhere in t","903190'"," - Parts and accessories","8","1","R","0","0","","","","0","0","0","0","0","0"
"5370","","HS 2007","Harmonized System 2007","Gabon","266'","2019","1","90321000'","  "," - Thermostats","90'","Optical, photographic, cinematographic, measuring, checking, precision, medical or surgical instrume","9032'","Automatic regulating or controlling instruments and apparatus.","903210'"," - Thermostats","8","1","R","0","0","","","","0","0","0","0","0","0"
"5371","","HS 2007","Harmonized System 2007","Gabon","266'","2019","1","90322000'","  "," - Manostats (pressostats)","90'","Optical, photographic, cinematographic, measuring, checking, precision, medical or surgical instrume","9032'","Automatic regulating or controlling instruments and apparatus.","903220'"," - Manostats","8","1","R","0","0","","","","0","0","0","0","0","0"
"5372","","HS 2007","Harmonized System 2007","Gabon","266'","2019","1","90328100'","  "," -- Hydrauliques ou pneumatiques","90'","Optical, photographic, cinematographic, measuring, checking, precision, medical or surgical instrume","9032'","Automatic regulating or controlling instruments and apparatus.","903281'"," -- Hydraulic or pneumatic","8","1","R","0","0","","","","0","0","0","0","0","0"
"5373","","HS 2007","Harmonized System 2007","Gabon","266'","2019","1","90328900'","  "," -- Autres","90'","Optical, photographic, cinematographic, measuring, checking, precision, medical or surgical instrume","9032'","Automatic regulating or controlling instruments and apparatus.","903289'"," -- Other","8","1","R","0","0","","","","0","0","0","0","0","0"
"5374","","HS 2007","Harmonized System 2007","Gabon","266'","2019","1","90329000'","  "," - Parties et accessoires","90'","Optical, photographic, cinematographic, measuring, checking, precision, medical or surgical instrume","9032'","Automatic regulating or controlling instruments and apparatus.","903290'"," - Parts and accessories","8","1","R","0","0","","","","0","0","0","0","0","0"
"5375","","HS 2007","Harmonized System 2007","Gabon","266'","2019","1","90330000'","  "," Parties et accessoires non d?nomm?s ni compris ailleurs dans le pr?sent Chapitre, pour machines, appareils, instruments ou articles du Chapitre 90.","90'","Optical, photographic, cinematographic, measuring, checking, precision, medical or surgical instrume","9033'","Parts and accessories (not specified or included elsewhere in this Chapter) for machines, appliances","903300'"," Parts and accessories (not specified or included elsewhere in this Chapter) for machines, appliances","8","1","R","0","0","","","","0","0","0","0","0","0"
"5376","","HS 2007","Harmonized System 2007","Gabon","266'","2019","1","91011100'","  "," -- A affichage m?canique seulement","91'","Clocks and watches and parts thereof","9101'","Wrist-watches, pocket-watches and other watches, including stop-watches, with case of precious metal","910111'"," -- With mechanical display only","8","1","R","0","0","","","","0","0","0","0","0","0"
"5377","","HS 2007","Harmonized System 2007","Gabon","266'","2019","1","91011900'","  "," -- Autres","91'","Clocks and watches and parts thereof","9101'","Wrist-watches, pocket-watches and other watches, including stop-watches, with case of precious metal","910119'"," -- Other","8","1","R","0","0","","","","0","0","0","0","0","0"
"5378","","HS 2007","Harmonized System 2007","Gabon","266'","2019","1","91012100'","  "," -- A remontage automatique","91'","Clocks and watches and parts thereof","9101'","Wrist-watches, pocket-watches and other watches, including stop-watches, with case of precious metal","910121'"," -- With automatic winding","8","1","R","0","0","","","","0","0","0","0","0","0"
"5379","","HS 2007","Harmonized System 2007","Gabon","266'","2019","1","91012900'","  "," -- Autres","91'","Clocks and watches and parts thereof","9101'","Wrist-watches, pocket-watches and other watches, including stop-watches, with case of precious metal","910129'"," -- Other","8","1","R","0","0","","","","0","0","0","0","0","0"
"5380","","HS 2007","Harmonized System 2007","Gabon","266'","2019","1","91019100'","  "," -- Fonctionnant ?lectriquement","91'","Clocks and watches and parts thereof","9101'","Wrist-watches, pocket-watches and other watches, including stop-watches, with case of precious metal","910191'"," -- Electrically operated","8","1","R","0","0","","","","0","0","0","0","0","0"
"5381","","HS 2007","Harmonized System 2007","Gabon","266'","2019","1","91019900'","  "," -- Autres","91'","Clocks and watches and parts thereof","9101'","Wrist-watches, pocket-watches and other watches, including stop-watches, with case of precious metal","910199'"," -- Other","8","1","R","0","0","","","","0","0","0","0","0","0"
"5382","","HS 2007","Harmonized System 2007","Gabon","266'","2019","1","91021100'","  "," -- A affichage m?canique seulement","91'","Clocks and watches and parts thereof","9102'","Wrist-watches, pocket-watches and other watches, including stop-watches, other than those of heading","910211'"," -- With mechanical display only","8","1","R","0","0","","","","0","0","0","0","0","0"
"5383","","HS 2007","Harmonized System 2007","Gabon","266'","2019","1","91021200'","  "," -- A affichage opto?lectronique seulement","91'","Clocks and watches and parts thereof","9102'","Wrist-watches, pocket-watches and other watches, including stop-watches, other than those of heading","910212'"," -- With opto-electronic display only","8","1","R","0","0","","","","0","0","0","0","0","0"
"5384","","HS 2007","Harmonized System 2007","Gabon","266'","2019","1","91021900'","  "," -- Autres","91'","Clocks and watches and parts thereof","9102'","Wrist-watches, pocket-watches and other watches, including stop-watches, other than those of heading","910219'"," -- Other","8","1","R","0","0","","","","0","0","0","0","0","0"
"5385","","HS 2007","Harmonized System 2007","Gabon","266'","2019","1","91022100'","  "," -- A remontage automatique","91'","Clocks and watches and parts thereof","9102'","Wrist-watches, pocket-watches and other watches, including stop-watches, other than those of heading","910221'"," -- With automatic winding","8","1","R","0","0","","","","0","0","0","0","0","0"
"5386","","HS 2007","Harmonized System 2007","Gabon","266'","2019","1","91022900'","  "," -- Autres","91'","Clocks and watches and parts thereof","9102'","Wrist-watches, pocket-watches and other watches, including stop-watches, other than those of heading","910229'"," -- Other","8","1","R","0","0","","","","0","0","0","0","0","0"
"5387","","HS 2007","Harmonized System 2007","Gabon","266'","2019","1","91029100'","  "," -- Fonctionnant ?lectriquement","91'","Clocks and watches and parts thereof","9102'","Wrist-watches, pocket-watches and other watches, including stop-watches, other than those of heading","910291'"," -- Electrically operated","8","1","R","0","0","","","","0","0","0","0","0","0"
"5388","","HS 2007","Harmonized System 2007","Gabon","266'","2019","1","91029900'","  "," -- Autres","91'","Clocks and watches and parts thereof","9102'","Wrist-watches, pocket-watches and other watches, including stop-watches, other than those of heading","910299'"," -- Other","8","1","R","0","0","","","","0","0","0","0","0","0"
"5389","","HS 2007","Harmonized System 2007","Gabon","266'","2019","1","91031000'","  "," - Fonctionnant ?lectriquement","91'","Clocks and watches and parts thereof","9103'","Clocks with watch movements, excluding clocks of heading 91.04.","910310'"," - Electrically operated","8","1","R","0","0","","","","0","0","0","0","0","0"
"5390","","HS 2007","Harmonized System 2007","Gabon","266'","2019","1","91039000'","  "," - Autres","91'","Clocks and watches and parts thereof","9103'","Clocks with watch movements, excluding clocks of heading 91.04.","910390'"," - Other","8","1","R","0","0","","","","0","0","0","0","0","0"
"5391","","HS 2007","Harmonized System 2007","Gabon","266'","2019","1","91040000'","  "," Montres de tableaux de bord et montres similaires, pour automobiles, v?hicules a?riens, bateaux ou autres v?hicules.","91'","Clocks and watches and parts thereof","9104'","Instrument panel clocks and clocks of a similar type for vehicles, aircraft, spacecraft or vessels.","910400'"," Instrument panel clocks and clocks of a similar type for vehicles, aircraft, spacecraft or vessels.","8","1","R","0","0","","","","0","0","0","0","0","0"
"5392","","HS 2007","Harmonized System 2007","Gabon","266'","2019","1","91051100'","  "," -- Fonctionnant ?lectriquement","91'","Clocks and watches and parts thereof","9105'","Other clocks.","910511'"," -- Electrically operated","8","1","R","0","0","","","","0","0","0","0","0","0"
"5393","","HS 2007","Harmonized System 2007","Gabon","266'","2019","1","91051900'","  "," -- Autres","91'","Clocks and watches and parts thereof","9105'","Other clocks.","910519'"," -- Other","8","1","R","0","0","","","","0","0","0","0","0","0"
"5394","","HS 2007","Harmonized System 2007","Gabon","266'","2019","1","91052100'","  "," -- Fonctionnant ?lectriquement","91'","Clocks and watches and parts thereof","9105'","Other clocks.","910521'"," -- Electrically operated","8","1","R","0","0","","","","0","0","0","0","0","0"
"5395","","HS 2007","Harmonized System 2007","Gabon","266'","2019","1","91052900'","  "," -- Autres","91'","Clocks and watches and parts thereof","9105'","Other clocks.","910529'"," -- Other","8","1","R","0","0","","","","0","0","0","0","0","0"
"5396","","HS 2007","Harmonized System 2007","Gabon","266'","2019","1","91059100'","  "," -- Fonctionnant ?lectriquement","91'","Clocks and watches and parts thereof","9105'","Other clocks.","910591'"," -- Electrically operated","8","1","R","0","0","","","","0","0","0","0","0","0"
"5397","","HS 2007","Harmonized System 2007","Gabon","266'","2019","1","91059900'","  "," -- Autres","91'","Clocks and watches and parts thereof","9105'","Other clocks.","910599'"," -- Other","8","1","R","0","0","","","","0","0","0","0","0","0"
"5398","","HS 2007","Harmonized System 2007","Gabon","266'","2019","1","91061000'","  "," - Horloges de pointage; horodateurs et horocompteurs","91'","Clocks and watches and parts thereof","9106'","Time of day recording apparatus and apparatus for measuring, recording or otherwise indicating inter","910610'"," - Time-registers; time-recorders","8","1","R","0","0","","","","0","0","0","0","0","0"
"5399","","HS 2007","Harmonized System 2007","Gabon","266'","2019","1","91069000'","  "," - Autres","91'","Clocks and watches and parts thereof","9106'","Time of day recording apparatus and apparatus for measuring, recording or otherwise indicating inter","910690'"," - Other","8","1","R","0","0","","","","0","0","0","0","0","0"
"5400","","HS 2007","Harmonized System 2007","Gabon","266'","2019","1","91070000'","  "," Interrupteurs horaires et autres appareils permettant de d?clencher un m?canisme ? temps donn?, munis d'un mouvement d'horlogerie ou d'un moteur synchrone.","91'","Clocks and watches and parts thereof","9107'","Time switches with clock or watch movement or with synchronous motor.","910700'"," Time switches with clock or watch movement or with synchronous motor.","8","1","R","0","0","","","","0","0","0","0","0","0"
"5401","","HS 2007","Harmonized System 2007","Gabon","266'","2019","1","91081100'","  "," -- A affichage m?canique seulement ou avec un dispositif qui permette d'incorporer un affichage m?canique","91'","Clocks and watches and parts thereof","9108'","Watch movements, complete and assembled.","910811'"," -- With mechanical display only or with a device to which a mechanical display can be incorporated","8","1","R","0","0","","","","0","0","0","0","0","0"
"5402","","HS 2007","Harmonized System 2007","Gabon","266'","2019","1","91081200'","  "," -- A affichage opto?lectronique seulement","91'","Clocks and watches and parts thereof","9108'","Watch movements, complete and assembled.","910812'"," -- With opto-electronic display only","8","1","R","0","0","","","","0","0","0","0","0","0"
"5403","","HS 2007","Harmonized System 2007","Gabon","266'","2019","1","91081900'","  "," -- Autres","91'","Clocks and watches and parts thereof","9108'","Watch movements, complete and assembled.","910819'"," -- Other","8","1","R","0","0","","","","0","0","0","0","0","0"
"5404","","HS 2007","Harmonized System 2007","Gabon","266'","2019","1","91082000'","  "," - A remontage automatique","91'","Clocks and watches and parts thereof","9108'","Watch movements, complete and assembled.","910820'"," - With automatic winding","8","1","R","0","0","","","","0","0","0","0","0","0"
"5405","","HS 2007","Harmonized System 2007","Gabon","266'","2019","1","91089000'","  "," - Autres","91'","Clocks and watches and parts thereof","9108'","Watch movements, complete and assembled.","910890'"," - Other","8","1","R","0","0","","","","0","0","0","0","0","0"
"5406","","HS 2007","Harmonized System 2007","Gabon","266'","2019","1","91091100'","  "," -- De r?veils","91'","Clocks and watches and parts thereof","9109'","Clock movements, complete and assembled.","910911'"," -- Of alarm clocks","8","1","R","0","0","","","","0","0","0","0","0","0"
"5407","","HS 2007","Harmonized System 2007","Gabon","266'","2019","1","91091900'","  "," -- Autres","91'","Clocks and watches and parts thereof","9109'","Clock movements, complete and assembled.","910919'"," -- Other","8","1","R","0","0","","","","0","0","0","0","0","0"
"5408","","HS 2007","Harmonized System 2007","Gabon","266'","2019","1","91099000'","  "," - Autres","91'","Clocks and watches and parts thereof","9109'","Clock movements, complete and assembled.","910990'"," - Other","8","1","R","0","0","","","","0","0","0","0","0","0"
"5409","","HS 2007","Harmonized System 2007","Gabon","266'","2019","1","91101100'","  "," -- Mouvements complets, non assembl?s ou partiellement assembl?s (chablons)","91'","Clocks and watches and parts thereof","9110'","Complete watch or clock movements, unassembled or partly assembled (movement sets); incomplete watch","911011'"," -- Complete movements, unassembled or partly assembled (movement sets)","8","1","R","0","0","","","","0","0","0","0","0","0"
"5410","","HS 2007","Harmonized System 2007","Gabon","266'","2019","1","91101200'","  "," -- Mouvements incomplets, assembl?s","91'","Clocks and watches and parts thereof","9110'","Complete watch or clock movements, unassembled or partly assembled (movement sets); incomplete watch","911012'"," -- Incomplete movements, assembled","8","1","R","0","0","","","","0","0","0","0","0","0"
"5411","","HS 2007","Harmonized System 2007","Gabon","266'","2019","1","91101900'","  "," -- Ebauches","91'","Clocks and watches and parts thereof","9110'","Complete watch or clock movements, unassembled or partly assembled (movement sets); incomplete watch","911019'"," -- Rough movements","8","1","R","0","0","","","","0","0","0","0","0","0"
"5412","","HS 2007","Harmonized System 2007","Gabon","266'","2019","1","91109000'","  "," - Autres","91'","Clocks and watches and parts thereof","9110'","Complete watch or clock movements, unassembled or partly assembled (movement sets); incomplete watch","911090'"," - Other","8","1","R","0","0","","","","0","0","0","0","0","0"
"5413","","HS 2007","Harmonized System 2007","Gabon","266'","2019","1","91111000'","  "," - Bo?tes en m?taux pr?cieux ou en plaqu?s ou doubl?s de m?taux pr?cieux","91'","Clocks and watches and parts thereof","9111'","Watch cases and parts thereof.","911110'"," - Cases of precious metal or of metal clad with precious metal","8","1","R","0","0","","","","0","0","0","0","0","0"
"5414","","HS 2007","Harmonized System 2007","Gabon","266'","2019","1","91112000'","  "," - Bo?tes en m?taux communs, m?me dor?s ou argent?s","91'","Clocks and watches and parts thereof","9111'","Watch cases and parts thereof.","911120'"," - Cases of base metal, whether or not gold- or silver-plated","8","1","R","0","0","","","","0","0","0","0","0","0"
"5415","","HS 2007","Harmonized System 2007","Gabon","266'","2019","1","91118000'","  "," - Autres bo?tes","91'","Clocks and watches and parts thereof","9111'","Watch cases and parts thereof.","911180'"," - Other cases","8","1","R","0","0","","","","0","0","0","0","0","0"
"5416","","HS 2007","Harmonized System 2007","Gabon","266'","2019","1","91119000'","  "," - Parties","91'","Clocks and watches and parts thereof","9111'","Watch cases and parts thereof.","911190'"," - Parts","8","1","R","0","0","","","","0","0","0","0","0","0"
"5417","","HS 2007","Harmonized System 2007","Gabon","266'","2019","1","91122000'","  "," - Cages et cabinets","91'","Clocks and watches and parts thereof","9112'","Clock cases and cases of a similar type for other goods of this Chapter, and parts thereof.","911220'"," - Cases","8","1","R","0","0","","","","0","0","0","0","0","0"
"5418","","HS 2007","Harmonized System 2007","Gabon","266'","2019","1","91129000'","  "," - Parties","91'","Clocks and watches and parts thereof","9112'","Clock cases and cases of a similar type for other goods of this Chapter, and parts thereof.","911290'"," - Parts","8","1","R","0","0","","","","0","0","0","0","0","0"
"5419","","HS 2007","Harmonized System 2007","Gabon","266'","2019","1","91131000'","  "," - En m?taux pr?cieux ou en plaqu?s ou doubl?s de m?taux pr?cieux","91'","Clocks and watches and parts thereof","9113'","Watch straps, watch bands and watch bracelets, and parts thereof.","911310'"," - Of precious metal or of metal clad with precious metal","8","1","R","0","0","","","","0","0","0","0","0","0"
"5420","","HS 2007","Harmonized System 2007","Gabon","266'","2019","1","91132000'","  "," - En m?taux communs, m?me dor?s ou argent?s","91'","Clocks and watches and parts thereof","9113'","Watch straps, watch bands and watch bracelets, and parts thereof.","911320'"," - Of base metal, whether or not gold- or silver-plated","8","1","R","0","0","","","","0","0","0","0","0","0"
"5421","","HS 2007","Harmonized System 2007","Gabon","266'","2019","1","91139000'","  "," - Autres","91'","Clocks and watches and parts thereof","9113'","Watch straps, watch bands and watch bracelets, and parts thereof.","911390'"," - Other","8","1","R","0","0","","","","0","0","0","0","0","0"
"5422","","HS 2007","Harmonized System 2007","Gabon","266'","2019","1","91141000'","  "," - Ressorts, y compris les spiraux","91'","Clocks and watches and parts thereof","9114'","Other clock or watch parts.","911410'"," - Springs, including hair-springs","8","1","R","0","0","","","","0","0","0","0","0","0"
"5423","","HS 2007","Harmonized System 2007","Gabon","266'","2019","1","91142000'","  "," - Pierres","91'","Clocks and watches and parts thereof","9114'","Other clock or watch parts.","911420'"," - Jewels","8","1","R","0","0","","","","0","0","0","0","0","0"
"5424","","HS 2007","Harmonized System 2007","Gabon","266'","2019","1","91143000'","  "," - Cadrans","91'","Clocks and watches and parts thereof","9114'","Other clock or watch parts.","911430'"," - Dials","8","1","R","0","0","","","","0","0","0","0","0","0"
"5425","","HS 2007","Harmonized System 2007","Gabon","266'","2019","1","91144000'","  "," - Platines et ponts","91'","Clocks and watches and parts thereof","9114'","Other clock or watch parts.","911440'"," - Plates and bridges","8","1","R","0","0","","","","0","0","0","0","0","0"
"5426","","HS 2007","Harmonized System 2007","Gabon","266'","2019","1","91149000'","  "," - Autres","91'","Clocks and watches and parts thereof","9114'","Other clock or watch parts.","911490'"," - Other","8","1","R","0","0","","","","0","0","0","0","0","0"
"5427","","HS 2007","Harmonized System 2007","Gabon","266'","2019","1","92011000'","  "," - Pianos droits","92'","Musical instruments; parts and accessories of such articles","9201'","Pianos, including automatic pianos; harpsichords and other keyboard stringed instruments.","920110'"," - Upright pianos","8","1","R","0","0","","","","0","0","0","0","0","0"
"5428","","HS 2007","Harmonized System 2007","Gabon","266'","2019","1","92012000'","  "," - Pianos ? queue","92'","Musical instruments; parts and accessories of such articles","9201'","Pianos, including automatic pianos; harpsichords and other keyboard stringed instruments.","920120'"," - Grand pianos","8","1","R","0","0","","","","0","0","0","0","0","0"
"5429","","HS 2007","Harmonized System 2007","Gabon","266'","2019","1","92019000'","  "," - Autres","92'","Musical instruments; parts and accessories of such articles","9201'","Pianos, including automatic pianos; harpsichords and other keyboard stringed instruments.","920190'"," - Other","8","1","R","0","0","","","","0","0","0","0","0","0"
"5430","","HS 2007","Harmonized System 2007","Gabon","266'","2019","1","92021000'","  "," - A cordes frott?es ? l'aide d'un archet","92'","Musical instruments; parts and accessories of such articles","9202'","Other string musical instruments (for example, guitars, violins, harps).","920210'"," - Played with a bow","8","1","R","0","0","","","","0","0","0","0","0","0"
"5431","","HS 2007","Harmonized System 2007","Gabon","266'","2019","1","92029000'","  "," - Autres","92'","Musical instruments; parts and accessories of such articles","9202'","Other string musical instruments (for example, guitars, violins, harps).","920290'"," - Other","8","1","R","0","0","","","","0","0","0","0","0","0"
"5432","","HS 2007","Harmonized System 2007","Gabon","266'","2019","1","92051000'","  "," - Instruments dits ? cuivres ?","92'","Musical instruments; parts and accessories of such articles","9205'","Other wind musical instruments (for example, clarinets, trumpets, bagpipes).","920510'"," - Brass-wind instruments","8","1","R","0","0","","","","0","0","0","0","0","0"
"5433","","HS 2007","Harmonized System 2007","Gabon","266'","2019","1","92059000'","  "," - Autres","92'","Musical instruments; parts and accessories of such articles","9205'","Other wind musical instruments (for example, clarinets, trumpets, bagpipes).","920590'"," - Other","8","1","R","0","0","","","","0","0","0","0","0","0"
"5434","","HS 2007","Harmonized System 2007","Gabon","266'","2019","1","92060000'","  "," Instruments de musique ? percussion (tambours, caisses, xylophones, cymbales, castagnettes, maracas, par exemple).","92'","Musical instruments; parts and accessories of such articles","9206'","Percussion musical instruments (for example, drums, xylophones, cymbals, castanets, maracas).","920600'"," Percussion musical instruments (for example, drums, xylophones, cymbals, castanets, maracas).","8","1","R","0","0","","","","0","0","0","0","0","0"
"5435","","HS 2007","Harmonized System 2007","Gabon","266'","2019","1","92071000'","  "," - Instruments ? clavier, autres que les accord?ons","92'","Musical instruments; parts and accessories of such articles","9207'","Musical instruments, the sound of which is produced, or must be amplified, electrically (for example","920710'"," - Keyboard instruments, other than accordions","8","1","R","0","0","","","","0","0","0","0","0","0"
"5436","","HS 2007","Harmonized System 2007","Gabon","266'","2019","1","92079000'","  "," - Autres","92'","Musical instruments; parts and accessories of such articles","9207'","Musical instruments, the sound of which is produced, or must be amplified, electrically (for example","920790'"," - Other","8","1","R","0","0","","","","0","0","0","0","0","0"
"5437","","HS 2007","Harmonized System 2007","Gabon","266'","2019","1","92081000'","  "," - Bo?tes ? musique","92'","Musical instruments; parts and accessories of such articles","9208'","Musical boxes, fairground organs, mechanical street organs, mechanical singing birds, musical saws a","920810'"," - Musical boxes","8","1","R","0","0","","","","0","0","0","0","0","0"
"5438","","HS 2007","Harmonized System 2007","Gabon","266'","2019","1","92089000'","  "," - Autres","92'","Musical instruments; parts and accessories of such articles","9208'","Musical boxes, fairground organs, mechanical street organs, mechanical singing birds, musical saws a","920890'"," - Other","8","1","R","0","0","","","","0","0","0","0","0","0"
"5439","","HS 2007","Harmonized System 2007","Gabon","266'","2019","1","92093000'","  "," - Cordes harmoniques","92'","Musical instruments; parts and accessories of such articles","9209'","Parts (for example, mechanisms for musical boxes) and accessories (for example, cards, discs and rol","920930'"," - Musical instrument strings","8","1","R","0","0","","","","0","0","0","0","0","0"
"5440","","HS 2007","Harmonized System 2007","Gabon","266'","2019","1","92099100'","  "," -- Parties et accessoires de pianos","92'","Musical instruments; parts and accessories of such articles","9209'","Parts (for example, mechanisms for musical boxes) and accessories (for example, cards, discs and rol","920991'"," -- Parts and accessories for pianos","8","1","R","0","0","","","","0","0","0","0","0","0"
"5441","","HS 2007","Harmonized System 2007","Gabon","266'","2019","1","92099200'","  "," -- Parties et accessoires des instruments de musique du n? 92.02","92'","Musical instruments; parts and accessories of such articles","9209'","Parts (for example, mechanisms for musical boxes) and accessories (for example, cards, discs and rol","920992'"," -- Parts and accessories for the musical instruments of heading 92.02","8","1","R","0","0","","","","0","0","0","0","0","0"
"5442","","HS 2007","Harmonized System 2007","Gabon","266'","2019","1","92099400'","  "," -- Parties et accessoires des instruments de musique du n? 92.07","92'","Musical instruments; parts and accessories of such articles","9209'","Parts (for example, mechanisms for musical boxes) and accessories (for example, cards, discs and rol","920994'"," -- Parts and accessories for the musical instruments of heading 92.07","8","1","R","0","0","","","","0","0","0","0","0","0"
"5443","","HS 2007","Harmonized System 2007","Gabon","266'","2019","1","92099900'","  "," -- Autres","92'","Musical instruments; parts and accessories of such articles","9209'","Parts (for example, mechanisms for musical boxes) and accessories (for example, cards, discs and rol","920999'"," -- Other","8","1","R","0","0","","","","0","0","0","0","0","0"
"5444","","HS 2007","Harmonized System 2007","Gabon","266'","2019","1","93011100'","  "," -- Auto-propuls?es","93'","Arms and ammunition; parts and accessories thereof","9301'","Military weapons, other than revolvers, pistols and the arms of heading 93.07.","930111'"," -- Self-propelled","8","1","R","0","0","","","","0","0","0","0","0","0"
"5445","","HS 2007","Harmonized System 2007","Gabon","266'","2019","1","93011900'","  "," -- Autres","93'","Arms and ammunition; parts and accessories thereof","9301'","Military weapons, other than revolvers, pistols and the arms of heading 93.07.","930119'"," -- Other","8","1","R","0","0","","","","0","0","0","0","0","0"
"5446","","HS 2007","Harmonized System 2007","Gabon","266'","2019","1","93012000'","  "," - Tubes lance-missiles; lance-flammes; lance-grenades; lance-torpilles et lanceurs similaires","93'","Arms and ammunition; parts and accessories thereof","9301'","Military weapons, other than revolvers, pistols and the arms of heading 93.07.","930120'"," - Rocket launchers; flame-throwers; grenade launchers; torpedo tubes and similar projectors","8","1","R","0","0","","","","0","0","0","0","0","0"
"5447","","HS 2007","Harmonized System 2007","Gabon","266'","2019","1","93019000'","  "," - Autres","93'","Arms and ammunition; parts and accessories thereof","9301'","Military weapons, other than revolvers, pistols and the arms of heading 93.07.","930190'"," - Other","8","1","R","0","0","","","","0","0","0","0","0","0"
"5448","","HS 2007","Harmonized System 2007","Gabon","266'","2019","1","93020000'","  "," Revolvers et pistolets, autres que ceux des n?s 93.03 ou 93.04.","93'","Arms and ammunition; parts and accessories thereof","9302'","Revolvers and pistols, other than those of heading?93.03 or 93.04.","930200'"," Revolvers and pistols, other than those of heading?93.03 or 93.04.","8","1","R","0","0","","","","0","0","0","0","0","0"
"5449","","HS 2007","Harmonized System 2007","Gabon","266'","2019","1","93031000'","  "," - Armes ? feu ne pouvant ?tre charg?es que par le canon","93'","Arms and ammunition; parts and accessories thereof","9303'","Other firearms and similar devices which operate by the firing of an explosive charge (for example, ","930310'"," - Muzzle-loading firearms","8","1","R","0","0","","","","0","0","0","0","0","0"
"5450","","HS 2007","Harmonized System 2007","Gabon","266'","2019","1","93032000'","  "," - Autres fusils et carabines de chasse ou de tir sportif comportant au moins un canon lisse","93'","Arms and ammunition; parts and accessories thereof","9303'","Other firearms and similar devices which operate by the firing of an explosive charge (for example, ","930320'"," - Other sporting, hunting or target-shooting shotguns, including combination shotgun-rifles","8","1","R","0","0","","","","0","0","0","0","0","0"
"5451","","HS 2007","Harmonized System 2007","Gabon","266'","2019","1","93033000'","  "," - Autres fusils et carabines de chasse ou de tir sportif","93'","Arms and ammunition; parts and accessories thereof","9303'","Other firearms and similar devices which operate by the firing of an explosive charge (for example, ","930330'"," - Other sporting, hunting or target-shooting rifles","8","1","R","0","0","","","","0","0","0","0","0","0"
"5452","","HS 2007","Harmonized System 2007","Gabon","266'","2019","1","93039000'","  "," - Autres","93'","Arms and ammunition; parts and accessories thereof","9303'","Other firearms and similar devices which operate by the firing of an explosive charge (for example, ","930390'"," - Other","8","1","R","0","0","","","","0","0","0","0","0","0"
"5453","","HS 2007","Harmonized System 2007","Gabon","266'","2019","1","93040000'","  "," Autres armes (fusils, carabines et pistolets ? ressort, ? air comprim? ou ? gaz, matraques, par exemple), ? l'exclusion de celles du n? 93.07.","93'","Arms and ammunition; parts and accessories thereof","9304'","Other arms (for example, spring, air or gas guns and pistols, truncheons), excluding those of headin","930400'"," Other arms (for example, spring, air or gas guns and pistols, truncheons), excluding those of headin","8","1","R","0","0","","","","0","0","0","0","0","0"
"5454","","HS 2007","Harmonized System 2007","Gabon","266'","2019","1","93051000'","  "," - De revolvers ou pistolets","93'","Arms and ammunition; parts and accessories thereof","9305'","Parts and accessories of articles of headings 93.01 to 93.04.","930510'"," - Of revolvers or pistols","8","1","R","0","0","","","","0","0","0","0","0","0"
"5455","","HS 2007","Harmonized System 2007","Gabon","266'","2019","1","93052100'","  "," -- Canons lisses","93'","Arms and ammunition; parts and accessories thereof","9305'","Parts and accessories of articles of headings 93.01 to 93.04.","930521'"," -- Shotgun barrels","8","1","R","0","0","","","","0","0","0","0","0","0"
"5456","","HS 2007","Harmonized System 2007","Gabon","266'","2019","1","93052900'","  "," -- Autres","93'","Arms and ammunition; parts and accessories thereof","9305'","Parts and accessories of articles of headings 93.01 to 93.04.","930529'"," -- Other","8","1","R","0","0","","","","0","0","0","0","0","0"
"5457","","HS 2007","Harmonized System 2007","Gabon","266'","2019","1","93059100'","  "," -- Des armes de guerre du n? 93.01","93'","Arms and ammunition; parts and accessories thereof","9305'","Parts and accessories of articles of headings 93.01 to 93.04.","930591'"," -- Of military weapons of heading 93.01","8","1","R","0","0","","","","0","0","0","0","0","0"
"5458","","HS 2007","Harmonized System 2007","Gabon","266'","2019","1","93059900'","  "," -- Autres","93'","Arms and ammunition; parts and accessories thereof","9305'","Parts and accessories of articles of headings 93.01 to 93.04.","930599'"," -- Other","8","1","R","0","0","","","","0","0","0","0","0","0"
"5459","","HS 2007","Harmonized System 2007","Gabon","266'","2019","1","93062100'","  "," -- Cartouches","93'","Arms and ammunition; parts and accessories thereof","9306'","Bombs, grenades, torpedoes, mines, missiles and similar munitions of war and parts thereof; cartridg","930621'"," -- Cartridges","8","1","R","0","0","","","","0","0","0","0","0","0"
"5460","","HS 2007","Harmonized System 2007","Gabon","266'","2019","1","93062910'","  "," Douilles","93'","Arms and ammunition; parts and accessories thereof","9306'","Bombs, grenades, torpedoes, mines, missiles and similar munitions of war and parts thereof; cartridg","930629'"," -- Other","8","1","R","0","0","","","","0","0","0","0","0","0"
"5461","","HS 2007","Harmonized System 2007","Gabon","266'","2019","1","93062990'","  "," plombs pour carabines ? air comprim?","93'","Arms and ammunition; parts and accessories thereof","9306'","Bombs, grenades, torpedoes, mines, missiles and similar munitions of war and parts thereof; cartridg","930629'"," -- Other","8","1","R","0","0","","","","0","0","0","0","0","0"
"5462","","HS 2007","Harmonized System 2007","Gabon","266'","2019","1","93063000'","  "," - Autres cartouches et leurs parties","93'","Arms and ammunition; parts and accessories thereof","9306'","Bombs, grenades, torpedoes, mines, missiles and similar munitions of war and parts thereof; cartridg","930630'"," - Other cartridges and parts thereof","8","1","R","0","0","","","","0","0","0","0","0","0"
"5463","","HS 2007","Harmonized System 2007","Gabon","266'","2019","1","93069000'","  "," - Autres","93'","Arms and ammunition; parts and accessories thereof","9306'","Bombs, grenades, torpedoes, mines, missiles and similar munitions of war and parts thereof; cartridg","930690'"," - Other","8","1","R","0","0","","","","0","0","0","0","0","0"
"5464","","HS 2007","Harmonized System 2007","Gabon","266'","2019","1","93070000'","  "," Sabres, ?p?es, ba?onnettes, lances et autres armes blanches, leurs parties et leurs fourreaux.","93'","Arms and ammunition; parts and accessories thereof","9307'","Swords, cutlasses, bayonets, lances and similar arms and parts thereof and scabbards and sheaths the","930700'"," Swords, cutlasses, bayonets, lances and similar arms and parts thereof and scabbards and sheaths the","8","1","R","0","0","","","","0","0","0","0","0","0"
"5465","","HS 2007","Harmonized System 2007","Gabon","266'","2019","1","94011000'","  "," - Si?ges des types utilis?s pour v?hicules a?riens","94'","Furniture; bedding, mattresses, mattress supports, cushions and similar stuffed furnishings; lamps a","9401'","Seats (other than those of heading 94.02), whether or not convertible into beds, and parts thereof.","940110'"," - Seats of a kind used for aircraft","8","1","R","0","0","","","","0","0","0","0","0","0"
"5466","","HS 2007","Harmonized System 2007","Gabon","266'","2019","1","94012000'","  "," - Si?ges des types utilis?s pour v?hicules automobiles","94'","Furniture; bedding, mattresses, mattress supports, cushions and similar stuffed furnishings; lamps a","9401'","Seats (other than those of heading 94.02), whether or not convertible into beds, and parts thereof.","940120'"," - Seats of a kind used for motor vehicles","8","1","R","0","0","","","","0","0","0","0","0","0"
"5467","","HS 2007","Harmonized System 2007","Gabon","266'","2019","1","94013000'","  "," - Si?ges pivotants, ajustables en hauteur","94'","Furniture; bedding, mattresses, mattress supports, cushions and similar stuffed furnishings; lamps a","9401'","Seats (other than those of heading 94.02), whether or not convertible into beds, and parts thereof.","940130'"," - Swivel seats with variable height adjustment","8","1","R","0","0","","","","0","0","0","0","0","0"
"5468","","HS 2007","Harmonized System 2007","Gabon","266'","2019","1","94014000'","  "," - Si?ges autres que le mat?riel de camping ou de jardin, transformables en lits","94'","Furniture; bedding, mattresses, mattress supports, cushions and similar stuffed furnishings; lamps a","9401'","Seats (other than those of heading 94.02), whether or not convertible into beds, and parts thereof.","940140'"," - Seats other than garden seats or camping equipment, convertible into beds","8","1","R","0","0","","","","0","0","0","0","0","0"
"5469","","HS 2007","Harmonized System 2007","Gabon","266'","2019","1","94015100'","  "," -- En bambou ou en rotin","94'","Furniture; bedding, mattresses, mattress supports, cushions and similar stuffed furnishings; lamps a","9401'","Seats (other than those of heading 94.02), whether or not convertible into beds, and parts thereof.","940151'"," -- Of bamboo or rattan","8","1","R","0","0","","","","0","0","0","0","0","0"
"5470","","HS 2007","Harmonized System 2007","Gabon","266'","2019","1","94015900'","  "," -- Autres","94'","Furniture; bedding, mattresses, mattress supports, cushions and similar stuffed furnishings; lamps a","9401'","Seats (other than those of heading 94.02), whether or not convertible into beds, and parts thereof.","940159'"," -- Other","8","1","R","0","0","","","","0","0","0","0","0","0"
"5471","","HS 2007","Harmonized System 2007","Gabon","266'","2019","1","94016100'","  "," -- Rembourr?s","94'","Furniture; bedding, mattresses, mattress supports, cushions and similar stuffed furnishings; lamps a","9401'","Seats (other than those of heading 94.02), whether or not convertible into beds, and parts thereof.","940161'"," -- Upholstered","8","1","R","0","0","","","","0","0","0","0","0","0"
"5472","","HS 2007","Harmonized System 2007","Gabon","266'","2019","1","94016900'","  "," -- Autres","94'","Furniture; bedding, mattresses, mattress supports, cushions and similar stuffed furnishings; lamps a","9401'","Seats (other than those of heading 94.02), whether or not convertible into beds, and parts thereof.","940169'"," -- Other","8","1","R","0","0","","","","0","0","0","0","0","0"
"5473","","HS 2007","Harmonized System 2007","Gabon","266'","2019","1","94017100'","  "," -- Rembourr?s","94'","Furniture; bedding, mattresses, mattress supports, cushions and similar stuffed furnishings; lamps a","9401'","Seats (other than those of heading 94.02), whether or not convertible into beds, and parts thereof.","940171'"," -- Upholstered","8","1","R","0","0","","","","0","0","0","0","0","0"
"5474","","HS 2007","Harmonized System 2007","Gabon","266'","2019","1","94017900'","  "," -- Autres","94'","Furniture; bedding, mattresses, mattress supports, cushions and similar stuffed furnishings; lamps a","9401'","Seats (other than those of heading 94.02), whether or not convertible into beds, and parts thereof.","940179'"," -- Other","8","1","R","0","0","","","","0","0","0","0","0","0"
"5475","","HS 2007","Harmonized System 2007","Gabon","266'","2019","1","94018000'","  "," - Autres si?ges","94'","Furniture; bedding, mattresses, mattress supports, cushions and similar stuffed furnishings; lamps a","9401'","Seats (other than those of heading 94.02), whether or not convertible into beds, and parts thereof.","940180'"," - Other seats","8","1","R","0","0","","","","0","0","0","0","0","0"
"5476","","HS 2007","Harmonized System 2007","Gabon","266'","2019","1","94019000'","  "," - Parties","94'","Furniture; bedding, mattresses, mattress supports, cushions and similar stuffed furnishings; lamps a","9401'","Seats (other than those of heading 94.02), whether or not convertible into beds, and parts thereof.","940190'"," - Parts","8","1","R","0","0","","","","0","0","0","0","0","0"
"5477","","HS 2007","Harmonized System 2007","Gabon","266'","2019","1","94021020'","  "," fauteuils pr salons de coiffures & fauteuils similaires & leurs parties","94'","Furniture; bedding, mattresses, mattress supports, cushions and similar stuffed furnishings; lamps a","9402'","Medical, surgical, dental or veterinary furniture (for example, operating tables, examination tables","940210'"," - Dentists', barbers' or similar chairs and parts thereof","8","1","R","0","0","","","","0","0","0","0","0","0"
"5478","","HS 2007","Harmonized System 2007","Gabon","266'","2019","1","94029000'","  "," - Autres","94'","Furniture; bedding, mattresses, mattress supports, cushions and similar stuffed furnishings; lamps a","9402'","Medical, surgical, dental or veterinary furniture (for example, operating tables, examination tables","940290'"," - Other","8","1","R","0","0","","","","0","0","0","0","0","0"
"5479","","HS 2007","Harmonized System 2007","Gabon","266'","2019","1","94031000'","  "," - Meubles en m?tal des types utilis?s dans les bureaux","94'","Furniture; bedding, mattresses, mattress supports, cushions and similar stuffed furnishings; lamps a","9403'","Other furniture and parts thereof.","940310'"," - Metal furniture of a kind used in offices","8","1","R","0","0","","","","0","0","0","0","0","0"
"5480","","HS 2007","Harmonized System 2007","Gabon","266'","2019","1","94032000'","  "," - Autres meubles en m?tal","94'","Furniture; bedding, mattresses, mattress supports, cushions and similar stuffed furnishings; lamps a","9403'","Other furniture and parts thereof.","940320'"," - Other metal furniture","8","1","R","0","0","","","","0","0","0","0","0","0"
"5481","","HS 2007","Harmonized System 2007","Gabon","266'","2019","1","94033000'","  "," - Meubles en bois des types utilis?s dans les bureaux","94'","Furniture; bedding, mattresses, mattress supports, cushions and similar stuffed furnishings; lamps a","9403'","Other furniture and parts thereof.","940330'"," - Wooden furniture of a kind used in offices","8","1","R","0","0","","","","0","0","0","0","0","0"
"5482","","HS 2007","Harmonized System 2007","Gabon","266'","2019","1","94034000'","  "," - Meubles en bois des types utilis?s dans les cuisines","94'","Furniture; bedding, mattresses, mattress supports, cushions and similar stuffed furnishings; lamps a","9403'","Other furniture and parts thereof.","940340'"," - Wooden furniture of a kind used in the kitchen","8","1","R","0","0","","","","0","0","0","0","0","0"
"5483","","HS 2007","Harmonized System 2007","Gabon","266'","2019","1","94035000'","  "," - Meubles en bois des types utilis?s dans les chambres ? coucher","94'","Furniture; bedding, mattresses, mattress supports, cushions and similar stuffed furnishings; lamps a","9403'","Other furniture and parts thereof.","940350'"," - Wooden furniture of a kind used in the bedroom","8","1","R","0","0","","","","0","0","0","0","0","0"
"5484","","HS 2007","Harmonized System 2007","Gabon","266'","2019","1","94036000'","  "," - Autres meubles en bois","94'","Furniture; bedding, mattresses, mattress supports, cushions and similar stuffed furnishings; lamps a","9403'","Other furniture and parts thereof.","940360'"," - Other wooden furniture","8","1","R","0","0","","","","0","0","0","0","0","0"
"5485","","HS 2007","Harmonized System 2007","Gabon","266'","2019","1","94037000'","  "," - Meubles en mati?res plastiques","94'","Furniture; bedding, mattresses, mattress supports, cushions and similar stuffed furnishings; lamps a","9403'","Other furniture and parts thereof.","940370'"," - Furniture of plastics","8","1","R","0","0","","","","0","0","0","0","0","0"
"5486","","HS 2007","Harmonized System 2007","Gabon","266'","2019","1","94038100'","  "," -- En bambou ou en rotin","94'","Furniture; bedding, mattresses, mattress supports, cushions and similar stuffed furnishings; lamps a","9403'","Other furniture and parts thereof.","940381'"," -- Of bamboo or rattan","8","1","R","0","0","","","","0","0","0","0","0","0"
"5487","","HS 2007","Harmonized System 2007","Gabon","266'","2019","1","94038900'","  "," -- Autres","94'","Furniture; bedding, mattresses, mattress supports, cushions and similar stuffed furnishings; lamps a","9403'","Other furniture and parts thereof.","940389'"," -- Other","8","1","R","0","0","","","","0","0","0","0","0","0"
"5488","","HS 2007","Harmonized System 2007","Gabon","266'","2019","1","94039000'","  "," - Parties","94'","Furniture; bedding, mattresses, mattress supports, cushions and similar stuffed furnishings; lamps a","9403'","Other furniture and parts thereof.","940390'"," - Parts","8","1","R","0","0","","","","0","0","0","0","0","0"
"5489","","HS 2007","Harmonized System 2007","Gabon","266'","2019","1","94041000'","  "," - Sommiers","94'","Furniture; bedding, mattresses, mattress supports, cushions and similar stuffed furnishings; lamps a","9404'","Mattress supports; articles of bedding and similar furnishing (for example, mattresses, quilts, eide","940410'"," - Mattress supports","8","1","R","0","0","","","","0","0","0","0","0","0"
"5490","","HS 2007","Harmonized System 2007","Gabon","266'","2019","1","94042100'","  "," -- En caoutchouc alv?olaire ou en mati?res plastiques alv?olaires, recouverts ou non","94'","Furniture; bedding, mattresses, mattress supports, cushions and similar stuffed furnishings; lamps a","9404'","Mattress supports; articles of bedding and similar furnishing (for example, mattresses, quilts, eide","940421'"," -- Of cellular rubber or plastics, whether or not covered","8","1","R","0","0","","","","0","0","0","0","0","0"
"5491","","HS 2007","Harmonized System 2007","Gabon","266'","2019","1","94042900'","  "," -- En autres mati?res","94'","Furniture; bedding, mattresses, mattress supports, cushions and similar stuffed furnishings; lamps a","9404'","Mattress supports; articles of bedding and similar furnishing (for example, mattresses, quilts, eide","940429'"," -- Of other materials","8","1","R","0","0","","","","0","0","0","0","0","0"
"5492","","HS 2007","Harmonized System 2007","Gabon","266'","2019","1","94043000'","  "," - Sacs de couchage","94'","Furniture; bedding, mattresses, mattress supports, cushions and similar stuffed furnishings; lamps a","9404'","Mattress supports; articles of bedding and similar furnishing (for example, mattresses, quilts, eide","940430'"," - Sleeping bags","8","1","R","0","0","","","","0","0","0","0","0","0"
"5493","","HS 2007","Harmonized System 2007","Gabon","266'","2019","1","94049000'","  "," - Autres","94'","Furniture; bedding, mattresses, mattress supports, cushions and similar stuffed furnishings; lamps a","9404'","Mattress supports; articles of bedding and similar furnishing (for example, mattresses, quilts, eide","940490'"," - Other","8","1","R","0","0","","","","0","0","0","0","0","0"
"5494","","HS 2007","Harmonized System 2007","Gabon","266'","2019","1","94051000'","  "," - Lustres et autres appareils d'?clairage ?lectriques ? suspendre ou ? fixer au plafond ou au mur, ? l'exclusion de ceux des types utilis?s pour l'?clairage des espaces ou voies publiques","94'","Furniture; bedding, mattresses, mattress supports, cushions and similar stuffed furnishings; lamps a","9405'","Lamps and lighting fittings including searchlights and spotlights and parts thereof, not elsewhere s","940510'"," - Chandeliers and other electric ceiling or wall lighting fittings, excluding those of a kind used f","8","1","R","0","0","","","","0","0","0","0","0","0"
"5495","","HS 2007","Harmonized System 2007","Gabon","266'","2019","1","94052000'","  "," - Lampes de chevet, lampes de bureau et lampadaires d'int?rieur, ?lectriques","94'","Furniture; bedding, mattresses, mattress supports, cushions and similar stuffed furnishings; lamps a","9405'","Lamps and lighting fittings including searchlights and spotlights and parts thereof, not elsewhere s","940520'"," - Electric table, desk, bedside or floor-standing lamps","8","1","R","0","0","","","","0","0","0","0","0","0"
"5496","","HS 2007","Harmonized System 2007","Gabon","266'","2019","1","94053000'","  "," - Guirlandes ?lectriques des types utilis?s pour les arbres de No?l","94'","Furniture; bedding, mattresses, mattress supports, cushions and similar stuffed furnishings; lamps a","9405'","Lamps and lighting fittings including searchlights and spotlights and parts thereof, not elsewhere s","940530'"," - Lighting sets of a kind used for Christmas trees","8","1","R","0","0","","","","0","0","0","0","0","0"
"5497","","HS 2007","Harmonized System 2007","Gabon","266'","2019","1","94054010'","  "," Projecteurs","94'","Furniture; bedding, mattresses, mattress supports, cushions and similar stuffed furnishings; lamps a","9405'","Lamps and lighting fittings including searchlights and spotlights and parts thereof, not elsewhere s","940540'"," - Other electric lamps and lighting fittings","8","1","R","0","0","","","","0","0","0","0","0","0"
"5498","","HS 2007","Harmonized System 2007","Gabon","266'","2019","1","94054090'","  "," Appareils d'eclairage electrique autres que ceux du 940510 ? 94054010","94'","Furniture; bedding, mattresses, mattress supports, cushions and similar stuffed furnishings; lamps a","9405'","Lamps and lighting fittings including searchlights and spotlights and parts thereof, not elsewhere s","940540'"," - Other electric lamps and lighting fittings","8","1","R","0","0","","","","0","0","0","0","0","0"
"5499","","HS 2007","Harmonized System 2007","Gabon","266'","2019","1","94055010'","  "," Lampes-temp?tes","94'","Furniture; bedding, mattresses, mattress supports, cushions and similar stuffed furnishings; lamps a","9405'","Lamps and lighting fittings including searchlights and spotlights and parts thereof, not elsewhere s","940550'"," - Non-electrical lamps and lighting fittings","8","1","R","0","0","","","","0","0","0","0","0","0"
"5500","","HS 2007","Harmonized System 2007","Gabon","266'","2019","1","94055020'","  "," lampes ? pression","94'","Furniture; bedding, mattresses, mattress supports, cushions and similar stuffed furnishings; lamps a","9405'","Lamps and lighting fittings including searchlights and spotlights and parts thereof, not elsewhere s","940550'"," - Non-electrical lamps and lighting fittings","8","1","R","0","0","","","","0","0","0","0","0","0"
"5501","","HS 2007","Harmonized System 2007","Gabon","266'","2019","1","94055090'","  "," appareils d'eclairages electrique autres que ceux du 94055010 ? 94055020","94'","Furniture; bedding, mattresses, mattress supports, cushions and similar stuffed furnishings; lamps a","9405'","Lamps and lighting fittings including searchlights and spotlights and parts thereof, not elsewhere s","940550'"," - Non-electrical lamps and lighting fittings","8","1","R","0","0","","","","0","0","0","0","0","0"
"5502","","HS 2007","Harmonized System 2007","Gabon","266'","2019","1","94056000'","  "," - Lampes-r?clames, enseignes lumineuses, plaques indicatrices lumineuses et articles similaires","94'","Furniture; bedding, mattresses, mattress supports, cushions and similar stuffed furnishings; lamps a","9405'","Lamps and lighting fittings including searchlights and spotlights and parts thereof, not elsewhere s","940560'"," - Illuminated signs, illuminated name-plates and the like","8","1","R","0","0","","","","0","0","0","0","0","0"
"5503","","HS 2007","Harmonized System 2007","Gabon","266'","2019","1","94059100'","  "," -- En verre","94'","Furniture; bedding, mattresses, mattress supports, cushions and similar stuffed furnishings; lamps a","9405'","Lamps and lighting fittings including searchlights and spotlights and parts thereof, not elsewhere s","940591'"," -- Of glass","8","1","R","0","0","","","","0","0","0","0","0","0"
"5504","","HS 2007","Harmonized System 2007","Gabon","266'","2019","1","94059200'","  "," -- En mati?res plastiques","94'","Furniture; bedding, mattresses, mattress supports, cushions and similar stuffed furnishings; lamps a","9405'","Lamps and lighting fittings including searchlights and spotlights and parts thereof, not elsewhere s","940592'"," -- Of plastics","8","1","R","0","0","","","","0","0","0","0","0","0"
"5505","","HS 2007","Harmonized System 2007","Gabon","266'","2019","1","94059900'","  "," -- Autres","94'","Furniture; bedding, mattresses, mattress supports, cushions and similar stuffed furnishings; lamps a","9405'","Lamps and lighting fittings including searchlights and spotlights and parts thereof, not elsewhere s","940599'"," -- Other","8","1","R","0","0","","","","0","0","0","0","0","0"
"5506","","HS 2007","Harmonized System 2007","Gabon","266'","2019","1","94060000'","  "," Constructions pr?fabriqu?es.","94'","Furniture; bedding, mattresses, mattress supports, cushions and similar stuffed furnishings; lamps a","9406'","Prefabricated buildings.","940600'"," Prefabricated buildings.","8","1","R","0","0","","","","0","0","0","0","0","0"
"5507","","HS 2007","Harmonized System 2007","Gabon","266'","2019","1","95030000'","  "," Tricycles, trottinettes, autos ? p?dales et jouets ? roues similaires; landaus et poussettes pour poup?es; poup?es; autres jouets ; mod?les r?duits et mod?les similaires pour le divertissement, anim?s ou non; puzzles de tout genre.","95'","Toys, games and sports requisites; parts and accessories thereof","9503'","Tricycles, scooters, pedal cars and similar wheeled toys; dolls' carriages; dolls; other toys; reduc","950300'"," Tricycles, scooters, pedal cars and similar wheeled toys; dolls' carriages; dolls; other toys; reduc","8","1","R","0","0","","","","0","0","0","0","0","0"
"5508","","HS 2007","Harmonized System 2007","Gabon","266'","2019","1","95041000'","  "," - Jeux vid?o des types utilisables avec un r?cepteur de t?l?vision","95'","Toys, games and sports requisites; parts and accessories thereof","9504'","Articles for funfair, table or parlour games, including pintables, billiards, special tables for cas","950410'"," - Video games of a kind used with a television receiver","8","1","R","0","0","","","","0","0","0","0","0","0"
"5509","","HS 2007","Harmonized System 2007","Gabon","266'","2019","1","95042000'","  "," - Billards de tout genre et leurs accessoires","95'","Toys, games and sports requisites; parts and accessories thereof","9504'","Articles for funfair, table or parlour games, including pintables, billiards, special tables for cas","950420'"," - Articles and accessories for billiards of all kinds","8","1","R","0","0","","","","0","0","0","0","0","0"
"5510","","HS 2007","Harmonized System 2007","Gabon","266'","2019","1","95043000'","  "," - Autres jeux fonctionnant par l'introduction d'une pi?ce de monnaie, d'un billet de banque, d'une carte bancaire, d'un jeton ou par d'autres moyens de paiement, ? l'exclusion des jeux de quilles automatiques (bowlings).","95'","Toys, games and sports requisites; parts and accessories thereof","9504'","Articles for funfair, table or parlour games, including pintables, billiards, special tables for cas","950430'"," - Other games, operated by coins, banknotes, bank cards, tokens or by other means of payment, other ","8","1","R","0","0","","","","0","0","0","0","0","0"
"5511","","HS 2007","Harmonized System 2007","Gabon","266'","2019","1","95044000'","  "," - Cartes ? jouer","95'","Toys, games and sports requisites; parts and accessories thereof","9504'","Articles for funfair, table or parlour games, including pintables, billiards, special tables for cas","950440'"," - Playing cards","8","1","R","0","0","","","","0","0","0","0","0","0"
"5512","","HS 2007","Harmonized System 2007","Gabon","266'","2019","1","95049000'","  "," - Autres","95'","Toys, games and sports requisites; parts and accessories thereof","9504'","Articles for funfair, table or parlour games, including pintables, billiards, special tables for cas","950490'"," - Other","8","1","R","0","0","","","","0","0","0","0","0","0"
"5513","","HS 2007","Harmonized System 2007","Gabon","266'","2019","1","95051000'","  "," - Articles pour f?tes de No?l","95'","Toys, games and sports requisites; parts and accessories thereof","9505'","Festive, carnival or other entertainment articles, including conjuring tricks and novelty jokes.","950510'"," - Articles for Christmas festivities","8","1","R","0","0","","","","0","0","0","0","0","0"
"5514","","HS 2007","Harmonized System 2007","Gabon","266'","2019","1","95059000'","  "," - Autres","95'","Toys, games and sports requisites; parts and accessories thereof","9505'","Festive, carnival or other entertainment articles, including conjuring tricks and novelty jokes.","950590'"," - Other","8","1","R","0","0","","","","0","0","0","0","0","0"
"5515","","HS 2007","Harmonized System 2007","Gabon","266'","2019","1","95061100'","  "," -- Skis","95'","Toys, games and sports requisites; parts and accessories thereof","9506'","Articles and equipment for general physical exercise, gymnastics, athletics, other sports (including","950611'"," -- Skis","8","1","R","0","0","","","","0","0","0","0","0","0"
"5516","","HS 2007","Harmonized System 2007","Gabon","266'","2019","1","95061200'","  "," -- Fixations pour skis","95'","Toys, games and sports requisites; parts and accessories thereof","9506'","Articles and equipment for general physical exercise, gymnastics, athletics, other sports (including","950612'"," -- Ski-fastenings (ski-bindings)","8","1","R","0","0","","","","0","0","0","0","0","0"
"5517","","HS 2007","Harmonized System 2007","Gabon","266'","2019","1","95061900'","  "," -- Autres","95'","Toys, games and sports requisites; parts and accessories thereof","9506'","Articles and equipment for general physical exercise, gymnastics, athletics, other sports (including","950619'"," -- Other","8","1","R","0","0","","","","0","0","0","0","0","0"
"5518","","HS 2007","Harmonized System 2007","Gabon","266'","2019","1","95062100'","  "," -- Planches ? voile","95'","Toys, games and sports requisites; parts and accessories thereof","9506'","Articles and equipment for general physical exercise, gymnastics, athletics, other sports (including","950621'"," -- Sailboards","8","1","R","0","0","","","","0","0","0","0","0","0"
"5519","","HS 2007","Harmonized System 2007","Gabon","266'","2019","1","95062900'","  "," -- Autres","95'","Toys, games and sports requisites; parts and accessories thereof","9506'","Articles and equipment for general physical exercise, gymnastics, athletics, other sports (including","950629'"," -- Other","8","1","R","0","0","","","","0","0","0","0","0","0"
"5520","","HS 2007","Harmonized System 2007","Gabon","266'","2019","1","95063100'","  "," -- Clubs complets","95'","Toys, games and sports requisites; parts and accessories thereof","9506'","Articles and equipment for general physical exercise, gymnastics, athletics, other sports (including","950631'"," -- Clubs, complete","8","1","R","0","0","","","","0","0","0","0","0","0"
"5521","","HS 2007","Harmonized System 2007","Gabon","266'","2019","1","95063200'","  "," -- Balles","95'","Toys, games and sports requisites; parts and accessories thereof","9506'","Articles and equipment for general physical exercise, gymnastics, athletics, other sports (including","950632'"," -- Balls","8","1","R","0","0","","","","0","0","0","0","0","0"
"5522","","HS 2007","Harmonized System 2007","Gabon","266'","2019","1","95063900'","  "," -- Autres","95'","Toys, games and sports requisites; parts and accessories thereof","9506'","Articles and equipment for general physical exercise, gymnastics, athletics, other sports (including","950639'"," -- Other","8","1","R","0","0","","","","0","0","0","0","0","0"
"5523","","HS 2007","Harmonized System 2007","Gabon","266'","2019","1","95064000'","  "," - Articles et mat?riel pour le tennis de table","95'","Toys, games and sports requisites; parts and accessories thereof","9506'","Articles and equipment for general physical exercise, gymnastics, athletics, other sports (including","950640'"," - Articles and equipment for table-tennis","8","1","R","0","0","","","","0","0","0","0","0","0"
"5524","","HS 2007","Harmonized System 2007","Gabon","266'","2019","1","95065100'","  "," -- Raquettes de tennis, m?me non cord?es","95'","Toys, games and sports requisites; parts and accessories thereof","9506'","Articles and equipment for general physical exercise, gymnastics, athletics, other sports (including","950651'"," -- Lawn-tennis rackets, whether or not strung","8","1","R","0","0","","","","0","0","0","0","0","0"
"5525","","HS 2007","Harmonized System 2007","Gabon","266'","2019","1","95065900'","  "," -- Autres","95'","Toys, games and sports requisites; parts and accessories thereof","9506'","Articles and equipment for general physical exercise, gymnastics, athletics, other sports (including","950659'"," -- Other","8","1","R","0","0","","","","0","0","0","0","0","0"
"5526","","HS 2007","Harmonized System 2007","Gabon","266'","2019","1","95066100'","  "," -- Balles de tennis","95'","Toys, games and sports requisites; parts and accessories thereof","9506'","Articles and equipment for general physical exercise, gymnastics, athletics, other sports (including","950661'"," -- Lawn-tennis balls","8","1","R","0","0","","","","0","0","0","0","0","0"
"5527","","HS 2007","Harmonized System 2007","Gabon","266'","2019","1","95066200'","  "," -- Gonflables","95'","Toys, games and sports requisites; parts and accessories thereof","9506'","Articles and equipment for general physical exercise, gymnastics, athletics, other sports (including","950662'"," -- Inflatable","8","1","R","0","0","","","","0","0","0","0","0","0"
"5528","","HS 2007","Harmonized System 2007","Gabon","266'","2019","1","95066900'","  "," -- Autres","95'","Toys, games and sports requisites; parts and accessories thereof","9506'","Articles and equipment for general physical exercise, gymnastics, athletics, other sports (including","950669'"," -- Other","8","1","R","0","0","","","","0","0","0","0","0","0"
"5529","","HS 2007","Harmonized System 2007","Gabon","266'","2019","1","95067000'","  "," - Patins ? glace et patins ? roulettes, y compris les chaussures auxquelles sont fix?s des patins","95'","Toys, games and sports requisites; parts and accessories thereof","9506'","Articles and equipment for general physical exercise, gymnastics, athletics, other sports (including","950670'"," - Ice skates and roller skates, including skating boots with skates attached","8","1","R","0","0","","","","0","0","0","0","0","0"
"5530","","HS 2007","Harmonized System 2007","Gabon","266'","2019","1","95069100'","  "," -- Articles et mat?riel pour la culture physique, la gymnastique ou l'athl?tisme","95'","Toys, games and sports requisites; parts and accessories thereof","9506'","Articles and equipment for general physical exercise, gymnastics, athletics, other sports (including","950691'"," -- Articles and equipment for general physical exercise, gymnastics or athletics","8","1","R","0","0","","","","0","0","0","0","0","0"
"5531","","HS 2007","Harmonized System 2007","Gabon","266'","2019","1","95069900'","  "," -- Autres","95'","Toys, games and sports requisites; parts and accessories thereof","9506'","Articles and equipment for general physical exercise, gymnastics, athletics, other sports (including","950699'"," -- Other","8","1","R","0","0","","","","0","0","0","0","0","0"
"5532","","HS 2007","Harmonized System 2007","Gabon","266'","2019","1","95071000'","  "," - Cannes ? p?che","95'","Toys, games and sports requisites; parts and accessories thereof","9507'","Fishing rods, fish-hooks and other line fishing tackle; fish landing nets, butterfly nets and simila","950710'"," - Fishing rods","8","1","R","0","0","","","","0","0","0","0","0","0"
"5533","","HS 2007","Harmonized System 2007","Gabon","266'","2019","1","95072000'","  "," - Hame?ons, m?me mont?s sur avan?ons","95'","Toys, games and sports requisites; parts and accessories thereof","9507'","Fishing rods, fish-hooks and other line fishing tackle; fish landing nets, butterfly nets and simila","950720'"," - Fish-hooks, whether or not snelled","8","1","R","0","0","","","","0","0","0","0","0","0"
"5534","","HS 2007","Harmonized System 2007","Gabon","266'","2019","1","95073000'","  "," - Moulinets pour la p?che","95'","Toys, games and sports requisites; parts and accessories thereof","9507'","Fishing rods, fish-hooks and other line fishing tackle; fish landing nets, butterfly nets and simila","950730'"," - Fishing reels","8","1","R","0","0","","","","0","0","0","0","0","0"
"5535","","HS 2007","Harmonized System 2007","Gabon","266'","2019","1","95079000'","  "," - Autres","95'","Toys, games and sports requisites; parts and accessories thereof","9507'","Fishing rods, fish-hooks and other line fishing tackle; fish landing nets, butterfly nets and simila","950790'"," - Other","8","1","R","0","0","","","","0","0","0","0","0","0"
"5536","","HS 2007","Harmonized System 2007","Gabon","266'","2019","1","95081000'","  "," - Cirques ambulants et m?nageries ambulantes","95'","Toys, games and sports requisites; parts and accessories thereof","9508'","Roundabouts, swings, shooting galleries and other fairground amusements; travelling circuses and tra","950810'"," - Travelling circuses and travelling menageries","8","1","R","0","0","","","","0","0","0","0","0","0"
"5537","","HS 2007","Harmonized System 2007","Gabon","266'","2019","1","95089000'","  "," - Autres","95'","Toys, games and sports requisites; parts and accessories thereof","9508'","Roundabouts, swings, shooting galleries and other fairground amusements; travelling circuses and tra","950890'"," - Other","8","1","R","0","0","","","","0","0","0","0","0","0"
"5538","","HS 2007","Harmonized System 2007","Gabon","266'","2019","1","96011000'","  "," - Ivoire travaill? et ouvrages en ivoire","96'","Miscellaneous manufactured articles","9601'","Worked ivory, bone, tortoise-shell, horn, antlers, coral, mother-of-pearl and other animal carving m","960110'"," - Worked ivory and articles of ivory","8","1","R","0","0","","","","0","0","0","0","0","0"
"5539","","HS 2007","Harmonized System 2007","Gabon","266'","2019","1","96019000'","  "," - Autres","96'","Miscellaneous manufactured articles","9601'","Worked ivory, bone, tortoise-shell, horn, antlers, coral, mother-of-pearl and other animal carving m","960190'"," - Other","8","1","R","0","0","","","","0","0","0","0","0","0"
"5540","","HS 2007","Harmonized System 2007","Gabon","266'","2019","1","96020000'","  "," Mati?res v?g?tales ou min?rales ? tailler, travaill?es, et ouvrages en ces mati?res; ouvrages moul?s ou taill?s en cire, en paraffine, en st?arine, en gommes ou r?sines naturelles, en p?tes ? modeler, et autres ouvrages moul?s ou taill?s, non d?","96'","Miscellaneous manufactured articles","9602'","Worked vegetable or mineral carving material and articles of these materials; moulded or carved arti","960200'"," Worked vegetable or mineral carving material and articles of these materials; moulded or carved arti","8","1","R","0","0","","","","0","0","0","0","0","0"
"5541","","HS 2007","Harmonized System 2007","Gabon","266'","2019","1","96031000'","  "," - Balais et balayettes consistant en brindilles ou autres mati?res v?g?tales en bottes li?es, emmanch?s ou non","96'","Miscellaneous manufactured articles","9603'","Brooms, brushes (including brushes constituting parts of machines, appliances or vehicles), hand-ope","960310'"," - Brooms and brushes, consisting of twigs or other vegetable materials bound together, with or witho","8","1","R","0","0","","","","0","0","0","0","0","0"
"5542","","HS 2007","Harmonized System 2007","Gabon","266'","2019","1","96032100'","  "," -- Brosses ? dents, y compris les brosses ? dentiers","96'","Miscellaneous manufactured articles","9603'","Brooms, brushes (including brushes constituting parts of machines, appliances or vehicles), hand-ope","960321'"," -- Tooth brushes, including dental-plate brushes","8","1","R","0","0","","","","0","0","0","0","0","0"
"5543","","HS 2007","Harmonized System 2007","Gabon","266'","2019","1","96032900'","  "," -- Autres","96'","Miscellaneous manufactured articles","9603'","Brooms, brushes (including brushes constituting parts of machines, appliances or vehicles), hand-ope","960329'"," -- Other","8","1","R","0","0","","","","0","0","0","0","0","0"
"5544","","HS 2007","Harmonized System 2007","Gabon","266'","2019","1","96033000'","  "," - Pinceaux et brosses pour artistes, pinceaux ? ?crire et pinceaux similaires pour l'application des produits cosm?tiques","96'","Miscellaneous manufactured articles","9603'","Brooms, brushes (including brushes constituting parts of machines, appliances or vehicles), hand-ope","960330'"," - Artists' brushes, writing brushes and similar brushes for the application of cosmetics","8","1","R","0","0","","","","0","0","0","0","0","0"
"5545","","HS 2007","Harmonized System 2007","Gabon","266'","2019","1","96034000'","  "," - Brosses et pinceaux ? peindre, ? badigeonner, ? vernir ou similaires (autres que les pinceaux du n? 9603.30); tampons et rouleaux ? peindre","96'","Miscellaneous manufactured articles","9603'","Brooms, brushes (including brushes constituting parts of machines, appliances or vehicles), hand-ope","960340'"," - Paint, distemper, varnish or similar brushes (other than brushes of subheading 9603.30); paint pad","8","1","R","0","0","","","","0","0","0","0","0","0"
"5546","","HS 2007","Harmonized System 2007","Gabon","266'","2019","1","96035000'","  "," - Autres brosses constituant des parties de machines, d'appareils ou de v?hicules","96'","Miscellaneous manufactured articles","9603'","Brooms, brushes (including brushes constituting parts of machines, appliances or vehicles), hand-ope","960350'"," - Other brushes constituting parts of machines, appliances or vehicles","8","1","R","0","0","","","","0","0","0","0","0","0"
"5547","","HS 2007","Harmonized System 2007","Gabon","266'","2019","1","96039010'","  "," T?tes pr?par?es pour articles de brosserie","96'","Miscellaneous manufactured articles","9603'","Brooms, brushes (including brushes constituting parts of machines, appliances or vehicles), hand-ope","960390'"," - Other","8","1","R","0","0","","","","0","0","0","0","0","0"
"5548","","HS 2007","Harmonized System 2007","Gabon","266'","2019","1","96039090'","  "," articles de brosserie et similaires autres que ceux du 96039010","96'","Miscellaneous manufactured articles","9603'","Brooms, brushes (including brushes constituting parts of machines, appliances or vehicles), hand-ope","960390'"," - Other","8","1","R","0","0","","","","0","0","0","0","0","0"
"5549","","HS 2007","Harmonized System 2007","Gabon","266'","2019","1","96040000'","  "," Tamis et cribles, ? main.","96'","Miscellaneous manufactured articles","9604'","Hand sieves and hand riddles.","960400'"," Hand sieves and hand riddles.","8","1","R","0","0","","","","0","0","0","0","0","0"
"5550","","HS 2007","Harmonized System 2007","Gabon","266'","2019","1","96050000'","  "," Assortiments de voyage pour la toilette des personnes, la couture ou le nettoyage des chaussures ou des v?tements.","96'","Miscellaneous manufactured articles","9605'","Travel sets for personal toilet, sewing or shoe or clothes cleaning.","960500'"," Travel sets for personal toilet, sewing or shoe or clothes cleaning.","8","1","R","0","0","","","","0","0","0","0","0","0"
"5551","","HS 2007","Harmonized System 2007","Gabon","266'","2019","1","96061000'","  "," - Boutons-pression et leurs parties","96'","Miscellaneous manufactured articles","9606'","Buttons, press-fasteners, snap-fasteners and press-studs, button moulds and other parts of these art","960610'"," - Press-fasteners, snap-fasteners and press-studs and parts therefor","8","1","R","0","0","","","","0","0","0","0","0","0"
"5552","","HS 2007","Harmonized System 2007","Gabon","266'","2019","1","96062100'","  "," -- En mati?res plastiques, non recouverts de mati?res textiles","96'","Miscellaneous manufactured articles","9606'","Buttons, press-fasteners, snap-fasteners and press-studs, button moulds and other parts of these art","960621'"," -- Of plastics, not covered with textile material","8","1","R","0","0","","","","0","0","0","0","0","0"
"5553","","HS 2007","Harmonized System 2007","Gabon","266'","2019","1","96062200'","  "," -- En m?taux communs, non recouverts de mati?res textiles","96'","Miscellaneous manufactured articles","9606'","Buttons, press-fasteners, snap-fasteners and press-studs, button moulds and other parts of these art","960622'"," -- Of base metal, not covered with textile material","8","1","R","0","0","","","","0","0","0","0","0","0"
"5554","","HS 2007","Harmonized System 2007","Gabon","266'","2019","1","96062900'","  "," -- Autres","96'","Miscellaneous manufactured articles","9606'","Buttons, press-fasteners, snap-fasteners and press-studs, button moulds and other parts of these art","960629'"," -- Other","8","1","R","0","0","","","","0","0","0","0","0","0"
"5555","","HS 2007","Harmonized System 2007","Gabon","266'","2019","1","96063000'","  "," - Formes pour boutons et autres parties de boutons; ?bauches de boutons","96'","Miscellaneous manufactured articles","9606'","Buttons, press-fasteners, snap-fasteners and press-studs, button moulds and other parts of these art","960630'"," - Button moulds and other parts of buttons; button blanks","8","1","R","0","0","","","","0","0","0","0","0","0"
"5556","","HS 2007","Harmonized System 2007","Gabon","266'","2019","1","96071100'","  "," -- Avec agrafes en m?taux communs","96'","Miscellaneous manufactured articles","9607'","Slide fasteners and parts thereof.","960711'"," -- Fitted with chain scoops of base metal","8","1","R","0","0","","","","0","0","0","0","0","0"
"5557","","HS 2007","Harmonized System 2007","Gabon","266'","2019","1","96071900'","  "," -- Autres","96'","Miscellaneous manufactured articles","9607'","Slide fasteners and parts thereof.","960719'"," -- Other","8","1","R","0","0","","","","0","0","0","0","0","0"
"5558","","HS 2007","Harmonized System 2007","Gabon","266'","2019","1","96072000'","  "," - Parties","96'","Miscellaneous manufactured articles","9607'","Slide fasteners and parts thereof.","960720'"," - Parts","8","1","R","0","0","","","","0","0","0","0","0","0"
"5559","","HS 2007","Harmonized System 2007","Gabon","266'","2019","1","96081000'","  "," - Stylos et crayons ? bille","96'","Miscellaneous manufactured articles","9608'","Ball point pens; felt tipped and other porous-tipped pens and markers; fountain pens, stylograph pen","960810'"," - Ball point pens","8","1","R","0","0","","","","0","0","0","0","0","0"
"5560","","HS 2007","Harmonized System 2007","Gabon","266'","2019","1","96082000'","  "," - Stylos et marqueurs ? m?che feutre ou ? autres pointes poreuses","96'","Miscellaneous manufactured articles","9608'","Ball point pens; felt tipped and other porous-tipped pens and markers; fountain pens, stylograph pen","960820'"," - Felt tipped and other porous-tipped pens and markers","8","1","R","0","0","","","","0","0","0","0","0","0"
"5561","","HS 2007","Harmonized System 2007","Gabon","266'","2019","1","96083100'","  "," -- A dessiner ? encre de Chine","96'","Miscellaneous manufactured articles","9608'","Ball point pens; felt tipped and other porous-tipped pens and markers; fountain pens, stylograph pen","960831'"," -- Indian ink drawing pens","8","1","R","0","0","","","","0","0","0","0","0","0"
"5562","","HS 2007","Harmonized System 2007","Gabon","266'","2019","1","96083900'","  "," -- Autres","96'","Miscellaneous manufactured articles","9608'","Ball point pens; felt tipped and other porous-tipped pens and markers; fountain pens, stylograph pen","960839'"," -- Other","8","1","R","0","0","","","","0","0","0","0","0","0"
"5563","","HS 2007","Harmonized System 2007","Gabon","266'","2019","1","96084000'","  "," - Porte-mine","96'","Miscellaneous manufactured articles","9608'","Ball point pens; felt tipped and other porous-tipped pens and markers; fountain pens, stylograph pen","960840'"," - Propelling or sliding pencils","8","1","R","0","0","","","","0","0","0","0","0","0"
"5564","","HS 2007","Harmonized System 2007","Gabon","266'","2019","1","96085000'","  "," - Assortiments d'articles relevant d'au moins deux des sous-positions pr?cit?es","96'","Miscellaneous manufactured articles","9608'","Ball point pens; felt tipped and other porous-tipped pens and markers; fountain pens, stylograph pen","960850'"," - Sets of articles from two or more of the foregoing subheadings","8","1","R","0","0","","","","0","0","0","0","0","0"
"5565","","HS 2007","Harmonized System 2007","Gabon","266'","2019","1","96086000'","  "," - Cartouches de rechange pour stylos ou crayons ? bille, associ?es ? leur pointe","96'","Miscellaneous manufactured articles","9608'","Ball point pens; felt tipped and other porous-tipped pens and markers; fountain pens, stylograph pen","960860'"," - Refills for ball point pens, comprising the ball point and ink-reservoir","8","1","R","0","0","","","","0","0","0","0","0","0"
"5566","","HS 2007","Harmonized System 2007","Gabon","266'","2019","1","96089100'","  "," -- Plumes ? ?crire et becs pour plumes","96'","Miscellaneous manufactured articles","9608'","Ball point pens; felt tipped and other porous-tipped pens and markers; fountain pens, stylograph pen","960891'"," -- Pen nibs and nib points","8","1","R","0","0","","","","0","0","0","0","0","0"
"5567","","HS 2007","Harmonized System 2007","Gabon","266'","2019","1","96089910'","  "," Billes en carbure de tungst?ne","96'","Miscellaneous manufactured articles","9608'","Ball point pens; felt tipped and other porous-tipped pens and markers; fountain pens, stylograph pen","960899'"," -- Other","8","1","R","0","0","","","","0","0","0","0","0","0"
"5568","","HS 2007","Harmonized System 2007","Gabon","266'","2019","1","96089990'","  "," Articles du 9608 autres que ceux du 960810? 96089910","96'","Miscellaneous manufactured articles","9608'","Ball point pens; felt tipped and other porous-tipped pens and markers; fountain pens, stylograph pen","960899'"," -- Other","8","1","R","0","0","","","","0","0","0","0","0","0"
"5569","","HS 2007","Harmonized System 2007","Gabon","266'","2019","1","96091000'","  "," - Crayons ? gaine","96'","Miscellaneous manufactured articles","9609'","Pencils (other than pencils of heading 96.08), crayons, pencil leads, pastels, drawing charcoals, wr","960910'"," - Pencils and crayons, with leads encased in a rigid sheath","8","1","R","0","0","","","","0","0","0","0","0","0"
"5570","","HS 2007","Harmonized System 2007","Gabon","266'","2019","1","96092000'","  "," - Mines pour crayons ou porte-mine","96'","Miscellaneous manufactured articles","9609'","Pencils (other than pencils of heading 96.08), crayons, pencil leads, pastels, drawing charcoals, wr","960920'"," - Pencil leads, black or coloured","8","1","R","0","0","","","","0","0","0","0","0","0"
"5571","","HS 2007","Harmonized System 2007","Gabon","266'","2019","1","96099000'","  "," - Autres","96'","Miscellaneous manufactured articles","9609'","Pencils (other than pencils of heading 96.08), crayons, pencil leads, pastels, drawing charcoals, wr","960990'"," - Other","8","1","R","0","0","","","","0","0","0","0","0","0"
"5572","","HS 2007","Harmonized System 2007","Gabon","266'","2019","1","96100000'","  "," Ardoises et tableaux pour l'?criture ou le dessin, m?me encadr?s.","96'","Miscellaneous manufactured articles","9610'","Slates and boards, with writing or drawing surfaces, whether or not framed.","961000'"," Slates and boards, with writing or drawing surfaces, whether or not framed.","8","1","R","0","0","","","","0","0","0","0","0","0"
"5573","","HS 2007","Harmonized System 2007","Gabon","266'","2019","1","96110000'","  "," Dateurs, cachets, num?roteurs, timbres et articles similaires (y compris les appareils pour l'impression d'?tiquettes), ? main; composteurs et imprimeries comportant des composteurs, ? main.","96'","Miscellaneous manufactured articles","9611'","Date, sealing or numbering stamps, and the like (including devices for printing or embossing labels)","961100'"," Date, sealing or numbering stamps, and the like (including devices for printing or embossing labels)","8","1","R","0","0","","","","0","0","0","0","0","0"
"5574","","HS 2007","Harmonized System 2007","Gabon","266'","2019","1","96121000'","  "," - Rubans encreurs","96'","Miscellaneous manufactured articles","9612'","Typewriter or similar ribbons, inked or otherwise prepared for giving impressions, whether or not on","961210'"," - Ribbons","8","1","R","0","0","","","","0","0","0","0","0","0"
"5575","","HS 2007","Harmonized System 2007","Gabon","266'","2019","1","96122000'","  "," - Tampons encreurs","96'","Miscellaneous manufactured articles","9612'","Typewriter or similar ribbons, inked or otherwise prepared for giving impressions, whether or not on","961220'"," - Ink-pads","8","1","R","0","0","","","","0","0","0","0","0","0"
"5576","","HS 2007","Harmonized System 2007","Gabon","266'","2019","1","96131000'","  "," - Briquets de poche, ? gaz, non rechargeables","96'","Miscellaneous manufactured articles","9613'","Cigarette lighters and other lighters, whether or not mechanical or electrical, and parts thereof ot","961310'"," - Pocket lighters, gas fuelled, non-refillable","8","1","R","0","0","","","","0","0","0","0","0","0"
"5577","","HS 2007","Harmonized System 2007","Gabon","266'","2019","1","96132000'","  "," - Briquets de poche, ? gaz, rechargeables","96'","Miscellaneous manufactured articles","9613'","Cigarette lighters and other lighters, whether or not mechanical or electrical, and parts thereof ot","961320'"," - Pocket lighters, gas fuelled, refillable","8","1","R","0","0","","","","0","0","0","0","0","0"
"5578","","HS 2007","Harmonized System 2007","Gabon","266'","2019","1","96138000'","  "," - Autres briquets et allumeurs","96'","Miscellaneous manufactured articles","9613'","Cigarette lighters and other lighters, whether or not mechanical or electrical, and parts thereof ot","961380'"," - Other lighters","8","1","R","0","0","","","","0","0","0","0","0","0"
"5579","","HS 2007","Harmonized System 2007","Gabon","266'","2019","1","96139000'","  "," - Parties","96'","Miscellaneous manufactured articles","9613'","Cigarette lighters and other lighters, whether or not mechanical or electrical, and parts thereof ot","961390'"," - Parts","8","1","R","0","0","","","","0","0","0","0","0","0"
"5580","","HS 2007","Harmonized System 2007","Gabon","266'","2019","1","96140000'","  "," Pipes (y compris les t?tes de pipes), fume-cigare et fume-cigarette, et leurs parties.","96'","Miscellaneous manufactured articles","9614'","Smoking pipes (including pipe bowls) and cigar or cigarette holders, and parts thereof.","961400'"," Smoking pipes (including pipe bowls) and cigar or cigarette holders, and parts thereof.","8","1","R","0","0","","","","0","0","0","0","0","0"
"5581","","HS 2007","Harmonized System 2007","Gabon","266'","2019","1","96151100'","  "," -- En caoutchouc durci ou en mati?res plastiques","96'","Miscellaneous manufactured articles","9615'","Combs, hair-slides and the like; hairpins, curling pins, curling grips, hair-curlers and the like, o","961511'"," -- Of hard rubber or plastics","8","1","R","0","0","","","","0","0","0","0","0","0"
"5582","","HS 2007","Harmonized System 2007","Gabon","266'","2019","1","96151900'","  "," -- Autres","96'","Miscellaneous manufactured articles","9615'","Combs, hair-slides and the like; hairpins, curling pins, curling grips, hair-curlers and the like, o","961519'"," -- Other","8","1","R","0","0","","","","0","0","0","0","0","0"
"5583","","HS 2007","Harmonized System 2007","Gabon","266'","2019","1","96159000'","  "," - Autres","96'","Miscellaneous manufactured articles","9615'","Combs, hair-slides and the like; hairpins, curling pins, curling grips, hair-curlers and the like, o","961590'"," - Other","8","1","R","0","0","","","","0","0","0","0","0","0"
"5584","","HS 2007","Harmonized System 2007","Gabon","266'","2019","1","96161000'","  "," - Vaporisateurs de toilette, leurs montures et t?tes de montures","96'","Miscellaneous manufactured articles","9616'","Scent sprays and similar toilet sprays, and mounts and heads therefor; powder-puffs and pads for the","961610'"," - Scent sprays and similar toilet sprays, and mounts and heads therefor","8","1","R","0","0","","","","0","0","0","0","0","0"
"5585","","HS 2007","Harmonized System 2007","Gabon","266'","2019","1","96162000'","  "," - Houppes et houppettes ? poudre ou pour l'application d'autres cosm?tiques ou produits de toilette.","96'","Miscellaneous manufactured articles","9616'","Scent sprays and similar toilet sprays, and mounts and heads therefor; powder-puffs and pads for the","961620'"," - Powder-puffs and pads for the application of cosmetics or toilet preparations","8","1","R","0","0","","","","0","0","0","0","0","0"
"5586","","HS 2007","Harmonized System 2007","Gabon","266'","2019","1","96170000'","  "," Bouteilles isolantes et autres r?cipients isothermiques mont?s, dont l'isolation est assur?e par le vide, ainsi que leurs parties (? l'exclusion des ampoules en verre).","96'","Miscellaneous manufactured articles","9617'","Vacuum flasks and other vacuum vessels, complete with cases; parts thereof other than glass inners.","961700'"," Vacuum flasks and other vacuum vessels, complete with cases; parts thereof other than glass inners.","8","1","R","0","0","","","","0","0","0","0","0","0"
"5587","","HS 2007","Harmonized System 2007","Gabon","266'","2019","1","96180000'","  "," Mannequins et articles similaires; automates et sc?nes anim?es pour ?talages.","96'","Miscellaneous manufactured articles","9618'","Tailors' dummies and other lay figures; automata and other animated displays used for shop window dr","961800'"," Tailors' dummies and other lay figures; automata and other animated displays used for shop window dr","8","1","R","0","0","","","","0","0","0","0","0","0"
"5588","","HS 2007","Harmonized System 2007","Gabon","266'","2019","1","97011000'","  "," - Tableaux, peintures et dessins","97'","Works of art, collectors' pieces and antiques","9701'","Paintings, drawings and pastels, executed entirely by hand, other than drawings of heading 49.06 and","970110'"," - Paintings, drawings and pastels","8","1","R","0","0","","","","0","0","0","0","0","0"
"5589","","HS 2007","Harmonized System 2007","Gabon","266'","2019","1","97019000'","  "," - Autres","97'","Works of art, collectors' pieces and antiques","9701'","Paintings, drawings and pastels, executed entirely by hand, other than drawings of heading 49.06 and","970190'"," - Other","8","1","R","0","0","","","","0","0","0","0","0","0"
"5590","","HS 2007","Harmonized System 2007","Gabon","266'","2019","1","97020000'","  "," Gravures, estampes et lithographies originales.","97'","Works of art, collectors' pieces and antiques","9702'","Original engravings, prints and lithographs.","970200'"," Original engravings, prints and lithographs.","8","1","R","0","0","","","","0","0","0","0","0","0"
"5591","","HS 2007","Harmonized System 2007","Gabon","266'","2019","1","97030000'","  "," Productions originales de l'art statuaire ou de la sculpture, en toutes mati?res.","97'","Works of art, collectors' pieces and antiques","9703'","Original sculptures and statuary, in any material.","970300'"," Original sculptures and statuary, in any material.","8","1","R","0","0","","","","0","0","0","0","0","0"
"5592","","HS 2007","Harmonized System 2007","Gabon","266'","2019","1","97040000'","  "," Timbres-poste, timbres fiscaux, marques postales, enveloppes premier jour, entiers postaux et analogues, oblit?r?s, ou bien non oblit?r?s, autres que les articles du n??49.07.","97'","Works of art, collectors' pieces and antiques","9704'","Postage or revenue stamps, stamp-postmarks, first-day covers, postal stationery (stamped paper), and","970400'"," Postage or revenue stamps, stamp-postmarks, first-day covers, postal stationery (stamped paper), and","8","1","R","0","0","","","","0","0","0","0","0","0"
"5593","","HS 2007","Harmonized System 2007","Gabon","266'","2019","1","97050000'","  "," Collections et sp?cimens pour collections de zoologie, de botanique, de min?ralogie, d'anatomie, ou pr?sentant un int?r?t historique, arch?ologique, pal?ontologique, ethnographique ou numismatique.","97'","Works of art, collectors' pieces and antiques","9705'","Collections and collectors' pieces of zoological, botanical, mineralogical, anatomical, historical, ","970500'"," Collections and collectors' pieces of zoological, botanical, mineralogical, anatomical, historical, ","8","1","R","0","0","","","","0","0","0","0","0","0"
"5594","","HS 2007","Harmonized System 2007","Gabon","266'","2019","1","97060000'","  "," Objets d'antiquit? ayant plus de 100 ans d'?ge.","97'","Works of art, collectors' pieces and antiques","9706'","Antiques of an age exceeding one hundred years.","970600'"," Antiques of an age exceeding one hundred years.","8","1","R","0","0","","","","0","0","0","0","0","0"
